        0.032362       0.996094       0.003418       0.001426       0.000000       0.000000       0.000000       0.000000       0.000000       0.000000       0.000000       0.000000       0.000000       0.000000       0.000000       0.000000
        0.064725       0.996094       0.003418       0.004170       0.000000       0.000000       0.000000       0.000000       0.000000       0.000000       0.000000       0.000000       0.000000       0.000000       0.000000       0.000000
        0.097087       0.992188       0.007690       0.007539       0.000000       0.000000       0.000000       0.000000       0.000000       0.000000       0.000000       0.000000       0.000000       0.000000       0.000000       0.000000
        0.129450       0.988281       0.011536       0.011324       0.000000       0.000000       0.000000       0.000000       0.000000       0.000000       0.000000       0.000000       0.000000       0.000000       0.000000       0.000000
        0.161812       0.984375       0.015381       0.015250       0.000000       0.000000       0.000000       0.000000       0.000000       0.000000       0.000000       0.000000       0.000000       0.000000       0.000000       0.000000
        0.194175       0.980469       0.019226       0.019103       0.000000       0.000000       0.000000       0.000000       0.000000       0.000000       0.000000       0.000000       0.000000       0.000000       0.000000       0.000000
        0.226537       0.977539       0.022724       0.022819       0.000000       0.000000       0.000000       0.000000       0.000000       0.000000       0.000000       0.000000       0.000000       0.000000       0.000000       0.000000
        0.258900       0.973877       0.026072       0.026192       0.000000       0.000000       0.000000       0.000000       0.000000       0.000000       0.000000       0.000000       0.000000       0.000000       0.000000       0.000000
        0.291262       0.970703       0.029240       0.029235       0.000000       0.000000       0.000000       0.000000       0.000000       0.000000       0.000000       0.000000       0.000000       0.000000       0.000000       0.000000
        0.323625       0.968018       0.031920       0.031982       0.000000       0.000000       0.000000       0.000000       0.000000       0.000000       0.000000       0.000000       0.000000       0.000000       0.000000       0.000000
        0.355987       0.965820       0.034347       0.034407       0.000000       0.000000       0.000000       0.000000       0.000000       0.000000       0.000000       0.000000       0.000000       0.000000       0.000000       0.000000
        0.388350       0.963379       0.036550       0.036470       0.000000       0.000000       0.000000       0.000000       0.000000       0.000000       0.000000       0.000000       0.000000       0.000000       0.000000       0.000000
        0.420712       0.961670       0.038255       0.038336       0.000000       0.000000       0.000000       0.000000       0.000000       0.000000       0.000000       0.000000       0.000000       0.000000       0.000000       0.000000
        0.453074       0.959961       0.039961       0.039880       0.000000       0.000000       0.000000       0.000000       0.000000       0.000000       0.000000       0.000000       0.000000       0.000000       0.000000       0.000000
        0.485437       0.958740       0.041179       0.041292       0.000000       0.000000       0.000000       0.000000       0.000000       0.000000       0.000000       0.000000       0.000000       0.000000       0.000000       0.000000
        0.517799       0.957520       0.042397       0.042457       0.000000       0.000000       0.000000       0.000000       0.000000       0.000000       0.000000       0.000000       0.000000       0.000000       0.000000       0.000000
        0.550162       0.956543       0.043521       0.043472       0.000000       0.000000       0.000000       0.000000       0.000000       0.000000       0.000000       0.000000       0.000000       0.000000       0.000000       0.000000
        0.582524       0.955566       0.044347       0.044352       0.000000       0.000000       0.000000       0.000000       0.000000       0.000000       0.000000       0.000000       0.000000       0.000000       0.000000       0.000000
        0.614887       0.954834       0.045078       0.045153       0.000000       0.000000       0.000000       0.000000       0.000000       0.000000       0.000000       0.000000       0.000000       0.000000       0.000000       0.000000
        0.647249       0.954102       0.045809       0.045838       0.000000       0.000000       0.000000       0.000000       0.000000       0.000000       0.000000       0.000000       0.000000       0.000000       0.000000       0.000000
        0.679612       0.953613       0.046455       0.046478       0.000000       0.000000       0.000000       0.000000       0.000000       0.000000       0.000000       0.000000       0.000000       0.000000       0.000000       0.000000
        0.711974       0.953003       0.047066       0.047051       0.000000       0.000000       0.000000       0.000000       0.000000       0.000000       0.000000       0.000000       0.000000       0.000000       0.000000       0.000000
        0.744337       0.952271       0.047799       0.047526       0.000296       0.000000       0.000000       0.000000       0.000000       0.000000       0.000000       0.000000       0.000000       0.000000       0.000000       0.000000
        0.776699       0.951416       0.048655       0.047920       0.000813       0.000000       0.000000       0.000000       0.000000       0.000000       0.000000       0.000000       0.000000       0.000000       0.000000       0.000000
        0.809062       0.950439       0.049633       0.048245       0.001417       0.000000       0.000000       0.000000       0.000000       0.000000       0.000000       0.000000       0.000000       0.000000       0.000000       0.000000
        0.841424       0.949463       0.050611       0.048562       0.002079       0.000000       0.000000       0.000000       0.000000       0.000000       0.000000       0.000000       0.000000       0.000000       0.000000       0.000000
        0.873786       0.948364       0.051623       0.048857       0.002771       0.000000       0.000000       0.000000       0.000000       0.000000       0.000000       0.000000       0.000000       0.000000       0.000000       0.000000
        0.906149       0.947327       0.052660       0.049159       0.003490       0.000000       0.000000       0.000000       0.000000       0.000000       0.000000       0.000000       0.000000       0.000000       0.000000       0.000000
        0.938511       0.946289       0.053698       0.049475       0.004229       0.000000       0.000000       0.000000       0.000000       0.000000       0.000000       0.000000       0.000000       0.000000       0.000000       0.000000
        0.970874       0.945190       0.054796       0.049783       0.004974       0.000000       0.000000       0.000000       0.000000       0.000000       0.000000       0.000000       0.000000       0.000000       0.000000       0.000000
        1.003236       0.944092       0.055895       0.050108       0.005731       0.000000       0.000000       0.000000       0.000000       0.000000       0.000000       0.000000       0.000000       0.000000       0.000000       0.000000
        1.035599       0.942993       0.056993       0.050444       0.006494       0.000000       0.000000       0.000000       0.000000       0.000000       0.000000       0.000000       0.000000       0.000000       0.000000       0.000000
        1.067961       0.941956       0.058030       0.050791       0.007261       0.000000       0.000000       0.000000       0.000000       0.000000       0.000000       0.000000       0.000000       0.000000       0.000000       0.000000
        1.100324       0.940918       0.059068       0.051094       0.008002       0.000000       0.000000       0.000000       0.000000       0.000000       0.000000       0.000000       0.000000       0.000000       0.000000       0.000000
        1.132686       0.939941       0.060044       0.051306       0.008686       0.000000       0.000000       0.000000       0.000000       0.000000       0.000000       0.000000       0.000000       0.000000       0.000000       0.000000
        1.165049       0.939209       0.060776       0.051479       0.009339       0.000000       0.000000       0.000000       0.000000       0.000000       0.000000       0.000000       0.000000       0.000000       0.000000       0.000000
        1.197411       0.938538       0.061447       0.051545       0.009921       0.000000       0.000000       0.000000       0.000000       0.000000       0.000000       0.000000       0.000000       0.000000       0.000000       0.000000
        1.229774       0.937988       0.061997       0.051566       0.010462       0.000000       0.000000       0.000000       0.000000       0.000000       0.000000       0.000000       0.000000       0.000000       0.000000       0.000000
        1.262136       0.937500       0.062485       0.051546       0.010965       0.000000       0.000000       0.000000       0.000000       0.000000       0.000000       0.000000       0.000000       0.000000       0.000000       0.000000
        1.294498       0.937012       0.062973       0.051491       0.011432       0.000000       0.000000       0.000000       0.000000       0.000000       0.000000       0.000000       0.000000       0.000000       0.000000       0.000000
        1.326861       0.936646       0.063339       0.051444       0.011891       0.000000       0.000000       0.000000       0.000000       0.000000       0.000000       0.000000       0.000000       0.000000       0.000000       0.000000
        1.359223       0.936279       0.063705       0.051387       0.012329       0.000000       0.000000       0.000000       0.000000       0.000000       0.000000       0.000000       0.000000       0.000000       0.000000       0.000000
        1.391586       0.934326       0.064704       0.051106       0.012613       0.000000       0.000000       0.000000       0.000000       0.000000       0.000000       0.000000       0.000000       0.000000       0.000959       0.000000
        1.423948       0.922180       0.069688       0.049490       0.012041       0.000000       0.000000       0.000000       0.000000       0.000000       0.000000       0.000000       0.000000       0.000000       0.008123       0.000000
        1.456311       0.909058       0.075029       0.047771       0.011388       0.000000       0.000000       0.000000       0.000000       0.000000       0.000000       0.000000       0.000000       0.000000       0.015883       0.000000
        1.488673       0.895935       0.080431       0.046051       0.010720       0.000000       0.000000       0.000000       0.000000       0.000000       0.000000       0.000000       0.000000       0.000000       0.023636       0.000000
        1.521036       0.882935       0.085727       0.044383       0.010071       0.000000       0.000000       0.000000       0.000000       0.000000       0.000000       0.000000       0.000000       0.000000       0.031306       0.000000
        1.553398       0.870270       0.090955       0.042767       0.009441       0.000000       0.000000       0.000000       0.000000       0.000000       0.000000       0.000000       0.000000       0.000000       0.038748       0.000000
        1.585761       0.857910       0.096054       0.041209       0.008836       0.000000       0.000000       0.000000       0.000000       0.000000       0.000000       0.000000       0.000000       0.000000       0.046015       0.000000
        1.618123       0.845886       0.101038       0.039711       0.008258       0.000000       0.000000       0.000000       0.000000       0.000000       0.000000       0.000000       0.000000       0.000000       0.053077       0.000000
        1.650485       0.834198       0.105903       0.038268       0.007705       0.000000       0.000000       0.000000       0.000000       0.000000       0.000000       0.000000       0.000000       0.000000       0.059914       0.000000
        1.682848       0.822815       0.110600       0.036894       0.007185       0.000000       0.000000       0.000000       0.000000       0.000000       0.000000       0.000000       0.000000       0.000000       0.066559       0.000000
        1.715210       0.811798       0.115205       0.035569       0.006687       0.000000       0.000000       0.000000       0.000000       0.000000       0.000000       0.000000       0.000000       0.000000       0.072970       0.000000
        1.747573       0.801117       0.119704       0.034295       0.006212       0.000000       0.000000       0.000000       0.000000       0.000000       0.000000       0.000000       0.000000       0.000000       0.079173       0.000000
        1.779935       0.790710       0.124090       0.033077       0.005765       0.000000       0.000000       0.000000       0.000000       0.000000       0.000000       0.000000       0.000000       0.000000       0.085217       0.000000
        1.812298       0.780609       0.128322       0.031906       0.005341       0.000000       0.000000       0.000000       0.000000       0.000000       0.000000       0.000000       0.000000       0.000000       0.091045       0.000000
        1.844660       0.770813       0.132460       0.030789       0.004942       0.000000       0.000000       0.000000       0.000000       0.000000       0.000000       0.000000       0.000000       0.000000       0.096734       0.000000
        1.877023       0.761292       0.136484       0.029716       0.004564       0.000000       0.000000       0.000000       0.000000       0.000000       0.000000       0.000000       0.000000       0.000000       0.102224       0.000000
        1.909385       0.752045       0.140421       0.028681       0.004205       0.000000       0.000000       0.000000       0.000000       0.000000       0.000000       0.000000       0.000000       0.000000       0.107521       0.000000
        1.941748       0.743042       0.144243       0.027692       0.003867       0.000000       0.000000       0.000000       0.000000       0.000000       0.000000       0.000000       0.000000       0.000000       0.112689       0.000000
        1.974110       0.734344       0.147990       0.026743       0.003549       0.000000       0.000000       0.000000       0.000000       0.000000       0.000000       0.000000       0.000000       0.000000       0.117693       0.000000
        2.006473       0.725861       0.151618       0.025833       0.003249       0.000000       0.000000       0.000000       0.000000       0.000000       0.000000       0.000000       0.000000       0.000000       0.122541       0.000000
        2.038835       0.717590       0.155167       0.024959       0.002968       0.000000       0.000000       0.000000       0.000000       0.000000       0.000000       0.000000       0.000000       0.000000       0.127271       0.000000
        2.071197       0.709564       0.158646       0.024115       0.002700       0.000000       0.000000       0.000000       0.000000       0.000000       0.000000       0.000000       0.000000       0.000000       0.131814       0.000000
        2.103560       0.701752       0.162021       0.023308       0.002451       0.000000       0.000000       0.000000       0.000000       0.000000       0.000000       0.000000       0.000000       0.000000       0.136241       0.000000
        2.135922       0.694122       0.165317       0.022532       0.002216       0.000000       0.000000       0.000000       0.000000       0.000000       0.000000       0.000000       0.000000       0.000000       0.140544       0.000000
        2.168285       0.686737       0.168522       0.021788       0.001997       0.000000       0.000000       0.000000       0.000000       0.000000       0.000000       0.000000       0.000000       0.000000       0.144735       0.000000
        2.200647       0.679535       0.171677       0.021071       0.001791       0.000000       0.000000       0.000000       0.000000       0.000000       0.000000       0.000000       0.000000       0.000000       0.148816       0.000000
        2.233010       0.672501       0.174746       0.020380       0.001598       0.000000       0.000000       0.000000       0.000000       0.000000       0.000000       0.000000       0.000000       0.000000       0.152745       0.000000
        2.265372       0.665665       0.177733       0.019721       0.001420       0.000000       0.000000       0.000000       0.000000       0.000000       0.000000       0.000000       0.000000       0.000000       0.156606       0.000000
        2.297735       0.658997       0.180659       0.019082       0.001252       0.000000       0.000000       0.000000       0.000000       0.000000       0.000000       0.000000       0.000000       0.000000       0.160343       0.000000
        2.330097       0.652496       0.183545       0.018468       0.001096       0.000000       0.000000       0.000000       0.000000       0.000000       0.000000       0.000000       0.000000       0.000000       0.163960       0.000000
        2.362460       0.646149       0.186331       0.017878       0.000952       0.000000       0.000000       0.000000       0.000000       0.000000       0.000000       0.000000       0.000000       0.000000       0.167506       0.000000
        2.394822       0.639969       0.189086       0.017308       0.000818       0.000000       0.000000       0.000000       0.000000       0.000000       0.000000       0.000000       0.000000       0.000000       0.170939       0.000000
        2.427185       0.633942       0.191762       0.016762       0.000695       0.000000       0.000000       0.000000       0.000000       0.000000       0.000000       0.000000       0.000000       0.000000       0.174302       0.000000
        2.459547       0.628036       0.194379       0.016234       0.000582       0.000000       0.000000       0.000000       0.000000       0.000000       0.000000       0.000000       0.000000       0.000000       0.177579       0.000000
        2.491909       0.622314       0.196946       0.015726       0.000479       0.000000       0.000000       0.000000       0.000000       0.000000       0.000000       0.000000       0.000000       0.000000       0.180749       0.000000
        2.524272       0.616699       0.199464       0.015236       0.000386       0.000000       0.000000       0.000000       0.000000       0.000000       0.000000       0.000000       0.000000       0.000000       0.183843       0.000000
        2.556634       0.611206       0.201949       0.014762       0.000301       0.000000       0.000000       0.000000       0.000000       0.000000       0.000000       0.000000       0.000000       0.000000       0.186867       0.000000
        2.588997       0.605850       0.204342       0.014308       0.000226       0.000000       0.000000       0.000000       0.000000       0.000000       0.000000       0.000000       0.000000       0.000000       0.189802       0.000000
        2.621359       0.600616       0.206724       0.013867       0.000161       0.000000       0.000000       0.000000       0.000000       0.000000       0.000000       0.000000       0.000000       0.000000       0.192680       0.000000
        2.653722       0.595490       0.209032       0.013443       0.000105       0.000000       0.000000       0.000000       0.000000       0.000000       0.000000       0.000000       0.000000       0.000000       0.195487       0.000000
        2.686084       0.590485       0.211302       0.013034       0.000058       0.000000       0.000000       0.000000       0.000000       0.000000       0.000000       0.000000       0.000000       0.000000       0.198208       0.000000
        2.718447       0.585602       0.213533       0.012639       0.000023       0.000000       0.000000       0.000000       0.000000       0.000000       0.000000       0.000000       0.000000       0.000000       0.200875       0.000000
        2.750809       0.580597       0.215485       0.012254       0.000001       0.000697       0.000000       0.000000       0.000000       0.000000       0.000000       0.000000       0.000000       0.000000       0.203227       0.000000
        2.783172       0.575394       0.217059       0.011879       0.000000       0.002364       0.000000       0.000000       0.000000       0.000000       0.000000       0.000000       0.000000       0.000000       0.205169       0.000000
        2.815534       0.570160       0.218472       0.011517       0.000000       0.004372       0.000000       0.000000       0.000000       0.000000       0.000000       0.000000       0.000000       0.000000       0.206976       0.000000
        2.847897       0.565002       0.219792       0.011165       0.000000       0.006588       0.000000       0.000000       0.000000       0.000000       0.000000       0.000000       0.000000       0.000000       0.208623       0.000000
        2.880259       0.559891       0.221012       0.010827       0.000000       0.008939       0.000000       0.000000       0.000000       0.000000       0.000000       0.000000       0.000000       0.000000       0.210180       0.000000
        2.912621       0.554840       0.222145       0.010500       0.000000       0.011373       0.000000       0.000000       0.000000       0.000000       0.000000       0.000000       0.000000       0.000000       0.211627       0.000000
        2.944984       0.549881       0.223214       0.010186       0.000000       0.013877       0.000000       0.000000       0.000000       0.000000       0.000000       0.000000       0.000000       0.000000       0.213041       0.000000
        2.977346       0.544968       0.224253       0.009880       0.000000       0.016405       0.000000       0.000000       0.000000       0.000000       0.000000       0.000000       0.000000       0.000000       0.214381       0.000000
        3.009709       0.540169       0.225218       0.009587       0.000000       0.018973       0.000000       0.000000       0.000000       0.000000       0.000000       0.000000       0.000000       0.000000       0.215641       0.000000
        3.042071       0.535446       0.226167       0.009303       0.000000       0.021559       0.000000       0.000000       0.000000       0.000000       0.000000       0.000000       0.000000       0.000000       0.216843       0.000000
        3.074434       0.530777       0.227049       0.009029       0.000000       0.024142       0.000000       0.000000       0.000000       0.000000       0.000000       0.000000       0.000000       0.000000       0.218014       0.000000
        3.106796       0.526215       0.227903       0.008765       0.000000       0.026729       0.000000       0.000000       0.000000       0.000000       0.000000       0.000000       0.000000       0.000000       0.219151       0.000000
        3.139159       0.521729       0.228733       0.008509       0.000000       0.029311       0.000000       0.000000       0.000000       0.000000       0.000000       0.000000       0.000000       0.000000       0.220228       0.000000
        3.171521       0.517319       0.229527       0.008262       0.000000       0.031870       0.000000       0.000000       0.000000       0.000000       0.000000       0.000000       0.000000       0.000000       0.221281       0.000000
        3.203883       0.512985       0.230300       0.008022       0.000000       0.034422       0.000000       0.000000       0.000000       0.000000       0.000000       0.000000       0.000000       0.000000       0.222277       0.000000
        3.236246       0.508736       0.231050       0.007791       0.000000       0.036958       0.000000       0.000000       0.000000       0.000000       0.000000       0.000000       0.000000       0.000000       0.223254       0.000000
        3.268609       0.504562       0.231763       0.007569       0.000000       0.039465       0.000000       0.000000       0.000000       0.000000       0.000000       0.000000       0.000000       0.000000       0.224193       0.000000
        3.300971       0.500473       0.232462       0.007353       0.000000       0.041968       0.000000       0.000000       0.000000       0.000000       0.000000       0.000000       0.000000       0.000000       0.225109       0.000000
        3.333333       0.496445       0.233133       0.007144       0.000000       0.044434       0.000000       0.000000       0.000000       0.000000       0.000000       0.000000       0.000000       0.000000       0.226007       0.000000
        3.365696       0.492477       0.233791       0.006943       0.000000       0.046867       0.000000       0.000000       0.000000       0.000000       0.000000       0.000000       0.000000       0.000000       0.226866       0.000000
        3.398058       0.488586       0.234443       0.006747       0.000000       0.049271       0.000000       0.000000       0.000000       0.000000       0.000000       0.000000       0.000000       0.000000       0.227693       0.000000
        3.430421       0.484772       0.235071       0.006557       0.000000       0.051656       0.000000       0.000000       0.000000       0.000000       0.000000       0.000000       0.000000       0.000000       0.228508       0.000000
        3.462783       0.481026       0.235657       0.006375       0.000000       0.054025       0.000000       0.000000       0.000000       0.000000       0.000000       0.000000       0.000000       0.000000       0.229287       0.000000
        3.495146       0.477348       0.236245       0.006198       0.000000       0.056358       0.000000       0.000000       0.000000       0.000000       0.000000       0.000000       0.000000       0.000000       0.230050       0.000000
        3.527508       0.473724       0.236822       0.006026       0.000000       0.058657       0.000000       0.000000       0.000000       0.000000       0.000000       0.000000       0.000000       0.000000       0.230784       0.000000
        3.559871       0.470169       0.237382       0.005860       0.000000       0.060929       0.000000       0.000000       0.000000       0.000000       0.000000       0.000000       0.000000       0.000000       0.231519       0.000000
        3.592233       0.466675       0.237923       0.005699       0.000000       0.063168       0.000000       0.000000       0.000000       0.000000       0.000000       0.000000       0.000000       0.000000       0.232226       0.000000
        3.624596       0.463242       0.238458       0.005544       0.000000       0.065389       0.000000       0.000000       0.000000       0.000000       0.000000       0.000000       0.000000       0.000000       0.232917       0.000000
        3.656958       0.459862       0.238979       0.005392       0.000000       0.067566       0.000000       0.000000       0.000000       0.000000       0.000000       0.000000       0.000000       0.000000       0.233597       0.000000
        3.689321       0.456543       0.239489       0.005246       0.000000       0.069717       0.000000       0.000000       0.000000       0.000000       0.000000       0.000000       0.000000       0.000000       0.234236       0.000000
        3.721683       0.453293       0.239987       0.005105       0.000000       0.071842       0.000000       0.000000       0.000000       0.000000       0.000000       0.000000       0.000000       0.000000       0.234891       0.000000
        3.754045       0.450081       0.240472       0.004967       0.000000       0.073936       0.000000       0.000000       0.000000       0.000000       0.000000       0.000000       0.000000       0.000000       0.235522       0.000000
        3.786408       0.446930       0.240949       0.004834       0.000000       0.076001       0.000000       0.000000       0.000000       0.000000       0.000000       0.000000       0.000000       0.000000       0.236130       0.000000
        3.818770       0.443825       0.241411       0.004704       0.000000       0.078042       0.000000       0.000000       0.000000       0.000000       0.000000       0.000000       0.000000       0.000000       0.236720       0.000000
        3.851133       0.440781       0.241874       0.004579       0.000000       0.080045       0.000000       0.000000       0.000000       0.000000       0.000000       0.000000       0.000000       0.000000       0.237289       0.000000
        3.883495       0.437782       0.242322       0.004457       0.000000       0.082028       0.000000       0.000000       0.000000       0.000000       0.000000       0.000000       0.000000       0.000000       0.237869       0.000000
        3.915858       0.434692       0.242605       0.004342       0.000000       0.083908       0.000000       0.000000       0.000000       0.000000       0.000000       0.000000       0.000000       0.000522       0.238259       0.000000
        3.948220       0.431557       0.242766       0.004232       0.000000       0.085698       0.000000       0.000000       0.000000       0.000000       0.000000       0.000000       0.000000       0.001439       0.238539       0.000000
        3.980583       0.428413       0.242850       0.004127       0.000000       0.087430       0.000000       0.000000       0.000000       0.000000       0.000000       0.000000       0.000000       0.002571       0.238730       0.000000
        4.012945       0.425270       0.242881       0.004025       0.000000       0.089114       0.000000       0.000000       0.000000       0.000000       0.000000       0.000000       0.000000       0.003865       0.238869       0.000000
        4.045308       0.422157       0.242861       0.003928       0.000000       0.090763       0.000000       0.000000       0.000000       0.000000       0.000000       0.000000       0.000000       0.005266       0.238938       0.000000
        4.077670       0.419044       0.242828       0.003832       0.000000       0.092339       0.000000       0.000000       0.000000       0.000000       0.000000       0.000000       0.000000       0.006792       0.238988       0.000000
        4.110032       0.415962       0.242736       0.003741       0.000000       0.093903       0.000000       0.000000       0.000000       0.000000       0.000000       0.000000       0.000000       0.008380       0.239001       0.000000
        4.142395       0.412910       0.242633       0.003652       0.000000       0.095421       0.000000       0.000000       0.000000       0.000000       0.000000       0.000000       0.000000       0.010046       0.238991       0.000000
        4.174757       0.409889       0.242510       0.003566       0.000000       0.096910       0.000000       0.000000       0.000000       0.000000       0.000000       0.000000       0.000000       0.011764       0.238937       0.000000
        4.207120       0.406898       0.242346       0.003483       0.000000       0.098381       0.000000       0.000000       0.000000       0.000000       0.000000       0.000000       0.000000       0.013513       0.238853       0.000000
        4.239482       0.403923       0.242177       0.003402       0.000000       0.099787       0.000000       0.000000       0.000000       0.000000       0.000000       0.000000       0.000000       0.015336       0.238786       0.000000
        4.271845       0.400993       0.241983       0.003324       0.000000       0.101191       0.000000       0.000000       0.000000       0.000000       0.000000       0.000000       0.000000       0.017167       0.238669       0.000000
        4.304207       0.398079       0.241787       0.003247       0.000000       0.102537       0.000000       0.000000       0.000000       0.000000       0.000000       0.000000       0.000000       0.019048       0.238531       0.000000
        4.336570       0.395210       0.241566       0.003173       0.000000       0.103877       0.000000       0.000000       0.000000       0.000000       0.000000       0.000000       0.000000       0.020942       0.238394       0.000000
        4.368932       0.392365       0.241340       0.003101       0.000000       0.105166       0.000000       0.000000       0.000000       0.000000       0.000000       0.000000       0.000000       0.022874       0.238249       0.000000
        4.401295       0.389572       0.241104       0.003032       0.000000       0.106460       0.000000       0.000000       0.000000       0.000000       0.000000       0.000000       0.000000       0.024799       0.238067       0.000000
        4.433657       0.386803       0.240855       0.002964       0.000000       0.107724       0.000000       0.000000       0.000000       0.000000       0.000000       0.000000       0.000000       0.026748       0.237885       0.000000
        4.466020       0.384064       0.240591       0.002898       0.000000       0.108947       0.000000       0.000000       0.000000       0.000000       0.000000       0.000000       0.000000       0.028701       0.237684       0.000000
        4.498382       0.381348       0.240322       0.002834       0.000000       0.110164       0.000000       0.000000       0.000000       0.000000       0.000000       0.000000       0.000000       0.030678       0.237481       0.000000
        4.530744       0.378670       0.240043       0.002771       0.000000       0.111340       0.000000       0.000000       0.000000       0.000000       0.000000       0.000000       0.000000       0.032658       0.237273       0.000000
        4.563107       0.376038       0.239760       0.002711       0.000000       0.112511       0.000000       0.000000       0.000000       0.000000       0.000000       0.000000       0.000000       0.034637       0.237061       0.000000
        4.595469       0.373405       0.239475       0.002651       0.000000       0.113626       0.000000       0.000000       0.000000       0.000000       0.000000       0.000000       0.000000       0.036649       0.236835       0.000000
        4.627832       0.370834       0.239181       0.002593       0.000000       0.114772       0.000000       0.000000       0.000000       0.000000       0.000000       0.000000       0.000000       0.038625       0.236585       0.000000
        4.660194       0.368294       0.238881       0.002538       0.000000       0.115876       0.000000       0.000000       0.000000       0.000000       0.000000       0.000000       0.000000       0.040604       0.236335       0.000000
        4.692557       0.365761       0.238569       0.002483       0.000000       0.116960       0.000000       0.000000       0.000000       0.000000       0.000000       0.000000       0.000000       0.042600       0.236084       0.000000
        4.724919       0.363281       0.238269       0.002430       0.000000       0.118024       0.000000       0.000000       0.000000       0.000000       0.000000       0.000000       0.000000       0.044595       0.235835       0.000000
        4.757281       0.360825       0.237960       0.002378       0.000000       0.119053       0.000000       0.000000       0.000000       0.000000       0.000000       0.000000       0.000000       0.046584       0.235574       0.000000
        4.789644       0.358391       0.237632       0.002327       0.000000       0.120081       0.000000       0.000000       0.000000       0.000000       0.000000       0.000000       0.000000       0.048563       0.235314       0.000000
        4.822007       0.355995       0.237324       0.002278       0.000000       0.121079       0.000000       0.000000       0.000000       0.000000       0.000000       0.000000       0.000000       0.050548       0.235037       0.000000
        4.854369       0.353630       0.237005       0.002230       0.000000       0.122081       0.000000       0.000000       0.000000       0.000000       0.000000       0.000000       0.000000       0.052530       0.234780       0.000000
        4.886732       0.351280       0.236671       0.002183       0.000000       0.123045       0.000000       0.000000       0.000000       0.000000       0.000000       0.000000       0.000000       0.054494       0.234498       0.000000
        4.919094       0.348976       0.236356       0.002137       0.000000       0.124013       0.000000       0.000000       0.000000       0.000000       0.000000       0.000000       0.000000       0.056463       0.234219       0.000000
        4.951456       0.346687       0.236027       0.002093       0.000000       0.124945       0.000000       0.000000       0.000000       0.000000       0.000000       0.000000       0.000000       0.058428       0.233944       0.000000
        4.983819       0.344429       0.235696       0.002049       0.000000       0.125847       0.000000       0.000000       0.000000       0.000000       0.000000       0.000000       0.000000       0.060370       0.233647       0.000000
        5.016181       0.342194       0.235367       0.002007       0.000000       0.126769       0.000000       0.000000       0.000000       0.000000       0.000000       0.000000       0.000000       0.062317       0.233355       0.000000
        5.048544       0.339989       0.235032       0.001966       0.000000       0.127649       0.000000       0.000000       0.000000       0.000000       0.000000       0.000000       0.000000       0.064252       0.233067       0.000000
        5.080906       0.337814       0.234706       0.001925       0.000000       0.128516       0.000000       0.000000       0.000000       0.000000       0.000000       0.000000       0.000000       0.066183       0.232775       0.000000
        5.113269       0.335670       0.234374       0.001886       0.000000       0.129387       0.000000       0.000000       0.000000       0.000000       0.000000       0.000000       0.000000       0.068099       0.232487       0.000000
        5.145631       0.333549       0.234028       0.001847       0.000000       0.130258       0.000000       0.000000       0.000000       0.000000       0.000000       0.000000       0.000000       0.069972       0.232170       0.000000
        5.177993       0.331436       0.233699       0.001810       0.000000       0.131064       0.000000       0.000000       0.000000       0.000000       0.000000       0.000000       0.000000       0.071903       0.231886       0.000000
        5.210356       0.329353       0.233362       0.001773       0.000000       0.131875       0.000000       0.000000       0.000000       0.000000       0.000000       0.000000       0.000000       0.073796       0.231585       0.000000
        5.242719       0.327316       0.233038       0.001737       0.000000       0.132682       0.000000       0.000000       0.000000       0.000000       0.000000       0.000000       0.000000       0.075679       0.231294       0.000000
        5.275081       0.325264       0.232695       0.001702       0.000000       0.133440       0.000000       0.000000       0.000000       0.000000       0.000000       0.000000       0.000000       0.077573       0.231000       0.000000
        5.307444       0.323280       0.232362       0.001668       0.000000       0.134255       0.000000       0.000000       0.000000       0.000000       0.000000       0.000000       0.000000       0.079409       0.230693       0.000000
        5.339806       0.321213       0.231844       0.001637       0.000000       0.134930       0.000000       0.000000       0.000000       0.000000       0.000000       0.000000       0.000313       0.081185       0.230512       0.000000
        5.372168       0.319115       0.231125       0.001610       0.000000       0.135595       0.000000       0.000000       0.000000       0.000000       0.000000       0.000000       0.000925       0.082790       0.230430       0.000000
        5.404531       0.317009       0.230325       0.001586       0.000000       0.136213       0.000000       0.000000       0.000000       0.000000       0.000000       0.000000       0.001684       0.084353       0.230420       0.000000
        5.436893       0.314919       0.229466       0.001563       0.000000       0.136822       0.000000       0.000000       0.000000       0.000000       0.000000       0.000000       0.002520       0.085832       0.230426       0.000000
        5.469256       0.312813       0.228566       0.001541       0.000000       0.137405       0.000000       0.000000       0.000000       0.000000       0.000000       0.000000       0.003447       0.087313       0.230477       0.000000
        5.501618       0.310738       0.227637       0.001520       0.000000       0.137943       0.000000       0.000000       0.000000       0.000000       0.000000       0.000000       0.004412       0.088728       0.230534       0.000000
        5.533981       0.308655       0.226677       0.001500       0.000000       0.138482       0.000000       0.000000       0.000000       0.000000       0.000000       0.000000       0.005434       0.090134       0.230613       0.000000
        5.566343       0.306602       0.225702       0.001480       0.000000       0.138994       0.000000       0.000000       0.000000       0.000000       0.000000       0.000000       0.006478       0.091489       0.230694       0.000000
        5.598706       0.304558       0.224710       0.001462       0.000000       0.139497       0.000000       0.000000       0.000000       0.000000       0.000000       0.000000       0.007569       0.092855       0.230824       0.000000
        5.631068       0.302544       0.223713       0.001444       0.000000       0.139976       0.000000       0.000000       0.000000       0.000000       0.000000       0.000000       0.008672       0.094176       0.230950       0.000000
        5.663431       0.300529       0.222734       0.001426       0.000000       0.140322       0.000000       0.000000       0.000000       0.000000       0.000129       0.000000       0.009833       0.095487       0.231006       0.000000
        5.695793       0.298546       0.221773       0.001408       0.000000       0.140516       0.000000       0.000000       0.000000       0.000000       0.000379       0.000000       0.011015       0.096758       0.231012       0.000000
        5.728156       0.296577       0.220822       0.001390       0.000000       0.140587       0.000000       0.000000       0.000000       0.000000       0.000645       0.000000       0.012249       0.098052       0.231044       0.000000
        5.760518       0.294662       0.219893       0.001372       0.000000       0.140734       0.000000       0.000000       0.000000       0.000000       0.000991       0.000000       0.013462       0.099261       0.231003       0.000000
        5.792880       0.292770       0.218968       0.001354       0.000000       0.140807       0.000000       0.000000       0.000000       0.000000       0.001339       0.000000       0.014691       0.100454       0.230962       0.000000
        5.825243       0.290840       0.218008       0.001337       0.000000       0.140806       0.000000       0.000000       0.000000       0.000000       0.001687       0.000000       0.015972       0.101683       0.230961       0.000000
        5.857605       0.288994       0.217090       0.001321       0.000000       0.140827       0.000000       0.000000       0.000000       0.000000       0.002061       0.000000       0.017224       0.102844       0.230927       0.000000
        5.889968       0.287132       0.216154       0.001305       0.000000       0.140817       0.000000       0.000000       0.000000       0.000000       0.002444       0.000000       0.018522       0.104039       0.230935       0.000000
        5.922330       0.285286       0.215211       0.001289       0.000000       0.140764       0.000000       0.000000       0.000000       0.000000       0.002823       0.000000       0.019803       0.105183       0.230912       0.000000
        5.954693       0.283470       0.214285       0.001273       0.000000       0.140732       0.000000       0.000000       0.000000       0.000000       0.003229       0.000000       0.021086       0.106298       0.230860       0.000000
        5.987055       0.281654       0.213346       0.001258       0.000000       0.140644       0.000000       0.000000       0.000000       0.000000       0.003613       0.000000       0.022413       0.107463       0.230893       0.000000
        6.019418       0.279854       0.212405       0.001243       0.000000       0.140529       0.000000       0.000000       0.000000       0.000000       0.003992       0.000000       0.023720       0.108576       0.230883       0.000000
        6.051780       0.278114       0.211496       0.001228       0.000000       0.140497       0.000000       0.000000       0.000000       0.000000       0.004441       0.000000       0.024985       0.109614       0.230808       0.000000
        6.084143       0.276344       0.210565       0.001214       0.000000       0.140394       0.000000       0.000000       0.000000       0.000000       0.004852       0.000000       0.026317       0.110717       0.230804       0.000000
        6.116505       0.274635       0.209658       0.001200       0.000000       0.140330       0.000000       0.000000       0.000000       0.000000       0.005303       0.000000       0.027587       0.111735       0.230742       0.000000
        6.148868       0.272903       0.208727       0.001187       0.000000       0.140155       0.000000       0.000000       0.000000       0.000000       0.005673       0.000000       0.028922       0.112831       0.230785       0.000000
        6.181230       0.271217       0.207820       0.001173       0.000000       0.140031       0.000000       0.000000       0.000000       0.000000       0.006090       0.000000       0.030225       0.113870       0.230782       0.000000
        6.213592       0.269508       0.206888       0.001160       0.000000       0.139845       0.000000       0.000000       0.000000       0.000000       0.006470       0.000000       0.031559       0.114936       0.230814       0.000000
        6.245955       0.267853       0.205988       0.001147       0.000000       0.139727       0.000000       0.000000       0.000000       0.000000       0.006908       0.000000       0.032841       0.115917       0.230761       0.000000
        6.278317       0.266197       0.205082       0.001135       0.000000       0.139590       0.000000       0.000000       0.000000       0.000000       0.007341       0.000000       0.034149       0.116923       0.230747       0.000000
        6.310680       0.264580       0.204179       0.001123       0.000000       0.139403       0.000000       0.000000       0.000000       0.000000       0.007731       0.000000       0.035417       0.117896       0.230753       0.000000
        6.343042       0.262962       0.203290       0.001110       0.000000       0.139268       0.000000       0.000000       0.000000       0.000000       0.008173       0.000000       0.036725       0.118880       0.230735       0.000000
        6.375405       0.261345       0.202390       0.001099       0.000000       0.139084       0.000000       0.000000       0.000000       0.000000       0.008579       0.000000       0.038039       0.119870       0.230742       0.000000
        6.407767       0.259758       0.201496       0.001087       0.000000       0.138894       0.000000       0.000000       0.000000       0.000000       0.008982       0.000000       0.039307       0.120806       0.230720       0.000000
        6.440130       0.258217       0.200638       0.001076       0.000000       0.138777       0.000000       0.000000       0.000000       0.000000       0.009452       0.000000       0.040567       0.121717       0.230670       0.000000
        6.472492       0.256660       0.199753       0.001064       0.000000       0.138585       0.000000       0.000000       0.000000       0.000000       0.009861       0.000000       0.041837       0.122643       0.230662       0.000000
        6.504855       0.255104       0.198854       0.001054       0.000000       0.138340       0.000000       0.000000       0.000000       0.000000       0.010226       0.000018       0.043118       0.123594       0.230712       0.000000
        6.537217       0.253540       0.197856       0.001045       0.000000       0.138056       0.000000       0.000000       0.000000       0.000000       0.010624       0.000234       0.044273       0.124508       0.230915       0.000000
        6.569580       0.252022       0.196851       0.001037       0.000000       0.137824       0.000000       0.000000       0.000000       0.000000       0.011100       0.000530       0.045301       0.125314       0.231088       0.000000
        6.601942       0.250488       0.195808       0.001029       0.000000       0.137536       0.000000       0.000000       0.000000       0.000000       0.011544       0.000883       0.046308       0.126119       0.231307       0.000000
        6.634304       0.248985       0.194772       0.001021       0.000000       0.137278       0.000000       0.000000       0.000000       0.000000       0.012029       0.001264       0.047256       0.126870       0.231501       0.000000
        6.666667       0.247459       0.193691       0.001015       0.000000       0.136942       0.000000       0.000000       0.000000       0.000000       0.012457       0.001682       0.048224       0.127682       0.231825       0.000000
        6.699029       0.245979       0.192642       0.001008       0.000000       0.136663       0.000000       0.000000       0.000000       0.000000       0.012943       0.002112       0.049129       0.128414       0.232063       0.000000
        6.731392       0.244484       0.191562       0.001002       0.000000       0.136306       0.000000       0.000000       0.000000       0.000000       0.013358       0.002573       0.050065       0.129213       0.232424       0.000000
        6.763754       0.243019       0.190493       0.000996       0.000000       0.135947       0.000000       0.000000       0.000000       0.000000       0.013770       0.003036       0.050953       0.129968       0.232761       0.000000
        6.796117       0.241585       0.189451       0.000990       0.000000       0.135645       0.000000       0.000000       0.000000       0.000000       0.014239       0.003510       0.051810       0.130672       0.233034       0.000000
        6.828479       0.240105       0.188360       0.000984       0.000000       0.135296       0.000000       0.000000       0.000000       0.000000       0.014692       0.004009       0.052691       0.131421       0.233379       0.000000
        6.860841       0.238701       0.187326       0.000979       0.000000       0.135001       0.000000       0.000000       0.000000       0.000000       0.015178       0.004498       0.053517       0.132108       0.233671       0.000000
        6.893204       0.237297       0.186276       0.000973       0.000000       0.134640       0.000000       0.000000       0.000000       0.000000       0.015597       0.004999       0.054353       0.132830       0.234039       0.000000
        6.925566       0.235909       0.185233       0.000968       0.000000       0.134300       0.000000       0.000000       0.000000       0.000000       0.016041       0.005497       0.055159       0.133521       0.234384       0.000000
        6.957929       0.234489       0.184151       0.000963       0.000000       0.133885       0.000000       0.000000       0.000000       0.000000       0.016420       0.006016       0.055994       0.134268       0.234821       0.000000
        6.990291       0.233116       0.183125       0.000958       0.000000       0.133579       0.000000       0.000000       0.000000       0.000000       0.016912       0.006526       0.056761       0.134889       0.235067       0.000000
        7.022654       0.231773       0.182112       0.000953       0.000000       0.133267       0.000000       0.000000       0.000000       0.000000       0.017386       0.007039       0.057529       0.135533       0.235371       0.000000
        7.055017       0.230415       0.181072       0.000949       0.000000       0.132904       0.000000       0.000000       0.000000       0.000000       0.017818       0.007560       0.058310       0.136216       0.235753       0.000000
        7.087379       0.229088       0.180057       0.000944       0.000000       0.132538       0.000000       0.000000       0.000000       0.000000       0.018231       0.008073       0.059058       0.136857       0.236088       0.000000
        7.119742       0.227745       0.179030       0.000939       0.000000       0.132202       0.000000       0.000000       0.000000       0.000000       0.018699       0.008601       0.059813       0.137497       0.236414       0.000000
        7.152104       0.226425       0.178014       0.000935       0.000000       0.131844       0.000000       0.000000       0.000000       0.000000       0.019132       0.009125       0.060555       0.138137       0.236763       0.000000
        7.184466       0.225151       0.177024       0.000931       0.000000       0.131481       0.000000       0.000000       0.000000       0.000000       0.019539       0.009640       0.061286       0.138784       0.237152       0.000000
        7.216829       0.223839       0.176013       0.000927       0.000000       0.131123       0.000000       0.000000       0.000000       0.000000       0.019978       0.010171       0.062011       0.139397       0.237468       0.000000
        7.249191       0.222588       0.175046       0.000922       0.000000       0.130808       0.000000       0.000000       0.000000       0.000000       0.020444       0.010682       0.062702       0.139981       0.237772       0.000000
        7.281554       0.221291       0.174018       0.000919       0.000000       0.130343       0.000000       0.000000       0.000000       0.000000       0.020745       0.011213       0.063446       0.140673       0.238257       0.000000
        7.313916       0.220070       0.173088       0.000914       0.000000       0.130094       0.000000       0.000000       0.000000       0.000000       0.021287       0.011727       0.064103       0.141189       0.238452       0.000000
        7.346279       0.218811       0.172100       0.000911       0.000000       0.129696       0.000000       0.000000       0.000000       0.000000       0.021658       0.012259       0.064814       0.141819       0.238842       0.000000
        7.378641       0.217552       0.171098       0.000907       0.000000       0.129259       0.000000       0.000000       0.000000       0.000000       0.021987       0.012787       0.065531       0.142483       0.239309       0.000000
        7.411003       0.216370       0.170179       0.000903       0.000000       0.128967       0.000000       0.000000       0.000000       0.000000       0.022466       0.013288       0.066164       0.143002       0.239558       0.000000
        7.443366       0.215141       0.169215       0.000899       0.000000       0.128607       0.000000       0.000000       0.000000       0.000000       0.022886       0.013814       0.066840       0.143585       0.239897       0.000000
        7.475728       0.213966       0.168287       0.000896       0.000000       0.128254       0.000000       0.000000       0.000000       0.000000       0.023285       0.014328       0.067502       0.144169       0.240261       0.000000
        7.508091       0.212769       0.167346       0.000892       0.000000       0.127901       0.000000       0.000000       0.000000       0.000000       0.023701       0.014843       0.068149       0.144719       0.240569       0.000000
        7.540453       0.211571       0.166390       0.000889       0.000000       0.127510       0.000000       0.000000       0.000000       0.000000       0.024076       0.015355       0.068803       0.145305       0.240954       0.000000
        7.572816       0.210457       0.165518       0.000885       0.000000       0.127225       0.000000       0.000000       0.000000       0.000000       0.024538       0.015857       0.069420       0.145821       0.241231       0.000000
        7.605178       0.209259       0.164565       0.000882       0.000000       0.126831       0.000000       0.000000       0.000000       0.000000       0.024910       0.016381       0.070073       0.146394       0.241590       0.000000
        7.637540       0.208122       0.163660       0.000879       0.000000       0.126479       0.000000       0.000000       0.000000       0.000000       0.025304       0.016878       0.070687       0.146928       0.241919       0.000000
        7.669903       0.206993       0.162761       0.000876       0.000000       0.126119       0.000000       0.000000       0.000000       0.000000       0.025685       0.017390       0.071322       0.147493       0.242288       0.000000
        7.702265       0.205879       0.161876       0.000873       0.000000       0.125776       0.000000       0.000000       0.000000       0.000000       0.026078       0.017893       0.071933       0.148020       0.242605       0.000000
        7.734628       0.204773       0.160997       0.000869       0.000000       0.125450       0.000000       0.000000       0.000000       0.000000       0.026502       0.018380       0.072513       0.148507       0.242877       0.000000
        7.766990       0.203651       0.160087       0.000867       0.000000       0.125026       0.000000       0.000000       0.000000       0.000000       0.026798       0.018881       0.073140       0.149092       0.243312       0.000000
