   4.9999998882412910E-003   8387624530367.2832       0.13174236665799072        53.505260000000000     
   9.9999997764825821E-003   16797534613677.498       0.10761521378242146        44.331339999999997     
   1.4999999664723873E-002   25230644352939.254       0.10023160802264369        38.047960000000003     
   1.9999999552965164E-002   33667729744270.953        9.8760134932780866E-002   33.983750000000001     
   2.4999998509883881E-002   42113677758681.062        9.9047388568839434E-002   31.395859999999999     
   2.9999999329447746E-002   50566144209164.758        9.9521362328034893E-002   29.770009999999999     
   3.5000000149011612E-002   59061470490460.328        9.9740891734381124E-002   28.740359999999999     
   3.9999999105930328E-002   67510484694048.555        9.9694180700723778E-002   28.128070000000001     
   4.4999998062849045E-002   75980004501777.172        9.9500469723324311E-002   27.777870000000000     
   4.9999997019767761E-002   84452605347057.641        9.9247103434502923E-002   27.570450000000001     
   5.4999999701976776E-002   92948236020014.969        9.8987881275294773E-002   27.447830000000000     
   5.9999998658895493E-002   101400219898352.00        9.8724528605699288E-002   27.369389999999999     
   6.4999997615814209E-002   109877913735826.62        9.8358179405120164E-002   27.299890000000001     
   7.0000000298023224E-002   118353848041012.61        9.7879449162572199E-002   27.239509999999999     
   7.4999995529651642E-002   126835461849155.66        9.7097054886164852E-002   27.166889999999999     
   7.9999998211860657E-002   135316555964217.69        9.5984052438200532E-002   27.070789999999999     
   8.5000000894069672E-002   143818096289925.09        9.4389002709261496E-002   26.909109999999998     
   8.9999996125698090E-002   152288722301497.62        9.2339701089780485E-002   26.626680000000000     
   9.4999998807907104E-002   160782704804969.34        8.9826737110377156E-002   26.121700000000001     
   9.9999994039535522E-002   169280102434402.22        8.7149768928070900E-002   25.299240000000001     
  0.10499999672174454        177812868890093.12        8.4719195456424062E-002   24.067499999999999     
  0.10999999940395355        186325545496108.50        8.3200475449006897E-002   22.449200000000001     
  0.11499999463558197        194847932938552.38        8.3247781911158170E-002   20.600040000000000     
  0.11999999731779099        203379823340192.41        8.5295627806829588E-002   18.740539999999999     
  0.12500000000000000        211919078535209.41        8.9484150316379171E-002   17.060320000000001     
  0.12999999523162842        220470212429221.56        9.5773980707631004E-002   15.646620000000000     
  0.13499999046325684        229011858212411.34       0.10396693198361762        14.520899999999999     
  0.14000000059604645        237585294363786.91       0.11392705331607883        13.645080000000000     
  0.14499999582767487        246172881015340.44       0.12550366535154162        12.974880000000001     
  0.14999999105930328        254772583939869.00       0.13858334400554881        12.466500000000000     
  0.15500000119209290        263388234017798.56       0.15328078164910333        12.079060000000000     
  0.15999999642372131        272020751848301.25       0.17004669414407264        11.780700000000000     
  0.16499999165534973        280673285286610.75       0.19018693916110738        11.546559999999999     
  0.17000000178813934        289347764621313.81       0.21642808651987419        11.365069999999999     
  0.17499999701976776        298046268624734.56       0.25243678895868277        11.248020000000000     
  0.17999999225139618        306788812904679.81       0.30070174811217998        11.219790000000000     
  0.18500000238418579        315572308999410.81       0.36030638824765215        11.285230000000000     
  0.18999999761581421        324409526510347.44       0.42854350436546307        11.422280000000001     
  0.19499999284744263        333302930267531.06       0.50231837717896566        11.601630000000000     
  0.19999998807907104        342253737837608.81       0.57904138156803975        11.799810000000001     
  0.20499999821186066        351270115826139.75       0.65688280660729215        12.001840000000000     
  0.20999999344348907        360349183648617.62       0.73439026301333465        12.198560000000001     
  0.21499998867511749        369490584944072.50       0.80861053601750521        12.380319999999999     
  0.21999999880790710        378689983987371.19       0.86846804858264470        12.521110000000000     
  0.22499999403953552        387932532404769.81       0.92478226696757337        12.648040000000000     
  0.22999998927116394        397241245175571.38       0.97882367217745736        12.764460000000000     
  0.23499999940395355        406588801292087.06        1.0303849562461360        12.870460000000000     
  0.23999999463558197        415985030377735.44        1.0798148635336169        12.967330000000000     
  0.24499998986721039        425434773002356.94        1.1271324885521605        13.055650000000000     
  0.25000000000000000        434944354573166.44        1.1724606168353784        13.136170000000000     
  0.25499999523162842        444496550976621.12        1.2157826378779961        13.209339999999999     
  0.25999999046325684        454084442870556.19        1.2571347264940320        13.275690000000001     
  0.26499998569488525        463718899264552.31        1.2965915457885671        13.335770000000000     
  0.26999998092651367        473412036431584.38        1.3344118631748174        13.390350000000000     
  0.27500000596046448        483172585215413.94        1.3705115763338802        13.439629999999999     
  0.28000000119209290        492933401269970.94        1.4048542162814233        13.483910000000000     
  0.28499999642372131        502785119068588.25        1.4377682693818818        13.523899999999999     
  0.28999999165534973        512660950626165.75        1.4691401417314229        13.559710000000001     
  0.29499998688697815        522576278857902.19        1.4991018277876365        13.591760000000001     
  0.29999998211860657        532550941191119.31        1.5277433534614977        13.620360000000000     
  0.30500000715255737        542578998276319.69        1.5550839296786052        13.645740000000000     
  0.31000000238418579        552632119416399.81        1.5811905725473288        13.668139999999999     
  0.31499999761581421        562755621848026.19        1.6061720204425023        13.687830000000000     
  0.31999999284744263        572901812594733.25        1.6300213845401490        13.704980000000001     
  0.32499998807907104        583084649127840.50        1.6527613134467891        13.719760000000001     
  0.32999998331069946        593313337439068.88        1.6744927549369153        13.732370000000000     
  0.33499997854232788        603589243578803.12        1.6952998359099336        13.743010000000000     
  0.34000000357627869        613935234042608.62        1.7152331481199008        13.751810000000001     
  0.34499999880790710        624282590556798.50        1.7342392745688919        13.758860000000000     
  0.34999999403953552        634688152696064.75        1.7523912143707157        13.764320000000000     
  0.35499998927116394        645130063654256.25        1.7697832103134974        13.768300000000000     
  0.35999998450279236        655621865148227.12        1.7864159153179646        13.770920000000000     
  0.36499997973442078        666143066422211.12        1.8023127870121245        13.772259999999999     
  0.37000000476837158        676715227314884.38        1.8175398596243366        13.772420000000000     
  0.37500000000000000        687329141834525.50        1.8321091567244787        13.771490000000000     
  0.37999999523162842        697989026919277.75        1.8460742599072415        13.769520000000000     
  0.38499999046325684        708668749431352.00        1.8594248510062741        13.766620000000000     
  0.38999998569488525        719396164919891.88        1.8721963090176317        13.762829999999999     
  0.39499998092651367        730184280560296.88        1.8844192502947299        13.758229999999999     
  0.39999997615814209        740963843537425.38        1.8961106017318790        13.752870000000000     
  0.40500000119209290        751828873753824.00        1.9073178896707779        13.746800000000000     
  0.40999999642372131        762714869873949.00        1.9180537860147777        13.740069999999999     
  0.41499999165534973        773622485226245.25        1.9283171519353846        13.732740000000000     
  0.41999998688697815        784586108644303.62        1.9381610321819391        13.724830000000001     
  0.42499998211860657        795580082138294.50        1.9473793353486615        13.716590000000000     
  0.42999997735023499        806598941506680.38        1.9559384988985258        13.708140000000000     
  0.43500000238418579        817682836752064.62        1.9639930315683412        13.699439999999999     
  0.43999999761581421        828788470016610.00        1.9716459126238230        13.690410000000000     
  0.44499999284744263        839935856908123.25        1.9789347303553166        13.681070000000000     
  0.44999998807907104        851074572349370.00        1.9858612321440230        13.671460000000000     
  0.45499998331069946        862283669082163.25        1.9924680956785372        13.661580000000001     
  0.45999997854232788        873528758272911.62        1.9987504833876739        13.651460000000000     
  0.46500000357627869        884772540806770.62        2.0047646883341699        13.641050000000000     
  0.46999999880790710        896074350785220.88        2.0104997544584000        13.630420000000001     
  0.47499999403953552        907395582436528.12        2.0159706146462595        13.619579999999999     
  0.47999998927116394        918761834357027.00        2.0211886480146442        13.608540000000000     
  0.48499998450279236        930156773335599.25        2.0261761421806987        13.597280000000000     
  0.48999997973442078        941566857655390.38        2.0309096601867593        13.585910000000000     
  0.49499997496604919        953014894418470.88        2.0354474402880953        13.574320000000000     
  0.50000000000000000        964508723566177.88        2.0397713990768800        13.562580000000001     
  0.50499999523162842        975993881263618.12        2.0438815510443127        13.550739999999999     
  0.50999999046325684        987553637190748.12        2.0478203949550347        13.538700000000000     
  0.51499998569488525        999130082689966.12        2.0515630042812187        13.526579999999999     
  0.51999998092651367        1010725118353111.6        2.0551210241085718        13.514370000000000     
  0.52499997615814209        1022353058012473.9        2.0585120984343650        13.502039999999999     
  0.52999997138977051        1034017821638720.9        2.0617402014612840        13.489620000000000     
  0.53499996662139893        1045691850650184.2        2.0648251456706981        13.477050000000000     
  0.53999996185302734        1057403416350472.0        2.0677502451710397        13.464440000000000     
  0.54500001668930054        1069142421845438.9        2.0705320763975270        13.451750000000001     
  0.55000001192092896        1080926091248627.4        2.0731728745931264        13.439000000000000     
  0.55500000715255737        1092713918196464.1        2.0756779107474017        13.426200000000000     
  0.56000000238418579        1104563989527035.5        2.0780621585657384        13.413300000000000     
  0.56499999761581421        1116422257159913.5        2.0803124145416589        13.400410000000001     
  0.56999999284744263        1128287652012188.8        2.0824449835561682        13.387460000000001     
  0.57499998807907104        1140204481631112.8        2.0844600785815750        13.374490000000000     
  0.57999998331069946        1152152671015384.2        2.0863684784928460        13.361459999999999     
  0.58499997854232788        1164111670015741.2        2.0881671098162884        13.348420000000001     
  0.58999997377395630        1176105711178133.8        2.0898689438717688        13.335300000000000     
  0.59499996900558472        1188099633553536.5        2.0914630677343782        13.322240000000001     
  0.59999996423721313        1200163877826990.2        2.0929662713927728        13.309120000000000     
  0.60499995946884155        1212229785118303.5        2.0943562354835010        13.296180000000000     
  0.61000001430511475        1224335248477270.8        2.0956394070907005        13.283429999999999     
  0.61500000953674316        1236443325150016.8        2.0968310690883576        13.270770000000001     
  0.62000000476837158        1248607944429979.5        2.0979395596079606        13.258150000000001     
  0.62500000000000000        1260746192998173.5        2.0989672754395592        13.245580000000000     
  0.62999999523162842        1272950605919770.0        2.0999078099838830        13.233180000000001     
  0.63499999046325684        1285171886593940.0        2.1007832613752981        13.220710000000000     
  0.63999998569488525        1297432010613824.0        2.1015821780891009        13.208360000000001     
  0.64499998092651367        1309703181823773.2        2.1023138985382186        13.196020000000001     
  0.64999997615814209        1321975659690612.2        2.1029837240138969        13.183660000000000     
  0.65499997138977051        1334327130905769.0        2.1035829588903572        13.171460000000000     
  0.65999996662139893        1346658289545643.8        2.1041245177845829        13.159240000000000     
  0.66499996185302734        1359014868601368.5        2.1046043876659422        13.147110000000000     
  0.66999995708465576        1371411716446686.5        2.1050284977206561        13.134990000000000     
  0.67500001192092896        1383828401719326.8        2.1053949275537294        13.122999999999999     
  0.68000000715255737        1396252332998353.8        2.1057112672229925        13.110939999999999     
  0.68500000238418579        1408720453037642.8        2.1059754637856503        13.098940000000001     
  0.68999999761581421        1421150917601117.0        2.1061892712299537        13.087030000000000     
  0.69499999284744263        1433693873444075.8        2.1063562302325978        13.075070000000000     
  0.69999998807907104        1446200599255098.8        2.1064755903347345        13.063260000000000     
  0.70499998331069946        1458751395039394.0        2.1065506378990593        13.051439999999999     
  0.70999997854232788        1471327611239539.0        2.1065821197621388        13.039750000000000     
  0.71499997377395630        1483930910873392.8        2.1065716414267794        13.027910000000000     
  0.71999996900558472        1496507245860527.8        2.1065206238391774        13.016230000000000     
  0.72499996423721313        1509164949935779.2        2.1064300151207345        13.004540000000000     
  0.72999995946884155        1521832750905177.0        2.1063021339076915        12.992970000000000     
  0.73499995470046997        1534485584713840.5        2.1061378550520438        12.981450000000001     
  0.74000000953674316        1547187239975374.2        2.1059366388538612        12.969889999999999     
  0.74500000476837158        1559891033402726.8        2.1057028908534070        12.958460000000001     
  0.75000000000000000        1572690806717960.5        2.1054338006921203        12.946990000000000     
  0.75499999523162842        1585418595117283.5        2.1051337559595287        12.935620000000000     
  0.75999999046325684        1598241650682547.5        2.1048011344388220        12.924239999999999     
  0.76499998569488525        1611066012904701.2        2.1044393189809534        12.912940000000001     
  0.76999998092651367        1623803898198170.0        2.1040516877992941        12.901780000000000     
  0.77499997615814209        1636706184685731.8        2.1036290911698261        12.890480000000000     
  0.77999997138977051        1649543019541830.2        2.1031847446545413        12.879370000000000     
  0.78499996662139893        1662422023779361.5        2.1027127756813440        12.868270000000001     
  0.78999996185302734        1675345335564144.8        2.1022136583532469        12.857189999999999     
  0.79499995708465576        1688211273232781.2        2.1016857010890049        12.846060000000000     
  0.79999995231628418        1701197304548258.8        2.1011422169773000        12.835160000000000     
  0.80500000715255737        1714158509382836.5        2.1005718085137381        12.824220000000000     
  0.81000000238418579        1727147272799083.0        2.0999811033888132        12.813370000000001     
  0.81499999761581421        1740159318465359.8        2.0993703653675140        12.802600000000000     
  0.81999999284744263        1753193458511768.0        2.0987273429405642        12.791670000000000     
  0.82499998807907104        1766258720749543.0        2.0980915719270601        12.781250000000000     
  0.82999998331069946        1779313054584242.8        2.0974367670949632        12.770870000000000     
  0.83499997854232788        1792441273926692.2        2.0967740426056056        12.760690000000000     
  0.83999997377395630        1805472206724371.2        2.0960974497481204        12.750610000000000     
  0.84499996900558472        1818708403440687.0        2.0954025238146192        12.740560000000000     
  0.84999996423721313        1831745275587863.8        2.0947063512192536        12.730760000000000     
  0.85499995946884155        1844965436060535.5        2.0939849926436924        12.720870000000000     
  0.85999995470046997        1858049823003693.0        2.0932597014440897        12.711180000000001     
  0.86500000953674316        1871347076232843.5        2.0925168511208434        12.701499999999999     
  0.87000000476837158        1884516989808766.0        2.0917698881163096        12.691990000000001     
  0.87500000000000000        1897843345850454.5        2.0909996646557554        12.682399999999999     
  0.87999999523162842        1911056379103729.5        2.0902309392108025        12.673050000000000     
  0.88499999046325684        1924277371085331.0        2.0894712445185055        12.663990000000000     
  0.88999998569488525        1937608478606617.5        2.0886659192932888        12.654590000000001     
  0.89499998092651367        1950809870734877.2        2.0878666491928981        12.645440000000001     
  0.89999997615814209        1964153926038068.8        2.0870680676046223        12.636469999999999     
  0.90499997138977051        1977401169944449.8        2.0862497135969242        12.627450000000000     
  0.90999996662139893        1990905944045045.2        2.0854204696285459        12.618480000000000     
  0.91499996185302734        2004180984107074.8        2.0845869978292386        12.609610000000000     
  0.91999995708465576        2017538818701100.8        2.0837312786182167        12.600660000000000     
  0.92499995231628418        2031046087328485.5        2.0828907917633015        12.592020000000000     
  0.93000000715255737        2044357832570410.0        2.0820395665503160        12.583399999999999     
  0.93500000238418579        2057738236692526.5        2.0811502565722222        12.574540000000001     
  0.93999999761581421        2071337208876153.8        2.0802661733060064        12.565860000000001     
  0.94499999284744263        2084771304717728.0        2.0793580996367194        12.557079999999999     
  0.94999998807907104        2098251489911404.0        2.0784831474956591        12.548740000000000     
  0.95499998331069946        2111746404691834.0        2.0775857901924852        12.540300000000000     
  0.95999997854232788        2125317343145832.5        2.0766811327088228        12.531910000000000     
  0.96499997377395630        2138778997569076.0        2.0757562045761406        12.523440000000001     
  0.96999996900558472        2152447816502794.5        2.0748198937232831        12.514980000000000     
  0.97499996423721313        2165763838076357.5        2.0739045968959116        12.506819999999999     
  0.97999995946884155        2179533150803575.2        2.0729472691618600        12.498379999999999     
  0.98499995470046997        2193215511454148.5        2.0720027695943948        12.490159999999999     
  0.98999994993209839        2206619435400275.5        2.0710659118814370        12.482089999999999     
  0.99500000476837158        2220375681558598.8        2.0700717410216138        12.473640000000000     
   1.0000000000000000        2233963012617210.5        2.0691059122851163        12.465510000000000     
   1.0049999952316284        2247511143969138.5        2.0681692953505832        12.457720000000000     
   1.0099999904632568        2261331297528055.5        2.0672114292276973        12.449830000000000     
   1.0149999856948853        2274985862022980.0        2.0662458181777112        12.441950000000000     
   1.0199999809265137        2288652067642920.0        2.0652768303397728        12.434139999999999     
   1.0249999761581421        2302253890714306.0        2.0643007697417350        12.426340000000000     
   1.0299999713897705        2316057414094629.5        2.0633445825874426        12.418770000000000     
   1.0349999666213989        2329790140428942.5        2.0623477391474756        12.410959999999999     
   1.0399999618530273        2343628824758292.0        2.0613945615982834        12.403560000000001     
   1.0449999570846558        2357277925051678.5        2.0604332398652212        12.396160000000000     
   1.0499999523162842        2370984280674222.0        2.0594472899328822        12.388640000000001     
   1.0549999475479126        2384993067973182.0        2.0584597778854121        12.381169999999999     
   1.0599999427795410        2398788276264209.5        2.0574723641900330        12.373770000000000     
   1.0649999380111694        2412654994323187.0        2.0564750058277967        12.366360000000000     
   1.0699999332427979        2426432859713681.5        2.0554934619254728        12.359130000000000     
   1.0749999284744263        2440361347007434.5        2.0545253907638998        12.352050000000000     
   1.0799999237060547        2454215711219457.5        2.0534793910417770        12.344469999999999     
   1.0849999189376831        2468086705610073.5        2.0524712011905808        12.337220000000000     
   1.0900000333786011        2482116874567224.5        2.0514636569449767        12.330019999999999     
   1.0950000286102295        2495818716284150.0        2.0504675598765383        12.322970000000000     
   1.1000000238418579        2509904952700558.0        2.0494398903842139        12.315740000000000     
   1.1050000190734863        2523875490588753.5        2.0484223403888788        12.308640000000000     
   1.1100000143051147        2537790673739632.0        2.0474201395722011        12.301700000000000     
   1.1150000095367432        2551807538553908.5        2.0463829393850630        12.294560000000001     
   1.1200000047683716        2565741014901239.0        2.0453487522402414        12.287490000000000     
   1.1250000000000000        2579640755743423.5        2.0443907132463179        12.280989999999999     
   1.1299999952316284        2593734594527189.0        2.0432873479963969        12.273550000000000     
   1.1349999904632568        2607716535966419.5        2.0422940195399479        12.266900000000000     
   1.1399999856948853        2621831518834396.5        2.0413000124594385        12.260289999999999     
   1.1449999809265137        2635740049913837.0        2.0402354181738844        12.253250000000000     
   1.1499999761581421        2649963841664609.5        2.0391755868987747        12.246290000000000     
   1.1549999713897705        2664027983700886.5        2.0381486998418605        12.239590000000000     
   1.1599999666213989        2678075733132550.5        2.0371030381388660        12.232799999999999     
   1.1649999618530273        2692220887895975.0        2.0360705296195052        12.226139999999999     
   1.1699999570846558        2706319953307298.0        2.0350063601376456        12.219320000000000     
   1.1749999523162842        2720539231152452.0        2.0339653252711494        12.212680000000001     
   1.1799999475479126        2734551819635090.5        2.0329306931952660        12.206130000000000     
   1.1849999427795410        2748843557544115.0        2.0318831891634757        12.199520000000000     
   1.1899999380111694        2762955451950353.0        2.0308393519364447        12.192980000000000     
   1.1949999332427979        2777084926831103.5        2.0297407466508184        12.186130000000000     
   1.1999999284744263        2791325823908429.0        2.0287096894649586        12.179740000000001     
