        0.032362       4.344033       1.144204       0.000000      11.762024     490.691073       0.996374       0.983412
        0.064725       4.344033       1.144204       0.000000      21.175171     488.366266       0.992841       0.967245
        0.097087       4.344033       1.144204       0.000000      29.525330     485.964557       0.989388       0.951445
        0.129450       4.344033       1.144204       0.000000      37.215149     483.464763       0.986016       0.936020
        0.161812       4.344033       1.144204       0.000000      44.268616     480.831019       0.982719       0.920935
        0.194175       4.344033       1.144204       0.000000      50.709961     478.056418       0.979493       0.906172
        0.226537       4.344033       1.144204       0.000000      56.641968     475.133593       0.976320       0.891654
        0.258900       4.344033       1.144204       0.000000      62.004822     472.070341       0.973230       0.877515
        0.291262       4.344033       1.144204       0.000000      66.893494     468.881820       0.970194       0.863626
        0.323625       4.344033       1.144204       0.000000      71.389709     465.548625       0.967218       0.850008
        0.355987       4.344033       1.144204       0.000000      75.511597     462.105244       0.964291       0.836618
        0.388350       4.344033       1.144204       0.000000      79.257080     458.565172       0.961435       0.823549
        0.420712       4.344033       1.144204       0.000000      82.765686     454.909004       0.958625       0.810693
        0.453074       4.344033       1.144204       0.000000      85.959045     451.182060       0.955867       0.798075
        0.485437       4.344033       1.144204       0.000000      88.985168     447.362734       0.953161       0.785691
        0.517799       4.344033       1.144204       0.000000      91.767273     443.488866       0.950503       0.773532
        0.550162       4.344033       1.144204       0.000000      94.380493     439.551141       0.947894       0.761596
        0.582524       4.344033       1.144204       0.000000      96.840820     435.588987       0.945333       0.749874
        0.614887       4.344033       1.144204       0.000000      99.192017     431.558433       0.942817       0.738367
        0.647249       4.344033       1.144204       0.000000     101.410217     427.545204       0.940348       0.727066
        0.679612       4.344033       1.144204       0.000000     103.550232     423.487499       0.937914       0.715932
        0.711974       4.344033       1.144204       0.000000     105.598633     419.422785       0.935532       0.705033
        0.744337       4.344033       1.144204       0.000000     107.534912     415.346360       0.933192       0.694327
        0.776699       4.344033       1.144204       0.000000     109.371765     411.264303       0.930894       0.683811
        0.809062       4.344033       1.144204       0.000000     111.120117     407.198114       0.928636       0.673482
        0.841424       4.344033       1.144204       0.000000     112.827942     403.153658       0.926419       0.663338
        0.873786       4.344033       1.144204       0.000000     114.487732     399.130058       0.924247       0.653400
        0.906149       4.344033       1.144204       0.000000     116.122070     395.140366       0.922110       0.643620
        0.938511       4.344033       1.144204       0.000000     117.739380     391.179341       0.920012       0.634024
        0.970874       4.344033       1.144204       0.000000     119.323975     387.263092       0.917956       0.624614
        1.003236       4.344033       1.144204       0.000000     120.897522     383.391214       0.915946       0.615417
        1.035599       4.344033       1.144204       0.000000     122.456360     379.577539       0.913996       0.606498
        1.067961       4.344033       1.144204       0.000000     124.001648     375.841930       0.912144       0.598022
        1.100324       4.344033       1.144204       0.000000     125.490479     372.221263       0.910459       0.590312
        1.132686       4.344033       1.144204       0.000000     126.883423     368.778292       0.909025       0.583754
        1.165049       4.344033       1.144204       0.000000     128.224243     365.513794       0.907884       0.578533
        1.197411       4.344033       1.144204       0.000000     129.456482     362.430744       0.907001       0.574493
        1.229774       4.344033       1.144204       0.000000     130.630066     359.479391       0.906314       0.571347
        1.262136       4.344033       1.144204       0.000000     131.749207     356.641143       0.905766       0.568841
        1.294498       4.344033       1.144204       0.000000     132.817810     353.896365       0.905318       0.566790
        1.326861       4.344033       1.144204       0.000000     133.875000     351.221768       0.904942       0.565071
        1.359223       4.344033       1.144204       0.000000     134.905212     348.607826       0.904621       0.563601
        1.391586       4.344033       1.144204       0.000000     135.719116     346.098084       0.904337       0.562303
        1.423948       4.344033       1.144204       0.000000     135.305420     343.975278       0.904064       0.561052
        1.456311       4.344033       1.144204       0.000000     134.725830     341.938435       0.903819       0.559933
        1.488673       4.344033       1.144204       0.000000     134.068176     339.936252       0.903601       0.558938
        1.521036       4.344033       1.144204       0.000000     133.382568     337.973050       0.903400       0.558014
        1.553398       4.344033       1.144204       0.000000     132.670837     336.040715       0.903219       0.557188
        1.585761       4.344033       1.144204       0.000000     131.943726     334.129287       0.903053       0.556426
        1.618123       4.344033       1.144204       0.000000     131.205994     332.251204       0.902899       0.555722
        1.650485       4.344033       1.144204       0.000000     130.455933     330.386564       0.902756       0.555068
        1.682848       4.344033       1.144204       0.000000     129.712219     328.543541       0.902623       0.554459
        1.715210       4.344033       1.144204       0.000000     128.956726     326.726266       0.902498       0.553890
        1.747573       4.344033       1.144204       0.000000     128.193787     324.926531       0.902383       0.553364
        1.779935       4.344033       1.144204       0.000000     127.435059     323.137732       0.902270       0.552845
        1.812298       4.344033       1.144204       0.000000     126.672424     321.376431       0.902166       0.552369
        1.844660       4.344033       1.144204       0.000000     125.916504     319.627491       0.902066       0.551913
        1.877023       4.344033       1.144204       0.000000     125.160156     317.898430       0.901972       0.551480
        1.909385       4.344033       1.144204       0.000000     124.397522     316.182547       0.901882       0.551069
        1.941748       4.344033       1.144204       0.000000     123.641235     314.478914       0.901794       0.550670
        1.974110       4.344033       1.144204       0.000000     122.887268     312.795168       0.901713       0.550299
        2.006473       4.344033       1.144204       0.000000     122.137146     311.132885       0.901636       0.549944
        2.038835       4.344033       1.144204       0.000000     121.389648     309.481479       0.901558       0.549589
        2.071197       4.344033       1.144204       0.000000     120.637268     307.844055       0.901485       0.549256
        2.103560       4.344033       1.144204       0.000000     119.894165     306.222997       0.901415       0.548934
        2.135922       4.344033       1.144204       0.000000     119.153931     304.613435       0.901345       0.548611
        2.168285       4.344033       1.144204       0.000000     118.420776     303.028606       0.901282       0.548324
        2.200647       4.344033       1.144204       0.000000     117.686279     301.447108       0.901218       0.548034
        2.233010       4.344033       1.144204       0.000000     116.954102     299.881249       0.901157       0.547752
        2.265372       4.344033       1.144204       0.000000     116.234619     298.334797       0.901098       0.547482
        2.297735       4.344033       1.144204       0.000000     115.509888     296.797616       0.901041       0.547223
        2.330097       4.344033       1.144204       0.000000     114.791382     295.273430       0.900984       0.546962
        2.362460       4.344033       1.144204       0.000000     114.080322     293.766625       0.900930       0.546714
        2.394822       4.344033       1.144204       0.000000     113.367676     292.266050       0.900877       0.546471
        2.427185       4.344033       1.144204       0.000000     112.664795     290.777951       0.900826       0.546240
        2.459547       4.344033       1.144204       0.000000     111.963379     289.306995       0.900776       0.546008
        2.491909       4.344033       1.144204       0.000000     111.267578     287.847982       0.900731       0.545803
        2.524272       4.344033       1.144204       0.000000     110.572876     286.401103       0.900683       0.545585
        2.556634       4.344033       1.144204       0.000000     109.879761     284.962384       0.900633       0.545357
        2.588997       4.344033       1.144204       0.000000     109.197998     283.545477       0.900590       0.545160
        2.621359       4.344033       1.144204       0.000000     108.513306     282.123721       0.900544       0.544949
        2.653722       4.344033       1.144204       0.000000     107.837646     280.726205       0.900500       0.544749
        2.686084       4.344033       1.144204       0.000000     107.163818     279.336656       0.900458       0.544556
        2.718447       4.344033       1.144204       0.000000     106.492920     277.951315       0.900418       0.544371
        2.750809       4.344033       1.144204       0.000000     105.818848     276.649199       0.900379       0.544192
        2.783172       4.344033       1.144204       0.000000     105.137451     275.444733       0.900344       0.544032
        2.815534       4.344033       1.144204       0.000000     104.459595     274.280868       0.900302       0.543843
        2.847897       4.344033       1.144204       0.000000     103.780151     273.154155       0.900267       0.543680
        2.880259       4.344033       1.144204       0.000000     103.107300     272.055060       0.900232       0.543520
        2.912621       4.344033       1.144204       0.000000     102.441650     270.978846       0.900199       0.543368
        2.944984       4.344033       1.144204       0.000000     101.784668     269.929873       0.900167       0.543222
        2.977346       4.344033       1.144204       0.000000     101.123291     268.896356       0.900128       0.543045
        3.009709       4.344033       1.144204       0.000000     100.472900     267.886119       0.900100       0.542916
        3.042071       4.344033       1.144204       0.000000      99.825928     266.887251       0.900069       0.542773
        3.074434       4.344033       1.144204       0.000000      99.185669     265.904769       0.900036       0.542626
        3.106796       4.344033       1.144204       0.000000      98.552979     264.939867       0.900007       0.542490
        3.139159       4.344033       1.144204       0.000000      97.920776     263.989049       0.899978       0.542358
        3.171521       4.344033       1.144204       0.000000      97.297241     263.045735       0.899947       0.542217
        3.203883       4.344033       1.144204       0.000000      96.673584     262.121931       0.899918       0.542086
        3.236246       4.344033       1.144204       0.000000      96.057617     261.207528       0.899890       0.541955
        3.268609       4.344033       1.144204       0.000000      95.449463     260.309991       0.899862       0.541829
        3.300971       4.344033       1.144204       0.000000      94.845337     259.418864       0.899837       0.541714
        3.333333       4.344033       1.144204       0.000000      94.246338     258.540914       0.899810       0.541590
        3.365696       4.344033       1.144204       0.000000      93.652832     257.677023       0.899780       0.541454
        3.398058       4.344033       1.144204       0.000000      93.057983     256.816021       0.899751       0.541322
        3.430421       4.344033       1.144204       0.000000      92.471802     255.970332       0.899724       0.541197
        3.462783       4.344033       1.144204       0.000000      91.895142     255.134105       0.899703       0.541098
        3.495146       4.344033       1.144204       0.000000      91.319580     254.309123       0.899678       0.540988
        3.527508       4.344033       1.144204       0.000000      90.745239     253.489542       0.899653       0.540871
        3.559871       4.344033       1.144204       0.000000      90.178223     252.682507       0.899628       0.540756
        3.592233       4.344033       1.144204       0.000000      89.615356     251.882317       0.899604       0.540647
        3.624596       4.344033       1.144204       0.000000      89.057495     251.094115       0.899580       0.540540
        3.656958       4.344033       1.144204       0.000000      88.502075     250.308737       0.899555       0.540424
        3.689321       4.344033       1.144204       0.000000      87.952148     249.536855       0.899532       0.540317
        3.721683       4.344033       1.144204       0.000000      87.407959     248.768402       0.899509       0.540213
        3.754045       4.344033       1.144204       0.000000      86.866333     248.012832       0.899485       0.540104
        3.786408       4.344033       1.144204       0.000000      86.328735     247.264335       0.899463       0.540001
        3.818770       4.344033       1.144204       0.000000      85.794556     246.519477       0.899441       0.539903
        3.851133       4.344033       1.144204       0.000000      85.264038     245.785943       0.899419       0.539803
        3.883495       4.344033       1.144204       0.000000      84.738403     245.055020       0.899397       0.539701
        3.915858       4.344033       1.144204       0.000000      84.234131     244.339293       0.899376       0.539604
        3.948220       4.344033       1.144204       0.000000      83.747437     243.627053       0.899353       0.539500
        3.980583       4.344033       1.144204       0.000000      83.273926     242.925502       0.899332       0.539403
        4.012945       4.344033       1.144204       0.000000      82.806885     242.227105       0.899310       0.539303
        4.045308       4.344033       1.144204       0.000000      82.352173     241.540548       0.899294       0.539228
        4.077670       4.344033       1.144204       0.000000      81.898193     240.854707       0.899266       0.539103
        4.110032       4.344033       1.144204       0.000000      81.456055     240.176333       0.899247       0.539016
        4.142395       4.344033       1.144204       0.000000      81.018433     239.506155       0.899225       0.538912
        4.174757       4.344033       1.144204       0.000000      80.585571     238.839294       0.899204       0.538818
        4.207120       4.344033       1.144204       0.000000      80.159790     238.178833       0.899189       0.538749
        4.239482       4.344033       1.144204       0.000000      79.738159     237.526890       0.899163       0.538631
        4.271845       4.344033       1.144204       0.000000      79.323242     236.880395       0.899146       0.538550
        4.304207       4.344033       1.144204       0.000000      78.907104     236.233080       0.899122       0.538442
        4.336570       4.344033       1.144204       0.000000      78.501221     235.593569       0.899102       0.538351
        4.368932       4.344033       1.144204       0.000000      78.096069     234.958932       0.899077       0.538238
        4.401295       4.344033       1.144204       0.000000      77.697510     234.329259       0.899061       0.538164
        4.433657       4.344033       1.144204       0.000000      77.301636     233.705762       0.899042       0.538077
        4.466020       4.344033       1.144204       0.000000      76.909790     233.086377       0.899024       0.537992
        4.498382       4.344033       1.144204       0.000000      76.521362     232.469174       0.899004       0.537901
        4.530744       4.344033       1.144204       0.000000      76.137451     231.861646       0.898983       0.537806
        4.563107       4.344033       1.144204       0.000000      75.758423     231.256183       0.898966       0.537729
        4.595469       4.344033       1.144204       0.000000      75.377441     230.649210       0.898940       0.537610
        4.627832       4.344033       1.144204       0.000000      75.002197     230.053569       0.898927       0.537551
        4.660194       4.344033       1.144204       0.000000      74.632690     229.466161       0.898911       0.537478
        4.692557       4.344033       1.144204       0.000000      74.264282     228.869873       0.898892       0.537390
        4.724919       4.344033       1.144204       0.000000      73.898682     228.284631       0.898873       0.537305
        4.757281       4.344033       1.144204       0.000000      73.536377     227.702441       0.898855       0.537218
        4.789644       4.344033       1.144204       0.000000      73.176636     227.127531       0.898838       0.537144
        4.822007       4.344033       1.144204       0.000000      72.819458     226.556781       0.898819       0.537056
        4.854369       4.344033       1.144204       0.000000      72.464966     225.985265       0.898802       0.536980
        4.886732       4.344033       1.144204       0.000000      72.114990     225.419415       0.898785       0.536899
        4.919094       4.344033       1.144204       0.000000      71.765015     224.857805       0.898769       0.536827
        4.951456       4.344033       1.144204       0.000000      71.419312     224.296310       0.898751       0.536743
        4.983819       4.344033       1.144204       0.000000      71.074585     223.741146       0.898733       0.536661
        5.016181       4.344033       1.144204       0.000000      70.732178     223.199162       0.898717       0.536590
        5.048544       4.344033       1.144204       0.000000      70.394653     222.643841       0.898699       0.536508
        5.080906       4.344033       1.144204       0.000000      70.055420     222.099290       0.898682       0.536430
        5.113269       4.344033       1.144204       0.000000      69.722290     221.563542       0.898667       0.536362
        5.145631       4.344033       1.144204       0.000000      69.392578     221.023791       0.898658       0.536321
        5.177993       4.344033       1.144204       0.000000      69.060669     220.489529       0.898635       0.536215
        5.210356       4.344033       1.144204       0.000000      68.731934     219.956795       0.898618       0.536136
        5.242719       4.344033       1.144204       0.000000      68.405762     219.429774       0.898603       0.536065
        5.275081       4.344033       1.144204       0.000000      68.080322     218.901309       0.898579       0.535959
        5.307444       4.344033       1.144204       0.000000      67.761353     218.387094       0.898572       0.535925
        5.339806       4.344033       1.144204       0.000000      67.479492     217.864394       0.898546       0.535808
        5.372168       4.344033       1.144204       0.000000      67.246948     217.353102       0.898534       0.535749
        5.404531       4.344033       1.144204       0.000000      67.035767     216.845992       0.898516       0.535671
        5.436893       4.344033       1.144204       0.000000      66.843628     216.346799       0.898506       0.535621
        5.469256       4.344033       1.144204       0.000000      66.660278     215.838792       0.898489       0.535544
        5.501618       4.344033       1.144204       0.000000      66.488770     215.343258       0.898474       0.535477
        5.533981       4.344033       1.144204       0.000000      66.323975     214.852771       0.898458       0.535406
        5.566343       4.344033       1.144204       0.000000      66.167603     214.354289       0.898445       0.535342
        5.598706       4.344033       1.144204       0.000000      66.020386     213.864080       0.898427       0.535262
        5.631068       4.344033       1.144204       0.000000      65.877197     213.375259       0.898411       0.535191
        5.663431       4.344033       1.144204       0.000000      65.723389     212.917702       0.898396       0.535119
        5.695793       4.344033       1.144204       0.000000      65.566406     212.473611       0.898380       0.535048
        5.728156       4.344033       1.144204       0.000000      65.407349     212.044153       0.898353       0.534926
        5.760518       4.344033       1.144204       0.000000      65.250366     211.629529       0.898349       0.534907
        5.792880       4.344033       1.144204       0.000000      65.094727     211.223149       0.898341       0.534870
        5.825243       4.344033       1.144204       0.000000      64.940552     210.811814       0.898316       0.534754
        5.857605       4.344033       1.144204       0.000000      64.789795     210.408974       0.898309       0.534720
        5.889968       4.344033       1.144204       0.000000      64.642090     210.003137       0.898291       0.534640
        5.922330       4.344033       1.144204       0.000000      64.496216     209.617627       0.898276       0.534571
        5.954693       4.344033       1.144204       0.000000      64.350464     209.231778       0.898268       0.534533
        5.987055       4.344033       1.144204       0.000000      64.209351     208.835948       0.898243       0.534420
        6.019418       4.344033       1.144204       0.000000      64.071777     208.453124       0.898223       0.534328
        6.051780       4.344033       1.144204       0.000000      63.933960     208.083155       0.898224       0.534332
        6.084143       4.344033       1.144204       0.000000      63.797974     207.701055       0.898205       0.534246
        6.116505       4.344033       1.144204       0.000000      63.664795     207.332367       0.898205       0.534247
        6.148868       4.344033       1.144204       0.000000      63.535889     206.960615       0.898179       0.534126
        6.181230       4.344033       1.144204       0.000000      63.408569     206.591540       0.898165       0.534064
        6.213592       4.344033       1.144204       0.000000      63.282227     206.225221       0.898141       0.533955
        6.245955       4.344033       1.144204       0.000000      63.156250     205.858967       0.898135       0.533925
        6.278317       4.344033       1.144204       0.000000      63.034058     205.507998       0.898122       0.533868
        6.310680       4.344033       1.144204       0.000000      62.915771     205.143678       0.898109       0.533809
        6.343042       4.344033       1.144204       0.000000      62.795044     204.796206       0.898099       0.533763
        6.375405       4.344033       1.144204       0.000000      62.677002     204.437494       0.898081       0.533678
        6.407767       4.344033       1.144204       0.000000      62.561768     204.107418       0.898066       0.533612
        6.440130       4.344033       1.144204       0.000000      62.444580     203.754568       0.898070       0.533628
        6.472492       4.344033       1.144204       0.000000      62.333862     203.408894       0.898058       0.533573
        6.504855       4.344033       1.144204       0.000000      62.226807     203.069200       0.898032       0.533453
        6.537217       4.344033       1.144204       0.000000      62.153564     202.747063       0.898009       0.533348
        6.569580       4.344033       1.144204       0.000000      62.092407     202.398559       0.898003       0.533324
        6.601942       4.344033       1.144204       0.000000      62.038208     202.071984       0.897992       0.533271
        6.634304       4.344033       1.144204       0.000000      61.989990     201.754690       0.897989       0.533258
        6.666667       4.344033       1.144204       0.000000      61.955933     201.427121       0.897966       0.533153
        6.699029       4.344033       1.144204       0.000000      61.917725     201.120575       0.897965       0.533147
        6.731392       4.344033       1.144204       0.000000      61.889526     200.809647       0.897939       0.533031
        6.763754       4.344033       1.144204       0.000000      61.864868     200.510013       0.897922       0.532951
        6.796117       4.344033       1.144204       0.000000      61.839111     200.181648       0.897917       0.532927
        6.828479       4.344033       1.144204       0.000000      61.820068     199.881028       0.897894       0.532825
        6.860841       4.344033       1.144204       0.000000      61.799194     199.571825       0.897889       0.532799
        6.893204       4.344033       1.144204       0.000000      61.781616     199.273963       0.897877       0.532745
        6.925566       4.344033       1.144204       0.000000      61.769287     198.971172       0.897864       0.532687
        6.957929       4.344033       1.144204       0.000000      61.761230     198.671860       0.897833       0.532545
        6.990291       4.344033       1.144204       0.000000      61.747070     198.393502       0.897837       0.532562
        7.022654       4.344033       1.144204       0.000000      61.735596     198.090539       0.897832       0.532539
        7.055017       4.344033       1.144204       0.000000      61.731201     197.789995       0.897815       0.532464
        7.087379       4.344033       1.144204       0.000000      61.722534     197.510054       0.897804       0.532412
        7.119742       4.344033       1.144204       0.000000      61.720093     197.204096       0.897792       0.532358
        7.152104       4.344033       1.144204       0.000000      61.716309     196.916856       0.897779       0.532298
        7.184466       4.344033       1.144204       0.000000      61.716187     196.642635       0.897767       0.532242
        7.216829       4.344033       1.144204       0.000000      61.715210     196.337367       0.897755       0.532189
        7.249191       4.344033       1.144204       0.000000      61.713257     196.072575       0.897754       0.532184
        7.281554       4.344033       1.144204       0.000000      61.723877     195.794144       0.897714       0.531999
        7.313916       4.344033       1.144204       0.000000      61.715332     195.515104       0.897734       0.532090
        7.346279       4.344033       1.144204       0.000000      61.723389     195.236487       0.897708       0.531971
        7.378641       4.344033       1.144204       0.000000      61.736938     194.941846       0.897675       0.531820
        7.411003       4.344033       1.144204       0.000000      61.737183     194.674961       0.897684       0.531863
        7.443366       4.344033       1.144204       0.000000      61.741821     194.391300       0.897673       0.531811
        7.475728       4.344033       1.144204       0.000000      61.746582     194.137227       0.897662       0.531764
        7.508091       4.344033       1.144204       0.000000      61.759277     193.863590       0.897652       0.531716
        7.540453       4.344033       1.144204       0.000000      61.771851     193.602062       0.897632       0.531623
        7.572816       4.344033       1.144204       0.000000      61.770752     193.317314       0.897640       0.531660
        7.605178       4.344033       1.144204       0.000000      61.784058     193.061742       0.897616       0.531553
        7.637540       4.344033       1.144204       0.000000      61.798218     192.772845       0.897606       0.531505
        7.669903       4.344033       1.144204       0.000000      61.810303     192.500008       0.897593       0.531445
        7.702265       4.344033       1.144204       0.000000      61.823608     192.242122       0.897584       0.531403
        7.734628       4.344033       1.144204       0.000000      61.828613     191.992325       0.897589       0.531427
        7.766990       4.344033       1.144204       0.000000      61.853638     191.738067       0.897562       0.531306
