        0.010000     249.491220
        0.020000     250.633711
        0.030000     251.820312
        0.040000     252.432855
        0.050000     252.281954
        0.060000     251.315051
        0.070000     249.537500
        0.080000     246.982752
        0.090000     243.697952
        0.100000     239.736707
        0.110000     235.155109
        0.120000     230.086160
        0.130000     224.671890
        0.140000     218.872290
        0.150000     212.711517
        0.160000     206.223469
        0.170000     199.441577
        0.180000     192.400336
        0.190000     185.131371
        0.200000     177.664176
        0.210000     170.025917
        0.220000     162.240831
        0.230000     154.328578
        0.240000     146.313247
        0.250000     138.211899
        0.260000     130.040868
        0.270000     121.811429
        0.280000     113.540645
        0.290000     105.239503
        0.300000      96.914998
        0.310000      88.579197
        0.320000      80.240068
        0.330000      71.901853
        0.340000      63.577229
        0.350000      55.649743
        0.360000      49.389054
        0.370000      43.683253
        0.380000      38.299438
        0.390000      33.155039
        0.400000      28.207645
        0.410000      23.426109
        0.420000      18.795940
        0.430000      14.940253
        0.440000      12.510870
        0.450000      10.377900
        0.460000       8.424990
        0.470000       6.605944
        0.480000       4.901368
        0.490000       3.295092
        0.500000       1.777532
        0.510000       0.343646
        0.520000      -0.888189
        0.530000      -1.916494
        0.540000      -2.843775
        0.550000      -3.696670
        0.560000      -4.495749
        0.570000      -5.243401
        0.580000      -5.949207
        0.590000      -6.613485
        0.600000      -7.241662
        0.610000      -7.838240
        0.620000      -8.406256
        0.630000      -8.942515
        0.640000      -9.454250
        0.650000      -9.939299
        0.660000     -10.402580
        0.670000     -10.839011
        0.680000     -11.254970
        0.690000     -11.653761
        0.700000     -12.030082
        0.710000     -12.386989
        0.720000     -12.726769
        0.730000     -13.049777
        0.740000     -13.355818
        0.750000     -13.648202
        0.760000     -13.922745
        0.770000     -14.178990
        0.780000     -14.426479
        0.790000     -14.658266
        0.800000     -14.877041
        0.810000     -15.085912
        0.820000     -15.279266
        0.830000     -15.461528
        0.840000     -15.637256
        0.850000     -15.796092
        0.860000     -15.950987
        0.870000     -16.089579
        0.880000     -16.220104
        0.890000     -16.341668
        0.900000     -16.453691
        0.910000     -16.557074
        0.920000     -16.656229
        0.930000     -16.741639
        0.940000     -16.820973
        0.950000     -16.893243
        0.960000     -16.953776
        0.970000     -17.015221
        0.980000     -17.061404
        0.990000     -17.105305
        1.000000     -17.140132
        1.010000     -17.171324
        1.020000     -17.194601
        1.030000     -17.210326
        1.040000     -17.225121
        1.050000     -17.225462
        1.060000     -17.229105
        1.070000     -17.224406
        1.080000     -17.210172
        1.090000     -17.195767
        1.100000     -17.174387
        1.110000     -17.145750
        1.120000     -17.112439
        1.130000     -17.075625
        1.140000     -17.037769
        1.150000     -16.991080
        1.160000     -16.934281
        1.170000     -16.880436
        1.180000     -16.819288
        1.190000     -16.745121
        1.200000     -16.675801
        1.210000     -16.595532
        1.220000     -16.514600
        1.230000     -16.427085
        1.240000     -16.345450
        1.250000     -16.251495
        1.260000     -16.153594
        1.270000     -16.061118
        1.280000     -15.961411
        1.290000     -15.859306
        1.300000     -15.752920
        1.310000     -15.643071
        1.320000     -15.534193
        1.330000     -15.425699
        1.340000     -15.309036
        1.350000     -15.189030
        1.360000     -15.071790
        1.370000     -14.944659
        1.380000     -14.821225
        1.390000     -14.692375
        1.400000     -14.558994
