        0.010000       0.997185       0.002820       0.002820       0.000000       0.000000       0.000000       0.000000       0.000000       0.000000       0.000000
        0.020000       0.992638       0.007356       0.007356       0.000000       0.000000       0.000000       0.000000       0.000000       0.000000       0.000000
        0.030000       0.987572       0.012426       0.012426       0.000000       0.000000       0.000000       0.000000       0.000000       0.000000       0.000000
        0.040000       0.982475       0.017521       0.017521       0.000000       0.000000       0.000000       0.000000       0.000000       0.000000       0.000000
        0.050000       0.977608       0.022398       0.022398       0.000000       0.000000       0.000000       0.000000       0.000000       0.000000       0.000000
        0.060000       0.973061       0.026945       0.026945       0.000000       0.000000       0.000000       0.000000       0.000000       0.000000       0.000000
        0.070000       0.968880       0.031125       0.031125       0.000000       0.000000       0.000000       0.000000       0.000000       0.000000       0.000000
        0.080000       0.965065       0.034936       0.034936       0.000000       0.000000       0.000000       0.000000       0.000000       0.000000       0.000000
        0.090000       0.961601       0.038398       0.038398       0.000000       0.000000       0.000000       0.000000       0.000000       0.000000       0.000000
        0.100000       0.958458       0.041537       0.041536       0.000000       0.000000       0.000000       0.000000       0.000000       0.000000       0.000000
        0.110000       0.955620       0.044384       0.044384       0.000000       0.000000       0.000000       0.000000       0.000000       0.000000       0.000000
        0.120000       0.952629       0.047363       0.046818       0.000546       0.000000       0.000000       0.000000       0.000000       0.000000       0.000000
        0.130000       0.949150       0.050844       0.048712       0.002131       0.000000       0.000000       0.000000       0.000000       0.000000       0.000000
        0.140000       0.945732       0.054271       0.050300       0.003971       0.000000       0.000000       0.000000       0.000000       0.000000       0.000000
        0.150000       0.942482       0.057525       0.051660       0.005865       0.000000       0.000000       0.000000       0.000000       0.000000       0.000000
        0.160000       0.939430       0.060572       0.052841       0.007731       0.000000       0.000000       0.000000       0.000000       0.000000       0.000000
        0.170000       0.936592       0.063413       0.053879       0.009534       0.000000       0.000000       0.000000       0.000000       0.000000       0.000000
        0.180000       0.933952       0.066055       0.054796       0.011258       0.000000       0.000000       0.000000       0.000000       0.000000       0.000000
        0.190000       0.931496       0.068511       0.055615       0.012896       0.000000       0.000000       0.000000       0.000000       0.000000       0.000000
        0.200000       0.929207       0.070797       0.056349       0.014449       0.000000       0.000000       0.000000       0.000000       0.000000       0.000000
        0.210000       0.927071       0.072931       0.057012       0.015918       0.000000       0.000000       0.000000       0.000000       0.000000       0.000000
        0.220000       0.925072       0.074923       0.057615       0.017309       0.000000       0.000000       0.000000       0.000000       0.000000       0.000000
        0.230000       0.923210       0.076796       0.058169       0.018627       0.000000       0.000000       0.000000       0.000000       0.000000       0.000000
        0.240000       0.921455       0.078552       0.058676       0.019876       0.000000       0.000000       0.000000       0.000000       0.000000       0.000000
        0.250000       0.919792       0.080209       0.059147       0.021062       0.000000       0.000000       0.000000       0.000000       0.000000       0.000000
        0.260000       0.918221       0.081773       0.059585       0.022189       0.000000       0.000000       0.000000       0.000000       0.000000       0.000000
        0.270000       0.916740       0.083259       0.059996       0.023263       0.000000       0.000000       0.000000       0.000000       0.000000       0.000000
        0.280000       0.915321       0.084670       0.060382       0.024288       0.000000       0.000000       0.000000       0.000000       0.000000       0.000000
        0.290000       0.913979       0.086014       0.060746       0.025267       0.000000       0.000000       0.000000       0.000000       0.000000       0.000000
        0.300000       0.912697       0.087299       0.061094       0.026205       0.000000       0.000000       0.000000       0.000000       0.000000       0.000000
        0.310000       0.911461       0.088530       0.061426       0.027105       0.000000       0.000000       0.000000       0.000000       0.000000       0.000000
        0.320000       0.910286       0.089712       0.061743       0.027968       0.000000       0.000000       0.000000       0.000000       0.000000       0.000000
        0.330000       0.909157       0.090851       0.062050       0.028800       0.000000       0.000000       0.000000       0.000000       0.000000       0.000000
        0.340000       0.908058       0.091946       0.062345       0.029600       0.000000       0.000000       0.000000       0.000000       0.000000       0.000000
        0.350000       0.905815       0.092794       0.062513       0.030281       0.001392       0.000000       0.000000       0.000000       0.000000       0.000000
        0.360000       0.898674       0.092752       0.062195       0.030557       0.008578       0.000000       0.000000       0.000000       0.000000       0.000000
        0.370000       0.890251       0.092472       0.061758       0.030714       0.017273       0.000000       0.000000       0.000000       0.000000       0.000000
        0.380000       0.881325       0.092094       0.061278       0.030815       0.026594       0.000000       0.000000       0.000000       0.000000       0.000000
        0.390000       0.872124       0.091666       0.060784       0.030883       0.036222       0.000000       0.000000       0.000000       0.000000       0.000000
        0.400000       0.862816       0.091215       0.060287       0.030928       0.045980       0.000000       0.000000       0.000000       0.000000       0.000000
        0.410000       0.853477       0.090753       0.059796       0.030959       0.055781       0.000000       0.000000       0.000000       0.000000       0.000000
        0.420000       0.844154       0.090292       0.059313       0.030978       0.065557       0.000000       0.000000       0.000000       0.000000       0.000000
        0.430000       0.834267       0.090440       0.058481       0.030699       0.074022       0.000000       0.000000       0.000000       0.000000       0.001258
        0.440000       0.823326       0.091817       0.056945       0.029835       0.079813       0.000000       0.000000       0.000000       0.000000       0.005038
        0.450000       0.812431       0.093357       0.055354       0.028909       0.085127       0.000000       0.000000       0.000000       0.000000       0.009095
        0.460000       0.801689       0.094941       0.053772       0.027976       0.090171       0.000000       0.000000       0.000000       0.000000       0.013190
        0.470000       0.791145       0.096540       0.052220       0.027053       0.095041       0.000000       0.000000       0.000000       0.000000       0.017267
        0.480000       0.780800       0.098137       0.050705       0.026147       0.099773       0.000000       0.000000       0.000000       0.000000       0.021282
        0.490000       0.770653       0.099719       0.049233       0.025263       0.104391       0.000000       0.000000       0.000000       0.000000       0.025228
        0.500000       0.760735       0.101281       0.047803       0.024401       0.108900       0.000000       0.000000       0.000000       0.000000       0.029082
        0.510000       0.750999       0.102819       0.046415       0.023563       0.113320       0.000000       0.000000       0.000000       0.000000       0.032842
        0.520000       0.741188       0.104445       0.045014       0.022705       0.117629       0.000000       0.000000       0.000529       0.000000       0.036191
        0.530000       0.731285       0.106156       0.043596       0.021824       0.121829       0.000000       0.000000       0.001644       0.000000       0.039091
        0.540000       0.721489       0.107861       0.042205       0.020957       0.125949       0.000000       0.000000       0.002912       0.000000       0.041790
        0.550000       0.711845       0.109545       0.040847       0.020109       0.130005       0.000000       0.000000       0.004231       0.000000       0.044350
        0.560000       0.702431       0.111198       0.039530       0.019287       0.133997       0.000000       0.000000       0.005565       0.000000       0.046812
        0.570000       0.693184       0.112818       0.038251       0.018488       0.137946       0.000000       0.000000       0.006875       0.000000       0.049198
        0.580000       0.684151       0.114389       0.037014       0.017717       0.141822       0.000000       0.000000       0.008153       0.000000       0.051510
        0.590000       0.675301       0.115921       0.035816       0.016971       0.145646       0.000000       0.000000       0.009379       0.000000       0.053760
        0.600000       0.666634       0.117418       0.034656       0.016250       0.149433       0.000000       0.000000       0.010550       0.000000       0.055960
        0.610000       0.658180       0.118875       0.033534       0.015554       0.153167       0.000000       0.000000       0.011667       0.000000       0.058113
        0.620000       0.649925       0.120288       0.032450       0.014883       0.156844       0.000000       0.000000       0.012729       0.000000       0.060230
        0.630000       0.641838       0.121665       0.031400       0.014236       0.160479       0.000000       0.000000       0.013722       0.000000       0.062300
        0.640000       0.633919       0.122997       0.030388       0.013613       0.164067       0.000000       0.000000       0.014660       0.000000       0.064345
        0.650000       0.626198       0.124303       0.029406       0.013011       0.167614       0.000000       0.000000       0.015535       0.000000       0.066345
        0.660000       0.618629       0.125573       0.028458       0.012432       0.171133       0.000000       0.000000       0.016355       0.000000       0.068339
        0.670000       0.611229       0.126805       0.027539       0.011872       0.174587       0.000000       0.000000       0.017109       0.000000       0.070277
        0.680000       0.603981       0.128001       0.026651       0.011334       0.178001       0.000000       0.000000       0.017809       0.000000       0.072197
        0.690000       0.596901       0.129164       0.025794       0.010816       0.181376       0.000000       0.000000       0.018463       0.000000       0.074100
        0.700000       0.589989       0.130301       0.024963       0.010316       0.184696       0.000000       0.000000       0.019058       0.000000       0.075956
        0.710000       0.583183       0.131406       0.024158       0.009834       0.187998       0.000000       0.000000       0.019601       0.000000       0.077805
        0.720000       0.576546       0.132481       0.023380       0.009370       0.191241       0.000000       0.000000       0.020098       0.000000       0.079626
        0.730000       0.570045       0.133527       0.022626       0.008923       0.194444       0.000000       0.000000       0.020551       0.000000       0.081425
        0.740000       0.563667       0.134547       0.021897       0.008493       0.197612       0.000000       0.000000       0.020958       0.000000       0.083198
        0.750000       0.557426       0.135543       0.021191       0.008078       0.200750       0.000000       0.000000       0.021329       0.000000       0.084961
        0.760000       0.551323       0.136520       0.020505       0.007678       0.203840       0.000000       0.000000       0.021654       0.000000       0.086685
        0.770000       0.545311       0.137469       0.019840       0.007292       0.206894       0.000000       0.000000       0.021932       0.000000       0.088389
        0.780000       0.539436       0.138384       0.019199       0.006922       0.209889       0.000000       0.000000       0.022187       0.000000       0.090080
        0.790000       0.533684       0.139297       0.018575       0.006565       0.212874       0.000000       0.000000       0.022403       0.000000       0.091738
        0.800000       0.528023       0.140175       0.017972       0.006221       0.215809       0.000000       0.000000       0.022586       0.000000       0.093383
        0.810000       0.522484       0.141043       0.017386       0.005889       0.218724       0.000000       0.000000       0.022745       0.000000       0.095021
        0.820000       0.517052       0.141880       0.016819       0.005571       0.221565       0.000000       0.000000       0.022868       0.000000       0.096610
        0.830000       0.511711       0.142705       0.016269       0.005264       0.224396       0.000000       0.000000       0.022964       0.000000       0.098191
        0.840000       0.506493       0.143519       0.015735       0.004969       0.227199       0.000000       0.000000       0.023045       0.000000       0.099768
        0.850000       0.501335       0.144307       0.015217       0.004685       0.229957       0.000000       0.000000       0.023089       0.000000       0.101307
        0.860000       0.496315       0.145080       0.014716       0.004413       0.232668       0.000000       0.000000       0.023124       0.000000       0.102839
        0.870000       0.491356       0.145836       0.014229       0.004150       0.235347       0.000000       0.000000       0.023124       0.000000       0.104340
        0.880000       0.486473       0.146578       0.013756       0.003898       0.238010       0.000000       0.000000       0.023107       0.000000       0.105828
        0.890000       0.481697       0.147311       0.013297       0.003655       0.240634       0.000000       0.000000       0.023072       0.000000       0.107299
        0.900000       0.477013       0.148035       0.012852       0.003422       0.243224       0.000000       0.000000       0.023018       0.000000       0.108732
        0.910000       0.472389       0.148724       0.012422       0.003199       0.245754       0.000000       0.000000       0.022949       0.000000       0.110157
        0.920000       0.467873       0.149422       0.012003       0.002985       0.248285       0.000000       0.000000       0.022872       0.000000       0.111579
        0.930000       0.463417       0.150100       0.011596       0.002779       0.250764       0.000000       0.000000       0.022769       0.000000       0.112961
        0.940000       0.459038       0.150769       0.011202       0.002582       0.253223       0.000000       0.000000       0.022656       0.000000       0.114334
        0.950000       0.454735       0.151415       0.010820       0.002395       0.255622       0.000000       0.000000       0.022532       0.000000       0.115687
        0.960000       0.450508       0.152075       0.010447       0.002214       0.258026       0.000000       0.000000       0.022387       0.000000       0.117007
        0.970000       0.446342       0.152703       0.010088       0.002042       0.260388       0.000000       0.000000       0.022247       0.000000       0.118343
        0.980000       0.442223       0.153325       0.009738       0.001877       0.262725       0.000000       0.000000       0.022080       0.000000       0.119637
        0.990000       0.438194       0.153945       0.009398       0.001720       0.265035       0.000000       0.000000       0.021913       0.000000       0.120931
        1.000000       0.434242       0.154560       0.009069       0.001570       0.267301       0.000000       0.000000       0.021731       0.000000       0.122174
        1.010000       0.430336       0.155155       0.008749       0.001428       0.269544       0.000000       0.000000       0.021547       0.000000       0.123436
        1.020000       0.426491       0.155743       0.008440       0.001293       0.271754       0.000000       0.000000       0.021351       0.000000       0.124659
        1.030000       0.422707       0.156331       0.008138       0.001164       0.273949       0.000000       0.000000       0.021146       0.000000       0.125874
        1.040000       0.418983       0.156905       0.007847       0.001043       0.276115       0.000000       0.000000       0.020942       0.000000       0.127081
        1.050000       0.415306       0.157477       0.007563       0.000927       0.278247       0.000000       0.000000       0.020717       0.000000       0.128255
        1.060000       0.411690       0.158027       0.007289       0.000820       0.280342       0.000000       0.000000       0.020502       0.000000       0.129429
        1.070000       0.408150       0.158582       0.007024       0.000718       0.282403       0.000000       0.000000       0.020277       0.000000       0.130563
        1.080000       0.404625       0.159129       0.006765       0.000622       0.284466       0.000000       0.000000       0.020039       0.000000       0.131709
        1.090000       0.401176       0.159683       0.006513       0.000533       0.286520       0.000000       0.000000       0.019805       0.000000       0.132838
        1.100000       0.397774       0.160221       0.006270       0.000450       0.288523       0.000000       0.000000       0.019565       0.000000       0.133948
        1.110000       0.394417       0.160750       0.006035       0.000373       0.290491       0.000000       0.000000       0.019316       0.000000       0.135027
        1.120000       0.391121       0.161275       0.005807       0.000303       0.292421       0.000000       0.000000       0.019065       0.000000       0.136087
        1.130000       0.387840       0.161793       0.005585       0.000239       0.294369       0.000000       0.000000       0.018812       0.000000       0.137160
        1.140000       0.384651       0.162315       0.005372       0.000181       0.296268       0.000000       0.000000       0.018563       0.000000       0.138217
        1.150000       0.381477       0.162830       0.005163       0.000130       0.298162       0.000000       0.000000       0.018303       0.000000       0.139244
        1.160000       0.378334       0.163343       0.004961       0.000085       0.300036       0.000000       0.000000       0.018033       0.000000       0.140259
        1.170000       0.375267       0.163848       0.004766       0.000048       0.301861       0.000000       0.000000       0.017772       0.000000       0.141269
        1.180000       0.372215       0.164347       0.004577       0.000019       0.303685       0.000000       0.000000       0.017505       0.000000       0.142256
        1.190000       0.369209       0.164856       0.004392       0.000001       0.305485       0.000000       0.000000       0.017223       0.000000       0.143225
        1.200000       0.366249       0.165342       0.004216       0.000000       0.307239       0.000000       0.000000       0.016954       0.000000       0.144189
        1.210000       0.363319       0.165851       0.004042       0.000000       0.309028       0.000000       0.000000       0.016672       0.000000       0.145137
        1.220000       0.360420       0.166333       0.003876       0.000000       0.310761       0.000000       0.000000       0.016396       0.000000       0.146078
        1.230000       0.357582       0.166831       0.003715       0.000000       0.312477       0.000000       0.000000       0.016115       0.000000       0.146992
        1.240000       0.354774       0.167310       0.003559       0.000000       0.314180       0.000000       0.000000       0.015847       0.000000       0.147922
        1.250000       0.351997       0.167788       0.003409       0.000000       0.315845       0.000000       0.000000       0.015567       0.000000       0.148817
        1.260000       0.349251       0.168256       0.003264       0.000000       0.317480       0.000000       0.000000       0.015287       0.000000       0.149698
        1.270000       0.346565       0.168732       0.003124       0.000000       0.319115       0.000000       0.000000       0.015020       0.000000       0.150576
        1.280000       0.343880       0.169189       0.002988       0.000000       0.320730       0.000000       0.000000       0.014747       0.000000       0.151475
        1.290000       0.341240       0.169650       0.002857       0.000000       0.322328       0.000000       0.000000       0.014476       0.000000       0.152327
        1.300000       0.338631       0.170092       0.002732       0.000000       0.323869       0.000000       0.000000       0.014204       0.000000       0.153170
        1.310000       0.336067       0.170557       0.002610       0.000000       0.325429       0.000000       0.000000       0.013933       0.000000       0.153998
        1.320000       0.333519       0.170998       0.002492       0.000000       0.326962       0.000000       0.000000       0.013668       0.000000       0.154851
        1.330000       0.331017       0.171443       0.002379       0.000000       0.328483       0.000000       0.000000       0.013409       0.000000       0.155672
        1.340000       0.328545       0.171888       0.002270       0.000000       0.329973       0.000000       0.000000       0.013144       0.000000       0.156485
        1.350000       0.326103       0.172315       0.002166       0.000000       0.331405       0.000000       0.000000       0.012879       0.000000       0.157265
        1.360000       0.323677       0.172755       0.002064       0.000000       0.332898       0.000000       0.000000       0.012623       0.000000       0.158084
        1.370000       0.321297       0.173191       0.001966       0.000000       0.334319       0.000000       0.000000       0.012359       0.000000       0.158845
        1.380000       0.318932       0.173604       0.001873       0.000000       0.335717       0.000000       0.000000       0.012105       0.000000       0.159626
        1.390000       0.316566       0.174015       0.001782       0.000000       0.337136       0.000000       0.000000       0.011849       0.000000       0.160398
        1.400000       0.314262       0.174446       0.001695       0.000000       0.338531       0.000000       0.000000       0.011592       0.000000       0.161151
