        9.423432       0.015457       0.015773
       18.872127       0.035768       0.036379
       28.334900       0.059404       0.060300
       37.808821       0.094957       0.096127
       47.294322       0.154588       0.156013
       56.791538       0.250633       0.252317
       66.302339       0.393146       0.395072
       75.828470       0.588344       0.590527
       85.372116       0.837907       0.840316
       94.934862       1.139047       1.141701
      104.520271       1.485253       1.488162
      114.126961       1.863391       1.866219
      123.758731       2.258850       2.262204
      133.417611       2.665507       2.669107
      143.103303       3.074690       3.078561
      152.816956       3.478814       3.482906
      162.562627       3.872647       3.876994
      172.341031       4.253218       4.257764
      182.153584       4.620381       4.625207
      192.002303       4.976606       4.981689
      201.889418       5.326854       5.332162
      211.816248       5.678124       5.683750
      221.789437       6.039628       6.045412
      231.803589       6.420702       6.428191
      241.865317       6.833117       6.839461
      251.973855       7.287968       7.294636
      262.136666       7.797824       7.804710
      272.350718       8.374156       8.379343
      282.618109       9.028406       9.035947
      292.945654       9.772641       9.780347
      303.332069      10.617261      10.623027
      313.778987      11.571955      11.580209
      324.292738      12.647024      12.655350
      334.867192      13.849898      13.858537
      345.508912      15.125070      15.134105
      356.212701      16.256181      16.265442
      366.967765      17.421117      17.429592
      377.779033      18.657974      18.672196
      388.646006      19.981796      19.991870
      399.561189      21.397635      21.408051
      410.530645      22.911106      22.921663
      421.548209      24.524016      24.535036
      432.619780      26.169036      26.176043
      443.743325      27.767866      27.778983
      454.920676      29.439020      29.452063
      466.130178      31.194734      31.207115
      477.394118      33.036887      33.051834
      488.709000      34.971059      34.983865
      500.075623      36.994834      37.002447
      511.481426      39.106911      39.123202
      522.931240      41.307751      41.323180
      534.439958      43.573621      43.588513
      546.004315      45.901426      45.923373
      557.612549      48.312286      48.331663
      569.265594      50.810422      50.817227
      580.971980      53.392862      53.416105
      592.745465      56.070055      56.089582
      604.549534      58.834283      58.862752
      616.403712      61.693192      61.715768
      628.318659      64.640732      64.651693
      640.283981      67.677415      67.692728
      652.297412      70.804177      70.834254
      664.363216      74.022927      74.049497
      676.487392      77.328050      77.343417
      688.660876      80.721528      80.746282
      700.927180      84.210300      84.229174
      713.193084      87.778382      87.799622
      725.528220      91.434671      91.448405
      737.934853      95.178081      95.198046
      750.370072      99.010648      99.043531
      762.891315     102.930303     102.946095
      775.449339     106.930935     106.954240
      788.067399     111.019281     111.048042
      800.743697     115.190977     115.214773
      813.503487     119.452452     119.480855
      826.296792     123.796395     123.836350
      839.135609     128.220489     128.246884
      852.036794     132.730331     132.750621
      865.005278     137.320059     137.356974
      878.031400     141.996176     142.016299
      891.153141     146.761182     146.788668
      904.252360     151.592272     151.620391
      917.461524     156.517647     156.533373
      930.755378     161.518301     161.568043
      944.074020     166.605046     166.627351
      957.453764     171.758023     171.822208
      970.890880     177.013916     177.058527
      984.417284     182.349519     182.364678
      997.996595     187.756919     187.779941
     1011.614287     193.242363     193.282076
     1025.279621     198.813497     198.815613
     1039.064695     204.461959     204.500756
     1052.852568     210.185850     210.221332
     1066.736659     216.000712     216.034662
     1080.630412     221.875277     221.911492
     1094.615319     227.834433     227.892704
     1108.694846     233.878697     233.944564
     1122.823747     240.019661     240.029806
     1137.027278     246.221912     246.248815
     1151.226011     252.483733     252.537689
     1165.541485     258.838423     258.899742
     1179.904936     265.283652     265.319634
     1194.345414     271.801111     271.840241
     1208.862654     278.393182     278.441941
     1223.399217     285.067012     285.096764
     1238.024136     291.813190     291.823151
     1252.647855     298.612074     298.658151
     1267.415769     305.527599     305.541026
     1282.286831     312.518187     312.558800
     1297.167755     319.570811     319.618353
     1312.058140     326.685070     326.731513
     1327.017558     333.895947     333.931562
     1342.130898     341.200244     341.198278
     1357.253034     348.537824     348.613919
     1372.465258     355.985349     356.048984
     1387.730122     363.506370     363.540653
     1403.032434     371.082797     371.165089
     1418.424834     378.750511     378.812014
     1433.868541     386.501984     386.549293
     1449.361957     394.317091     394.347209
     1464.991571     402.225884     402.271094
     1480.645973     410.204609     410.207707
     1496.320898     418.226478     418.280318
     1512.144948     426.347165     426.430290
     1527.982724     434.557707     434.606282
     1543.826897     442.805130     442.832649
     1559.818729     451.147472     451.227132
     1575.910911     459.579169     459.635574
     1592.014420     468.068171     468.122643
     1608.118729     476.613411     476.621073
     1624.383091     485.276258     485.288219
     1640.729545     494.001608     494.001908
     1657.093457     502.757842     502.814647
     1673.545325     511.631284     511.693419
     1689.921497     520.527148     520.562264
     1706.611912     529.557278     529.622645
     1723.146938     538.593838     538.692421
     1739.816963     547.740209     547.802478
     1756.628516     556.983099     556.949849
     1773.460993     566.279028     566.279295
