   9.9999997764825821E-003   16799153086415.588       0.13940202328967338        54.729179999999999     
   1.9999999552965164E-002   33643341290396.535       0.11958099380578435        50.976070000000000     
   2.9999999329447746E-002   50512626958098.172       0.10762739395512588        48.461530000000003     
   3.9999999105930328E-002   67401787174056.070        9.5115667899661943E-002   45.200299999999999     
   4.9999997019767761E-002   84311590341611.484        7.9739869380061529E-002   38.811920000000001     
   5.9999998658895493E-002   101242277746837.73        7.0486040862566116E-002   28.946950000000001     
   7.0000000298023224E-002   118197182849640.34        7.6931308844933530E-002   21.011440000000000     
   7.9999998211860657E-002   135179416384318.69        9.4984316963010462E-002   16.860779999999998     
   8.9999996125698090E-002   152192876048980.50       0.11993008721629687        14.845310000000000     
   9.9999994039535522E-002   169240383034637.19       0.14903061896522848        13.829160000000000     
  0.10999999940395355        186328292445251.12       0.18022187345281709        13.293279999999999     
  0.11999999731779099        203454139450780.81       0.21141656723236921        13.001799999999999     
  0.12999999523162842        220624694909653.50       0.24092931911004217        12.836580000000000     
  0.14000000059604645        237843581825062.69       0.26818157470645987        12.735220000000000     
  0.14999999105930328        255110265655553.62       0.29270402034893073        12.667450000000001     
  0.15999999642372131        272426795476702.97       0.31429696179986005        12.617490000000000     
  0.17000000178813934        289800402446524.00       0.33301306022564781        12.576940000000000     
  0.17999999225139618        307232363525158.69       0.34906941612345077        12.541399999999999     
  0.18999999761581421        324725202936143.56       0.36280558057210355        12.508500000000000     
  0.19999998807907104        342282513985924.56       0.37461913546376097        12.476889999999999     
  0.20999999344348907        359908276038665.12       0.38492327470041976        12.445630000000000     
  0.21999999880790710        377604835137416.81       0.39411103088252253        12.413890000000000     
  0.22999998927116394        395384040284427.19       0.40255068028186214        12.380780000000000     
  0.23999999463558197        413236269733510.31       0.41053921265410986        12.345459999999999     
  0.25000000000000000        431173313093418.75       0.41836682048136453        12.306860000000000     
  0.25999999046325684        449193804313768.19       0.42626634172454186        12.264080000000000     
  0.26999998092651367        467311047537433.00       0.43447186158856849        12.216160000000000     
  0.28000000119209290        485519637956370.56       0.44318946838054796        12.162459999999999     
  0.28999999165534973        503823317360764.44       0.45262770160302307        12.102600000000001     
  0.29999998211860657        522234231720336.81       0.46301212361688421        12.036510000000000     
  0.31000000238418579        540750094385531.50       0.47455302538305549        11.964680000000000     
  0.31999999284744263        559373815637602.06       0.48745398485990743        11.888030000000001     
  0.32999998331069946        578116680240594.00       0.50192065235958205        11.807820000000000     
  0.34000000357627869        596967759791431.75       0.51810292179578354        11.725750000000000     
  0.34999999403953552        615938754808625.50       0.53522518982840417        11.647330000000000     
  0.35999998450279236        635020399906959.12       0.55017090560558912        11.584930000000000     
  0.37000000476837158        654193451594060.38       0.56512139109049708        11.526840000000000     
  0.37999999523162842        673466700107185.75       0.58050499436949787        11.470800000000001     
  0.38999998569488525        692839254543910.62       0.59646273513034542        11.416190000000000     
  0.39999997615814209        712297751367865.25       0.61301244747628736        11.362950000000000     
  0.40999999642372131        731853000195135.50       0.63017527964545927        11.311090000000000     
  0.41999998688697815        751494013229150.75       0.64792410918048560        11.260740000000000     
  0.42999997735023499        771231303118521.62       0.66546605960353467        11.213960000000000     
  0.43999999761581421        791061246860054.62       0.68192200430838124        11.172359999999999     
  0.44999998807907104        810987111095973.50       0.69847817981370608        11.132320000000000     
  0.45999997854232788        830970290054544.12       0.71522084436663158        11.093430000000000     
  0.46999999880790710        851050517983904.88       0.73213433688292795        11.055580000000001     
  0.47999998927116394        871221558567083.62       0.74923531819881906        11.018630000000000     
  0.48999997973442078        891484837247959.75       0.76646850409546174        10.982620000000001     
  0.50000000000000000        911817962678927.38       0.78379068997541101        10.947530000000000     
  0.50999999046325684        932229546916758.00       0.80117491795898599        10.913349999999999     
  0.51999998092651367        952746138853705.62       0.81840601914544386        10.880369999999999     
  0.52999997138977051        973361917927262.88       0.83543730221908952        10.848549999999999     
  0.53999996185302734        994055918233703.12       0.85240059730567708        10.817500000000001     
  0.55000001192092896        1014829802790885.8       0.86930212697436715        10.787129999999999     
  0.56000000238418579        1035698776333524.5       0.88609941935165015        10.757429999999999     
  0.56999999284744263        1056687368375044.5       0.90283733896486795        10.728230000000000     
  0.57999998331069946        1077730483644952.2       0.91944686497312944        10.699579999999999     
  0.58999997377395630        1098862926731303.4       0.93595549900039055        10.671379999999999     
  0.59999996423721313        1120103703552490.4       0.95230960309070389        10.643660000000001     
  0.61000001430511475        1141434283338080.8       0.96849545065110554        10.616379999999999     
  0.62000000476837158        1162850627330416.0       0.98450324846575576        10.589510000000001     
  0.62999999523162842        1184360337896853.2        1.0003288671913251        10.563000000000001     
  0.63999998569488525        1205974105866488.0        1.0159322737416092        10.536870000000000     
  0.64999997615814209        1227675776208686.5        1.0313122678653066        10.511089999999999     
  0.65999996662139893        1249542916827887.8        1.0464884987151688        10.485580000000001     
  0.66999995708465576        1271409344725149.5        1.0613839007842010        10.460430000000001     
  0.68000000715255737        1293399192304970.5        1.0760311427072395        10.435549999999999     
  0.68999999761581421        1315516498325009.8        1.0904187934898941        10.410940000000000     
  0.69999998807907104        1337684763963737.8        1.1045497980933907        10.386559999999999     
  0.70999997854232788        1360006383606493.5        1.1184123293017942        10.362410000000001     
  0.71999996900558472        1382393573667702.2        1.1319820260819504        10.338500000000000     
  0.72999995946884155        1404887790806857.8        1.1452805689755672        10.314790000000000     
  0.74000000953674316        1427485827775230.5        1.1582924127275329        10.291290000000000     
  0.75000000000000000        1450232704842012.2        1.1710360902185313        10.267950000000001     
  0.75999999046325684        1473039331764740.0        1.1834895776126924        10.244790000000000     
  0.76999998092651367        1495927090201604.5        1.1956487217574090        10.221819999999999     
  0.77999997138977051        1518926033261063.8        1.2075307560994784        10.199000000000000     
  0.78999996185302734        1542044951180373.8        1.2191220136229002        10.176349999999999     
  0.79999995231628418        1565266619845992.0        1.2304411090009657        10.153829999999999     
  0.81000000238418579        1588658747842190.5        1.2414952769381635        10.131420000000000     
  0.81999999284744263        1612010725835785.2        1.2522365557827710        10.109230000000000     
  0.82999998331069946        1635558702362800.2        1.2627322027749748        10.087109999999999     
  0.83999997377395630        1659257657154043.5        1.2729435388482879        10.065149999999999     
  0.84999996423721313        1683000800705548.8        1.2828968747707830        10.043290000000001     
  0.85999995470046997        1706852871926839.5        1.2925590332720447        10.021620000000000     
  0.87000000476837158        1730807218746478.5        1.3020026099855371        9.9999800000000008     
  0.87999999523162842        1754920740132652.5        1.3111885787440416        9.9784600000000001     
  0.88999998569488525        1779128578388848.0        1.3201083507064453        9.9570900000000009     
  0.89999997615814209        1803404837951255.5        1.3287781190511698        9.9358500000000003     
  0.90999996662139893        1827766030211478.5        1.3372150457307799        9.9146999999999998     
  0.91999995708465576        1852340682692644.2        1.3454105943654933        9.8936600000000006     
  0.93000000715255737        1876920324227387.8        1.3533671938325011        9.8727599999999995     
  0.93999999761581421        1901671494175621.2        1.3611112672336547        9.8519199999999998     
  0.94999998807907104        1926439888237398.2        1.3686067306693701        9.8312600000000003     
  0.95999997854232788        1951370782901428.0        1.3758912709780056        9.8106899999999992     
  0.96999996900558472        1976470355091189.5        1.3829690542420088        9.7902000000000005     
  0.97999995946884155        2001657948440505.2        1.3898570234269625        9.7697699999999994     
  0.98999994993209839        2026978583218566.0        1.3965203531355337        9.7494999999999994     
   1.0000000000000000        2052290665333350.8        1.4029641597543727        9.7293900000000004     
   1.0099999904632568        2077810862254530.2        1.4092277347236404        9.7093500000000006     
   1.0199999809265137        2103416585808475.2        1.4153118473520063        9.6893799999999999     
   1.0299999713897705        2129159627122803.8        1.4212036034104931        9.6695300000000000     
   1.0399999618530273        2155039511049556.8        1.4269098457729805        9.6498000000000008     
   1.0499999523162842        2180953843203395.0        1.4324413705853003        9.6301600000000001     
   1.0599999427795410        2207025686905909.5        1.4377950129514305        9.6106400000000001     
   1.0699999332427979        2233095392442604.8        1.4429608158405494        9.5913100000000000     
   1.0799999237060547        2259422153025555.0        1.4479909547203078        9.5719600000000007     
   1.0900000333786011        2285932795868950.5        1.4528573156063458        9.5527400000000000     
   1.1000000238418579        2312461019186858.5        1.4575555159015492        9.5336599999999994     
   1.1100000143051147        2339006110257339.5        1.4620908594249677        9.5147300000000001     
   1.1200000047683716        2365674264649410.5        1.4664897089506543        9.4958500000000008     
   1.1299999952316284        2392616816988269.0        1.4707524362375308        9.4770299999999992     
   1.1399999856948853        2419575049209801.5        1.4748482205285471        9.4584399999999995     
   1.1499999761581421        2446693881441748.0        1.4788238617444869        9.4398599999999995     
   1.1599999666213989        2473906555395757.0        1.4826626217698440        9.4214000000000002     
   1.1699999570846558        2501185987638118.5        1.4863595650466461        9.4031000000000002     
   1.1799999475479126        2528626019890894.0        1.4899357534379263        9.3848699999999994     
   1.1899999380111694        2556157518125932.5        1.4933904188807490        9.3667300000000004     
   1.1999999284744263        2583777631455474.5        1.4967181037575399        9.3487200000000001     
   1.2099999189376831        2611640545392477.5        1.4999344809774202        9.3307800000000007     
   1.2200000286102295        2639547648089742.5        1.5030325961079412        9.3129600000000003     
   1.2300000190734863        2667491337179913.0        1.5060061476384525        9.2953200000000002     
   1.2400000095367432        2695700871553594.0        1.5088787611840484        9.2777300000000000     
   1.2500000000000000        2723934876047205.5        1.5116492725292092        9.2602200000000003     
   1.2599999904632568        2752180284091852.5        1.5143034255323200        9.2428899999999992     
   1.2699999809265137        2780688924106232.0        1.5168629188974541        9.2256300000000007     
   1.2799999713897705        2809376457327478.5        1.5193277741838214        9.2084399999999995     
   1.2899999618530273        2838084184337016.5        1.5216912978310793        9.1913999999999998     
   1.2999999523162842        2866793336790434.0        1.5239565890200486        9.1745000000000001     
   1.3099999427795410        2895787815593715.0        1.5261419823498024        9.1576100000000000     
   1.3199999332427979        2924928639968616.0        1.5282352922258231        9.1408600000000000     
   1.3299999237060547        2954100586534884.5        1.5302320964872891        9.1242900000000002     
   1.3399999141693115        2983429331927889.5        1.5321543760776972        9.1077399999999997     
   1.3500000238418579        3012623135300309.0        1.5339841661758669        9.0914000000000001     
   1.3600000143051147        3042377138117339.5        1.5357463963753375        9.0750399999999996     
   1.3700000047683716        3071854129673803.5        1.5374181610987874        9.0589099999999991     
   1.3799999952316284        3101571783671909.0        1.5390212903919296        9.0428200000000007     
   1.3899999856948853        3131541741236672.0        1.5405545650932770        9.0267900000000001     
   1.3999999761581421        3161548997916279.5        1.5420126342270990        9.0108899999999998     
