        0.010000      -0.135438       3.238233       2.015813      -0.777529       0.000000
        0.020000      -0.425451       6.358246       3.973954      -1.489850       0.000000
        0.030000      -0.725968       9.364056       5.875503      -2.138577       0.000000
        0.040000      -0.941844      12.257625       7.721916      -2.728238       0.000000
        0.050000      -1.029386      15.041291       9.515232      -3.264118       0.000000
        0.060000      -0.992398      17.717241      11.257513      -3.751234       0.000000
        0.070000      -0.874190      20.288366      12.951264      -4.194188       0.000000
        0.080000      -0.746912      22.757727      14.599066      -4.597007       0.000000
        0.090000      -0.699815      25.128699      16.203616      -4.963221       0.000000
        0.100000      -0.827825      27.404673      17.767551      -5.295869       0.000000
        0.110000      -1.221594      29.589661      19.293825      -5.597709       0.000000
        0.120000      -1.939196      31.687830      20.784566      -5.865834       0.000000
        0.130000      -3.014864      33.704651      22.242456      -6.097021       0.000000
        0.140000      -4.511485      35.643249      23.670341      -6.300312       0.000000
        0.150000      -6.454975      37.506287      25.070089      -6.479277       0.000000
        0.160000      -8.848734      39.297008      26.443775      -6.636413       0.000000
        0.170000     -11.678686      41.019192      27.793861      -6.773740       0.000000
        0.180000     -14.915078      42.675806      29.122080      -6.892850       0.000000
        0.190000     -18.517129      44.269856      30.430183      -6.995137       0.000000
        0.200000     -22.436456      45.804337      31.719858      -7.081834       0.000000
        0.210000     -26.620249      47.282147      32.992725      -7.154036       0.000000
        0.220000     -31.013688      48.705857      34.250123      -7.212762       0.000000
        0.230000     -35.565005      50.078773      35.494102      -7.258995       0.000000
        0.240000     -40.217492      51.401881      36.724499      -7.293390       0.000000
        0.250000     -44.926485      52.678936      37.943905      -7.316995       0.000000
        0.260000     -49.644205      53.910965      39.152176      -7.330315       0.000000
        0.270000     -54.335270      55.100990      40.351326      -7.334189       0.000000
        0.280000     -58.961701      56.250612      41.541800      -7.329182       0.000000
        0.290000     -63.492347      57.360630      42.723450      -7.315860       0.000000
        0.300000     -67.907048      58.434357      43.898625      -7.294939       0.000000
        0.310000     -72.182719      59.473047      45.067556      -7.266890       0.000000
        0.320000     -76.301528      60.477140      46.229836      -7.232158       0.000000
        0.330000     -80.255394      61.449558      47.387565      -7.191368       0.000000
        0.340000     -84.028303      62.390543      48.539860      -7.144836       0.000000
        0.350000     -87.403262      63.298935      49.664806      -7.084589      -0.019216
        0.360000     -89.682946      64.169672      50.686855      -6.984288      -0.121129
        0.370000     -91.513417      65.015866      51.673547      -6.870640      -0.249342
        0.380000     -93.041512      65.840346      52.639039      -6.749481      -0.392281
        0.390000     -94.327134      66.647095      53.590619      -6.623468      -0.545799
        0.400000     -95.402057      67.435388      54.529019      -6.493902      -0.707301
        0.410000     -96.295565      68.207004      55.457174      -6.361888      -0.875593
        0.420000     -97.025703      68.962457      56.375939      -6.228131      -1.049602
        0.430000     -97.478352      69.692519      57.262608      -6.093704      -1.249435
        0.440000     -97.547566      70.385593      58.091663      -5.959822      -1.495462
        0.450000     -97.494220      71.063629      58.908799      -5.826464      -1.750853
        0.460000     -97.345019      71.727244      59.717459      -5.693758      -2.011672
        0.470000     -97.123661      72.378508      60.520091      -5.561898      -2.276570
        0.480000     -96.840073      73.018180      61.318579      -5.431093      -2.545425
        0.490000     -96.500423      73.647050      62.112925      -5.301508      -2.817210
        0.500000     -96.111361      74.262752      62.901584      -5.173184      -3.091320
        0.510000     -95.680562      74.868998      63.687341      -5.046410      -3.367912
        0.520000     -95.255685      75.467941      64.474123      -4.931457      -3.644256
        0.530000     -94.835344      76.059783      65.261692      -4.829113      -3.919166
        0.540000     -94.396956      76.643179      66.048815      -4.730950      -4.194867
        0.550000     -93.935877      77.218618      66.835247      -4.634985      -4.471698
        0.560000     -93.452921      77.782387      67.617499      -4.540384      -4.749294
        0.570000     -92.953131      78.339719      68.400902      -4.446652      -5.028981
        0.580000     -92.426336      78.885643      69.180047      -4.353424      -5.309307
        0.590000     -91.884270      79.423307      69.958917      -4.260890      -5.591681
        0.600000     -91.329238      79.954194      70.737102      -4.168810      -5.875509
        0.610000     -90.759953      80.474813      71.512352      -4.077178      -6.160578
        0.620000     -90.173156      80.985152      72.284560      -3.985945      -6.446625
        0.630000     -89.582688      81.488754      73.057144      -3.895392      -6.734884
        0.640000     -88.984795      81.985205      73.828499      -3.805507      -7.024633
        0.650000     -88.379943      82.472203      74.597280      -3.716333      -7.315558
        0.660000     -87.775363      82.953434      75.367384      -3.627948      -7.608800
        0.670000     -87.155462      83.424900      76.132945      -3.540089      -7.901801
        0.680000     -86.539090      83.889635      76.898397      -3.453413      -8.196782
        0.690000     -85.920489      84.346686      77.662203      -3.367619      -8.493155
        0.700000     -85.298174      84.794345      78.423740      -3.282827      -8.790978
        0.710000     -84.682208      85.239207      79.187294      -3.199340      -9.090480
        0.720000     -84.064900      85.673505      79.947008      -3.116724      -9.390412
        0.730000     -83.448113      86.101193      80.705972      -3.035377      -9.691829
        0.740000     -82.834778      86.523990      81.464720      -2.955429      -9.994661
        0.750000     -82.225346      86.940118      82.223073      -2.876763     -10.298987
        0.760000     -81.619716      87.348185      82.979485      -2.799169     -10.604252
        0.770000     -81.016106      87.751699      83.735694      -2.722998     -10.909862
        0.780000     -80.417561      88.146821      84.490231      -2.648285     -11.217294
        0.790000     -79.823454      88.537792      85.243962      -2.575091     -11.525376
        0.800000     -79.236856      88.923142      85.998280      -2.503265     -11.834972
        0.810000     -78.655254      89.302769      86.752296      -2.432803     -12.145778
        0.820000     -78.071841      89.674224      87.502092      -2.363770     -12.456215
        0.830000     -77.501045      90.042924      88.254627      -2.296287     -12.768879
        0.840000     -76.936504      90.404881      89.004777      -2.230232     -13.081725
        0.850000     -76.375501      90.763645      89.756330      -2.165640     -13.395896
        0.860000     -75.820388      91.112922      90.503047      -2.102421     -13.709690
        0.870000     -75.268571      91.459149      91.253047      -2.040637     -14.025696
        0.880000     -74.728724      91.803486      92.004288      -1.980456     -14.343069
        0.890000     -74.195697      92.140201      92.752727      -1.921571     -14.660143
        0.900000     -73.662638      92.472666      93.499779      -1.864255     -14.978006
        0.910000     -73.137260      92.799443      94.247580      -1.808248     -15.297167
        0.920000     -72.621138      93.122010      94.994275      -1.753654     -15.616590
        0.930000     -72.106671      93.439802      95.740140      -1.700381     -15.936259
        0.940000     -71.598423      93.754004      96.487120      -1.648537     -16.257382
        0.950000     -71.091944      94.061581      97.230536      -1.597916     -16.577670
        0.960000     -70.600519      94.367082      97.975583      -1.548752     -16.899191
        0.970000     -70.108924      94.668665      98.720736      -1.500848     -17.221718
        0.980000     -69.627224      94.968138      99.469148      -1.454289     -17.546224
        0.990000     -69.150790      95.261417     100.214018      -1.408926     -17.869675
        1.000000     -68.678943      95.549905     100.955982      -1.364840     -18.193126
        1.010000     -68.211557      95.835174     101.699859      -1.321910     -18.517291
        1.020000     -67.750688      96.117514     102.445098      -1.280243     -18.843662
        1.030000     -67.296126      96.396145     103.189603      -1.239643     -19.169399
        1.040000     -66.847219      96.671643     103.933639      -1.200318     -19.495983
        1.050000     -66.397979      96.942970     104.677594      -1.162035     -19.822234
        1.060000     -65.960041      97.211015     105.421351      -1.124859     -20.150007
        1.070000     -65.521100      97.473404     106.160653      -1.088707     -20.476307
        1.080000     -65.089264      97.735826     106.905984      -1.053644     -20.804346
        1.090000     -64.669971      97.995349     107.650909      -1.019622     -21.133655
        1.100000     -64.253000      98.249839     108.393827      -0.986611     -21.462283
        1.110000     -63.834563      98.501296     109.134758      -0.954489     -21.790315
        1.120000     -63.421584      98.747499     109.876570      -0.923352     -22.120189
        1.130000     -63.016069      98.996273     110.622556      -0.893171     -22.450978
        1.140000     -62.616595      99.235977     111.361613      -0.863853     -22.779631
        1.150000     -62.222285      99.477659     112.105912      -0.835442     -23.111121
        1.160000     -61.831253      99.716734     112.850395      -0.807892     -23.441770
        1.170000     -61.438686      99.948451     113.590106      -0.781118     -23.771655
        1.180000     -61.056186     100.182154     114.333777      -0.755233     -24.103420
        1.190000     -60.680176     100.410329     115.077601      -0.730042     -24.434672
        1.200000     -60.302952     100.635414     115.819490      -0.705636     -24.766521
        1.210000     -59.936896     100.861717     116.564731      -0.682003     -25.098809
        1.220000     -59.569698     101.084378     117.309090      -0.659121     -25.431491
        1.230000     -59.206648     101.302341     118.049321      -0.636897     -25.762297
        1.240000     -58.849847     101.520010     118.792466      -0.615499     -26.095517
        1.250000     -58.495755     101.733831     119.536701      -0.594730     -26.429546
        1.260000     -58.141011     101.945219     120.277548      -0.574631     -26.761499
        1.270000     -57.795940     102.154606     121.019546      -0.555184     -27.096014
        1.280000     -57.452821     102.362702     121.764290      -0.536310     -27.429899
        1.290000     -57.111404     102.569978     122.507103      -0.518174     -27.764542
        1.300000     -56.773444     102.771906     123.248042      -0.500533     -28.098553
        1.310000     -56.443592     102.973342     123.992567      -0.483512     -28.435133
        1.320000     -56.112040     103.172667     124.736388      -0.467017     -28.770387
        1.330000     -55.786536     103.371100     125.476589      -0.451103     -29.105066
        1.340000     -55.464732     103.564829     126.219803      -0.435677     -29.441454
        1.350000     -55.139043     103.754798     126.958004      -0.420768     -29.776220
        1.360000     -54.831702     103.949089     127.704088      -0.406356     -30.113773
        1.370000     -54.515097     104.136228     128.442150      -0.392394     -30.448269
        1.380000     -54.199911     104.322430     129.183625      -0.378917     -30.784990
        1.390000     -53.897819     104.512679     129.930116      -0.365902     -31.123446
        1.400000     -53.592076     104.696235     130.672015      -0.353312     -31.460164
