        0.010000     248.884407
        0.020000     249.705467
        0.030000     250.857816
        0.040000     251.713715
        0.050000     252.069026
        0.060000     251.853116
        0.070000     251.050851
        0.080000     249.671755
        0.090000     247.736856
        0.100000     245.272034
        0.110000     242.340344
        0.120000     239.180622
        0.130000     235.676647
        0.140000     231.803280
        0.150000     227.559938
        0.160000     222.958573
        0.170000     218.006454
        0.180000     212.722078
        0.190000     207.117436
        0.200000     201.206358
        0.210000     195.006672
        0.220000     188.532529
        0.230000     181.800689
        0.240000     174.824089
        0.250000     167.623250
        0.260000     160.208188
        0.270000     152.598391
        0.280000     144.810303
        0.290000     136.854920
        0.300000     128.743306
        0.310000     121.054501
        0.320000     115.099518
        0.330000     109.578590
        0.340000     104.267922
        0.350000      99.089877
        0.360000      94.006810
        0.370000      88.994807
        0.380000      84.041741
        0.390000      79.135972
        0.400000      74.484094
        0.410000      71.601639
        0.420000      69.070630
        0.430000      66.691292
        0.440000      64.404776
        0.450000      62.192625
        0.460000      60.039113
        0.470000      57.933587
        0.480000      55.873501
        0.490000      53.850559
        0.500000      51.867395
        0.510000      49.918286
        0.520000      48.003769
        0.530000      46.122574
        0.540000      44.270595
        0.550000      42.453942
        0.560000      40.667651
        0.570000      38.908751
        0.580000      37.178802
        0.590000      35.485211
        0.600000      33.816492
        0.610000      32.177864
        0.620000      30.570077
        0.630000      28.991079
        0.640000      27.441740
        0.650000      25.920928
        0.660000      24.426601
        0.670000      22.965077
        0.680000      21.532358
        0.690000      20.130040
        0.700000      18.753503
        0.710000      17.406107
        0.720000      16.090772
        0.730000      14.801342
        0.740000      13.536909
        0.750000      12.302995
        0.760000      11.098585
        0.770000       9.922626
        0.780000       8.770496
        0.790000       7.650049
        0.800000       6.557598
        0.810000       5.492765
        0.820000       4.450320
        0.830000       3.438457
        0.840000       2.452229
        0.850000       1.499250
        0.860000       0.560446
        0.870000      -0.315509
        0.880000      -1.050041
        0.890000      -1.723125
        0.900000      -2.350352
        0.910000      -2.937859
        0.920000      -3.498466
        0.930000      -4.034096
        0.940000      -4.536407
        0.950000      -5.033479
        0.960000      -5.498503
        0.970000      -5.941373
        0.980000      -6.369673
        0.990000      -6.785747
        1.000000      -7.178049
        1.010000      -7.556412
        1.020000      -7.922508
        1.030000      -8.269387
        1.040000      -8.602752
        1.050000      -8.918402
        1.060000      -9.218097
        1.070000      -9.498389
        1.080000      -9.768242
        1.090000     -10.026946
        1.100000     -10.281513
        1.110000     -10.517276
        1.120000     -10.742873
        1.130000     -10.960083
        1.140000     -11.159328
        1.150000     -11.356594
        1.160000     -11.546250
        1.170000     -11.720937
        1.180000     -11.886682
        1.190000     -12.045441
        1.200000     -12.190652
        1.210000     -12.325094
        1.220000     -12.456908
        1.230000     -12.581839
        1.240000     -12.726544
        1.250000     -12.979956
        1.260000     -13.259594
        1.270000     -13.560706
        1.280000     -13.875769
        1.290000     -14.193706
        1.300000     -14.525990
        1.310000     -14.851125
        1.320000     -15.183153
        1.330000     -15.512227
        1.340000     -15.841845
        1.350000     -16.174796
        1.360000     -16.497435
        1.370000     -16.827909
        1.380000     -17.155343
        1.390000     -17.475029
        1.400000     -17.795499
