        0.010000       0.998116       0.001886       0.001886       0.000000       0.000000       0.000000       0.000000       0.000000       0.000000       0.000000
        0.020000       0.994896       0.005107       0.005107       0.000000       0.000000       0.000000       0.000000       0.000000       0.000000       0.000000
        0.030000       0.990852       0.009149       0.009149       0.000000       0.000000       0.000000       0.000000       0.000000       0.000000       0.000000
        0.040000       0.986259       0.013742       0.013742       0.000000       0.000000       0.000000       0.000000       0.000000       0.000000       0.000000
        0.050000       0.981300       0.018694       0.018694       0.000000       0.000000       0.000000       0.000000       0.000000       0.000000       0.000000
        0.060000       0.976143       0.023858       0.023858       0.000000       0.000000       0.000000       0.000000       0.000000       0.000000       0.000000
        0.070000       0.970879       0.029124       0.029124       0.000000       0.000000       0.000000       0.000000       0.000000       0.000000       0.000000
        0.080000       0.965599       0.034408       0.034408       0.000000       0.000000       0.000000       0.000000       0.000000       0.000000       0.000000
        0.090000       0.960350       0.039649       0.039649       0.000000       0.000000       0.000000       0.000000       0.000000       0.000000       0.000000
        0.100000       0.955193       0.044803       0.044803       0.000000       0.000000       0.000000       0.000000       0.000000       0.000000       0.000000
        0.110000       0.949928       0.050070       0.049749       0.000321       0.000000       0.000000       0.000000       0.000000       0.000000       0.000000
        0.120000       0.943352       0.056640       0.053918       0.002723       0.000000       0.000000       0.000000       0.000000       0.000000       0.000000
        0.130000       0.936546       0.063461       0.057633       0.005828       0.000000       0.000000       0.000000       0.000000       0.000000       0.000000
        0.140000       0.929817       0.070176       0.061012       0.009165       0.000000       0.000000       0.000000       0.000000       0.000000       0.000000
        0.150000       0.923332       0.076672       0.064120       0.012552       0.000000       0.000000       0.000000       0.000000       0.000000       0.000000
        0.160000       0.917107       0.082886       0.066988       0.015898       0.000000       0.000000       0.000000       0.000000       0.000000       0.000000
        0.170000       0.911201       0.088801       0.069647       0.019155       0.000000       0.000000       0.000000       0.000000       0.000000       0.000000
        0.180000       0.905586       0.094410       0.072114       0.022296       0.000000       0.000000       0.000000       0.000000       0.000000       0.000000
        0.190000       0.900276       0.099717       0.074409       0.025309       0.000000       0.000000       0.000000       0.000000       0.000000       0.000000
        0.200000       0.895271       0.104735       0.076546       0.028189       0.000000       0.000000       0.000000       0.000000       0.000000       0.000000
        0.210000       0.890541       0.109464       0.078533       0.030931       0.000000       0.000000       0.000000       0.000000       0.000000       0.000000
        0.220000       0.886086       0.113919       0.080383       0.033536       0.000000       0.000000       0.000000       0.000000       0.000000       0.000000
        0.230000       0.881889       0.118111       0.082102       0.036008       0.000000       0.000000       0.000000       0.000000       0.000000       0.000000
        0.240000       0.877953       0.122053       0.083702       0.038351       0.000000       0.000000       0.000000       0.000000       0.000000       0.000000
        0.250000       0.874245       0.125751       0.085184       0.040565       0.000000       0.000000       0.000000       0.000000       0.000000       0.000000
        0.260000       0.870781       0.129223       0.086561       0.042660       0.000000       0.000000       0.000000       0.000000       0.000000       0.000000
        0.270000       0.867531       0.132473       0.087835       0.044637       0.000000       0.000000       0.000000       0.000000       0.000000       0.000000
        0.280000       0.864479       0.135512       0.089011       0.046501       0.000000       0.000000       0.000000       0.000000       0.000000       0.000000
        0.290000       0.861641       0.138350       0.090094       0.048256       0.000000       0.000000       0.000000       0.000000       0.000000       0.000000
        0.300000       0.859001       0.141005       0.091095       0.049911       0.000000       0.000000       0.000000       0.000000       0.000000       0.000000
        0.310000       0.854576       0.142879       0.091682       0.051196       0.002556       0.000000       0.000000       0.000000       0.000000       0.000000
        0.320000       0.844109       0.142688       0.091160       0.051529       0.013195       0.000000       0.000000       0.000000       0.000000       0.000000
        0.330000       0.832466       0.141941       0.090353       0.051587       0.025586       0.000000       0.000000       0.000000       0.000000       0.000000
        0.340000       0.820488       0.140911       0.089413       0.051497       0.038600       0.000000       0.000000       0.000000       0.000000       0.000000
        0.350000       0.808464       0.139706       0.088399       0.051309       0.051830       0.000000       0.000000       0.000000       0.000000       0.000000
        0.360000       0.796532       0.138390       0.087340       0.051050       0.065083       0.000000       0.000000       0.000000       0.000000       0.000000
        0.370000       0.784782       0.136994       0.086255       0.050738       0.078231       0.000000       0.000000       0.000000       0.000000       0.000000
        0.380000       0.773232       0.135542       0.085157       0.050385       0.091222       0.000000       0.000000       0.000000       0.000000       0.000000
        0.390000       0.761940       0.134052       0.084052       0.050000       0.104002       0.000000       0.000000       0.000000       0.000000       0.000000
        0.400000       0.750710       0.132758       0.082814       0.049476       0.116049       0.000000       0.000000       0.000000       0.000000       0.000468
        0.410000       0.738319       0.133242       0.080491       0.048014       0.123700       0.000000       0.000000       0.000000       0.000000       0.004736
        0.420000       0.726067       0.133995       0.078031       0.046414       0.130394       0.000000       0.000000       0.000000       0.000000       0.009544
        0.430000       0.714104       0.134811       0.075567       0.044789       0.136634       0.000000       0.000000       0.000000       0.000000       0.014451
        0.440000       0.702492       0.135635       0.073132       0.043168       0.142550       0.000000       0.000000       0.000000       0.000000       0.019341
        0.450000       0.691216       0.136448       0.070741       0.041567       0.148204       0.000000       0.000000       0.000000       0.000000       0.024143
        0.460000       0.680275       0.137239       0.068401       0.039992       0.153644       0.000000       0.000000       0.000000       0.000000       0.028839
        0.470000       0.669640       0.138003       0.066118       0.038450       0.158915       0.000000       0.000000       0.000000       0.000000       0.033437
        0.480000       0.659325       0.138745       0.063892       0.036941       0.164029       0.000000       0.000000       0.000000       0.000000       0.037906
        0.490000       0.649315       0.139451       0.061725       0.035469       0.168986       0.000000       0.000000       0.000000       0.000000       0.042257
        0.500000       0.639580       0.140127       0.059618       0.034035       0.173811       0.000000       0.000000       0.000000       0.000000       0.046480
        0.510000       0.630135       0.140782       0.057566       0.032636       0.178514       0.000000       0.000000       0.000000       0.000000       0.050576
        0.520000       0.620934       0.141399       0.055574       0.031277       0.183095       0.000000       0.000000       0.000000       0.000000       0.054556
        0.530000       0.612007       0.141999       0.053638       0.029955       0.187565       0.000000       0.000000       0.000000       0.000000       0.058402
        0.540000       0.603325       0.142581       0.051756       0.028669       0.191954       0.000000       0.000000       0.000000       0.000000       0.062153
        0.550000       0.594856       0.143132       0.049930       0.027422       0.196226       0.000000       0.000000       0.000000       0.000000       0.065768
        0.560000       0.586601       0.143669       0.048156       0.026211       0.200433       0.000000       0.000000       0.000000       0.000000       0.069292
        0.570000       0.578575       0.144185       0.046434       0.025036       0.204543       0.000000       0.000000       0.000000       0.000000       0.072710
        0.580000       0.570763       0.144675       0.044765       0.023899       0.208551       0.000000       0.000000       0.000000       0.000000       0.076021
        0.590000       0.563118       0.145163       0.043142       0.022794       0.212510       0.000000       0.000000       0.000000       0.000000       0.079220
        0.600000       0.555672       0.145620       0.041572       0.021728       0.216368       0.000000       0.000000       0.000000       0.000000       0.082331
        0.610000       0.548424       0.146072       0.040047       0.020693       0.220148       0.000000       0.000000       0.000000       0.000000       0.085335
        0.620000       0.541328       0.146524       0.038566       0.019691       0.223904       0.000000       0.000000       0.000000       0.000000       0.088270
        0.630000       0.534401       0.146953       0.037132       0.018722       0.227563       0.000000       0.000000       0.000000       0.000000       0.091105
        0.640000       0.527641       0.147365       0.035743       0.017788       0.231132       0.000000       0.000000       0.000000       0.000000       0.093838
        0.650000       0.521019       0.147781       0.034394       0.016882       0.234685       0.000000       0.000000       0.000000       0.000000       0.096516
        0.660000       0.514580       0.148186       0.033089       0.016009       0.238147       0.000000       0.000000       0.000000       0.000000       0.099101
        0.670000       0.508263       0.148591       0.031822       0.015165       0.241570       0.000000       0.000000       0.000000       0.000000       0.101604
        0.680000       0.502068       0.148974       0.030598       0.014353       0.244916       0.000000       0.000000       0.000000       0.000000       0.104035
        0.690000       0.496010       0.149374       0.029407       0.013566       0.248244       0.000000       0.000000       0.000000       0.000000       0.106391
        0.700000       0.490074       0.149751       0.028258       0.012811       0.251496       0.000000       0.000000       0.000000       0.000000       0.108688
        0.710000       0.484276       0.150132       0.027145       0.012082       0.254694       0.000000       0.000000       0.000000       0.000000       0.110912
        0.720000       0.478584       0.150507       0.026066       0.011381       0.257836       0.000000       0.000000       0.000000       0.000000       0.113047
        0.730000       0.473000       0.150881       0.025022       0.010705       0.260945       0.000000       0.000000       0.000000       0.000000       0.115147
        0.740000       0.467552       0.151261       0.024013       0.010057       0.264014       0.000000       0.000000       0.000000       0.000000       0.117191
        0.750000       0.462196       0.151626       0.023038       0.009434       0.267011       0.000000       0.000000       0.000000       0.000000       0.119157
        0.760000       0.456947       0.152004       0.022093       0.008835       0.269986       0.000000       0.000000       0.000000       0.000000       0.121070
        0.770000       0.451790       0.152372       0.021179       0.008261       0.272895       0.000000       0.000000       0.000000       0.000000       0.122921
        0.780000       0.446739       0.152749       0.020297       0.007711       0.275794       0.000000       0.000000       0.000000       0.000000       0.124738
        0.790000       0.441765       0.153116       0.019444       0.007183       0.278627       0.000000       0.000000       0.000000       0.000000       0.126490
        0.800000       0.436882       0.153500       0.018618       0.006677       0.281457       0.000000       0.000000       0.000000       0.000000       0.128192
        0.810000       0.432091       0.153866       0.017822       0.006194       0.284188       0.000000       0.000000       0.000000       0.000000       0.129834
        0.820000       0.427391       0.154245       0.017053       0.005733       0.286922       0.000000       0.000000       0.000000       0.000000       0.131450
        0.830000       0.422752       0.154616       0.016312       0.005294       0.289610       0.000000       0.000000       0.000000       0.000000       0.133013
        0.840000       0.418205       0.154995       0.015595       0.004874       0.292262       0.000000       0.000000       0.000000       0.000000       0.134533
        0.850000       0.413719       0.155384       0.014901       0.004472       0.294890       0.000000       0.000000       0.000000       0.000000       0.135993
        0.860000       0.409340       0.155764       0.014236       0.004094       0.297463       0.000000       0.000000       0.000000       0.000000       0.137436
        0.870000       0.404991       0.156172       0.013590       0.003730       0.300014       0.000000       0.000000       0.000057       0.000000       0.138778
        0.880000       0.400536       0.156621       0.012956       0.003379       0.302568       0.000000       0.000000       0.000343       0.000000       0.139939
        0.890000       0.396126       0.157087       0.012343       0.003045       0.305072       0.000000       0.000000       0.000712       0.000000       0.141001
        0.900000       0.391792       0.157581       0.011750       0.002728       0.307543       0.000000       0.000000       0.001121       0.000000       0.141984
        0.910000       0.387474       0.158070       0.011177       0.002428       0.309988       0.000000       0.000000       0.001546       0.000000       0.142907
        0.920000       0.383217       0.158568       0.010625       0.002146       0.312425       0.000000       0.000000       0.001985       0.000000       0.143812
        0.930000       0.379036       0.159062       0.010095       0.001882       0.314795       0.000000       0.000000       0.002427       0.000000       0.144662
        0.940000       0.374886       0.159575       0.009581       0.001633       0.317179       0.000000       0.000000       0.002859       0.000000       0.145481
        0.950000       0.370842       0.160078       0.009091       0.001404       0.319504       0.000000       0.000000       0.003302       0.000000       0.146302
        0.960000       0.366829       0.160575       0.008619       0.001190       0.321781       0.000000       0.000000       0.003725       0.000000       0.147058
        0.970000       0.362877       0.161101       0.008162       0.000992       0.324085       0.000000       0.000000       0.004135       0.000000       0.147796
        0.980000       0.358986       0.161605       0.007727       0.000811       0.326323       0.000000       0.000000       0.004536       0.000000       0.148518
        0.990000       0.355171       0.162119       0.007309       0.000647       0.328548       0.000000       0.000000       0.004930       0.000000       0.149239
        1.000000       0.351402       0.162634       0.006908       0.000499       0.330727       0.000000       0.000000       0.005302       0.000000       0.149908
        1.010000       0.347679       0.163149       0.006523       0.000368       0.332919       0.000000       0.000000       0.005661       0.000000       0.150598
        1.020000       0.344048       0.163655       0.006158       0.000254       0.335010       0.000000       0.000000       0.006009       0.000000       0.151245
        1.030000       0.340446       0.164183       0.005805       0.000157       0.337160       0.000000       0.000000       0.006337       0.000000       0.151891
        1.040000       0.336906       0.164693       0.005470       0.000079       0.339225       0.000000       0.000000       0.006649       0.000000       0.152509
        1.050000       0.333427       0.165228       0.005147       0.000022       0.341292       0.000000       0.000000       0.006942       0.000000       0.153112
        1.060000       0.329979       0.165751       0.004839       0.000000       0.343335       0.000000       0.000000       0.007215       0.000000       0.153704
        1.070000       0.326576       0.166296       0.004543       0.000000       0.345390       0.000000       0.000000       0.007465       0.000000       0.154296
        1.080000       0.323235       0.166823       0.004263       0.000000       0.347369       0.000000       0.000000       0.007702       0.000000       0.154849
        1.090000       0.319954       0.167351       0.003998       0.000000       0.349325       0.000000       0.000000       0.007926       0.000000       0.155412
        1.100000       0.316719       0.167873       0.003745       0.000000       0.351284       0.000000       0.000000       0.008143       0.000000       0.155994
        1.110000       0.313530       0.168391       0.003505       0.000000       0.353193       0.000000       0.000000       0.008337       0.000000       0.156551
        1.120000       0.310387       0.168904       0.003278       0.000000       0.355082       0.000000       0.000000       0.008517       0.000000       0.157099
        1.130000       0.307289       0.169413       0.003063       0.000000       0.356958       0.000000       0.000000       0.008687       0.000000       0.157675
        1.140000       0.304237       0.169927       0.002858       0.000000       0.358798       0.000000       0.000000       0.008834       0.000000       0.158212
        1.150000       0.301231       0.170419       0.002665       0.000000       0.360602       0.000000       0.000000       0.008978       0.000000       0.158770
        1.160000       0.298271       0.170906       0.002483       0.000000       0.362384       0.000000       0.000000       0.009112       0.000000       0.159329
        1.170000       0.295372       0.171405       0.002311       0.000000       0.364133       0.000000       0.000000       0.009228       0.000000       0.159863
        1.180000       0.292488       0.171880       0.002149       0.000000       0.365858       0.000000       0.000000       0.009331       0.000000       0.160409
        1.190000       0.289665       0.172367       0.001995       0.000000       0.367573       0.000000       0.000000       0.009426       0.000000       0.160945
        1.200000       0.286888       0.172850       0.001850       0.000000       0.369238       0.000000       0.000000       0.009504       0.000000       0.161486
        1.210000       0.284126       0.173338       0.001713       0.000000       0.370946       0.000000       0.000000       0.009569       0.000000       0.162034
        1.220000       0.281410       0.173794       0.001585       0.000000       0.372566       0.000000       0.000000       0.009630       0.000000       0.162559
        1.230000       0.278770       0.174269       0.001465       0.000000       0.374161       0.000000       0.000000       0.009683       0.000000       0.163115
        1.240000       0.276176       0.174664       0.001356       0.000000       0.375618       0.000000       0.000000       0.009758       0.000224       0.163537
        1.250000       0.273796       0.174860       0.001264       0.000000       0.376627       0.000000       0.000000       0.009960       0.001149       0.163632
        1.260000       0.271461       0.174955       0.001181       0.000000       0.377463       0.000000       0.000000       0.010190       0.002341       0.163568
        1.270000       0.269218       0.175006       0.001106       0.000000       0.378168       0.000000       0.000000       0.010445       0.003687       0.163454
        1.280000       0.267052       0.175026       0.001037       0.000000       0.378767       0.000000       0.000000       0.010715       0.005131       0.163282
        1.290000       0.264915       0.175026       0.000972       0.000000       0.379344       0.000000       0.000000       0.010988       0.006667       0.163049
        1.300000       0.262856       0.174995       0.000912       0.000000       0.379821       0.000000       0.000000       0.011278       0.008248       0.162823
        1.310000       0.260796       0.174941       0.000856       0.000000       0.380285       0.000000       0.000000       0.011557       0.009891       0.162537
        1.320000       0.258797       0.174880       0.000803       0.000000       0.380705       0.000000       0.000000       0.011845       0.011572       0.162251
        1.330000       0.256844       0.174795       0.000754       0.000000       0.381037       0.000000       0.000000       0.012128       0.013257       0.161930
        1.340000       0.254921       0.174710       0.000708       0.000000       0.381372       0.000000       0.000000       0.012412       0.014974       0.161575
        1.350000       0.253014       0.174608       0.000665       0.000000       0.381716       0.000000       0.000000       0.012698       0.016744       0.161260
        1.360000       0.251137       0.174487       0.000624       0.000000       0.381979       0.000000       0.000000       0.012971       0.018505       0.160906
        1.370000       0.249352       0.174382       0.000586       0.000000       0.382192       0.000000       0.000000       0.013253       0.020241       0.160534
        1.380000       0.247520       0.174255       0.000550       0.000000       0.382487       0.000000       0.000000       0.013530       0.022066       0.160195
        1.390000       0.245781       0.174134       0.000516       0.000000       0.382655       0.000000       0.000000       0.013797       0.023822       0.159802
        1.400000       0.244011       0.173987       0.000484       0.000000       0.382874       0.000000       0.000000       0.014064       0.025640       0.159442
