   9.9999997764825821E-003   16786080949380.768        5.5950725945627562E-002   34.683669999999999     
   1.9999999552965164E-002   33601268423393.094        4.8126381971526216E-002   31.802800000000001     
   2.9999999329447746E-002   50437212067852.711        3.9224969508411277E-002   26.787269999999999     
   3.9999999105930328E-002   67298887944010.586        3.7772068926706925E-002   18.572920000000000     
   4.9999997019767761E-002   84191897600861.609        5.3080980979088102E-002   13.999930000000001     
   5.9999998658895493E-002   101124448476992.72        8.0448962765127099E-002   12.487259999999999     
   7.0000000298023224E-002   118100453118885.47       0.11666509780605355        12.081619999999999     
   7.9999998211860657E-002   135125843451850.56       0.15914998998358487        12.070180000000001     
   8.9999996125698090E-002   152202512643540.31       0.20529158422768740        12.197329999999999     
   9.9999994039535522E-002   169336748980235.34       0.25271966505782922        12.362259999999999     
  0.10999999940395355        186532695158210.16       0.29927605235973626        12.522750000000000     
  0.11999999731779099        203789237549433.97       0.34216085989089784        12.658070000000000     
  0.12999999523162842        221114156701748.62       0.38170130542353092        12.767580000000001     
  0.14000000059604645        238499078132362.53       0.41813153753678073        12.853800000000000     
  0.14999999105930328        255959830207686.78       0.45187006871237856        12.920380000000000     
  0.15999999642372131        273489731159536.44       0.48338416449858451        12.970810000000000     
  0.17000000178813934        291101951495422.50       0.51326920225915662        13.008220000000000     
  0.17999999225139618        308793254269868.88       0.54205089508553028        13.035019999999999     
  0.18999999761581421        326573498803041.31       0.57028504080549103        13.053160000000000     
  0.19999998807907104        344452485021611.00       0.59847525054783568        13.064109999999999     
  0.20999999344348907        362425788110202.19       0.62704408119608546        13.069060000000000     
  0.21999999880790710        380504425562132.81       0.65639063593791780        13.069020000000000     
  0.22999998927116394        398691782806616.56       0.68683979698948727        13.064900000000000     
  0.23999999463558197        417000332477598.38       0.71867483973243673        13.057520000000000     
  0.25000000000000000        435424966734510.25       0.75207266375081649        13.047710000000000     
  0.25999999046325684        453987779957483.12       0.78720589199139901        13.036190000000000     
  0.26999998092651367        472682209165322.44       0.82410912187005181        13.023630000000001     
  0.28000000119209290        491515144003445.06       0.86278002107263452        13.010560000000000     
  0.28999999165534973        510495404405855.06       0.90315036518100833        12.997400000000001     
  0.29999998211860657        529641966594197.06       0.94512537792790541        12.984410000000000     
  0.31000000238418579        548940754310162.06       0.98563336896404108        12.972370000000000     
  0.31999999284744263        568366168957415.25        1.0180253200431795        12.962370000000000     
  0.32999998331069946        587919635979836.25        1.0482548089677175        12.951670000000000     
  0.34000000357627869        607592068172693.62        1.0773065841780931        12.939530000000000     
  0.34999999403953552        627381089796188.38        1.1055087263688741        12.925640000000000     
  0.35999998450279236        647294481398162.38        1.1330191838514536        12.909910000000000     
  0.37000000476837158        667316503702447.00        1.1599052004448924        12.892310000000000     
  0.37999999523162842        687463192952685.75        1.1862314446680300        12.872890000000000     
  0.38999998569488525        707724986796187.38        1.2120126871688015        12.851720000000000     
  0.39999997615814209        728108537304389.50        1.2369634476638884        12.829190000000001     
  0.40999999642372131        748617526873980.25        1.2590036135288023        12.807470000000000     
  0.41999998688697815        769229861124828.75        1.2801011433110649        12.784800000000001     
  0.42999997735023499        789963298711933.00        1.3005279185148220        12.760920000000000     
  0.43999999761581421        810812137859775.00        1.3203643074632889        12.735790000000000     
  0.44999998807907104        831747929084261.50        1.3396295934171165        12.709470000000000     
  0.45999997854232788        852788549827380.25        1.3583585327420467        12.682000000000000     
  0.46999999880790710        873969814366601.50        1.3765868516868704        12.653440000000000     
  0.47999998927116394        895266777434035.50        1.3943100814338314        12.623889999999999     
  0.48999997973442078        916674509369599.38        1.4115461555984590        12.593430000000000     
  0.50000000000000000        938190931400968.75        1.4282885045299138        12.562170000000000     
  0.50999999046325684        959831664017322.38        1.4445741713669651        12.530139999999999     
  0.51999998092651367        981585719422090.00        1.4603971871742329        12.497460000000000     
  0.52999997138977051        1003444188591024.6        1.4757586443471917        12.464210000000000     
  0.53999996185302734        1025469791054821.1        1.4906864169219292        12.430420000000000     
  0.55000001192092896        1047574386866935.5        1.5051761486860766        12.396179999999999     
  0.56000000238418579        1069852768045348.8        1.5192430129934171        12.361540000000000     
  0.56999999284744263        1092242690207326.6        1.5328762667623035        12.326589999999999     
  0.57999998331069946        1114729186192135.0        1.5460868912963404        12.291390000000000     
  0.58999997377395630        1137377351270267.2        1.5589044837257073        12.255910000000000     
  0.59999996423721313        1160130524047516.8        1.5713153490342207        12.220269999999999     
  0.61000001430511475        1182983121535355.5        1.5833198331700811        12.184530000000001     
  0.62000000476837158        1206063196108951.5        1.5949573451685779        12.148619999999999     
  0.62999999523162842        1229214780450498.2        1.6062020399342394        12.112700000000000     
  0.63999998569488525        1252428134026819.8        1.6170529626120274        12.076810000000000     
  0.64999997615814209        1275898423862406.2        1.6275784811053338        12.040789999999999     
  0.65999996662139893        1299426800536079.5        1.6377147526048397        12.004899999999999     
  0.66999995708465576        1323114232989297.2        1.6475099357580649        11.969030000000000     
  0.68000000715255737        1346912968852100.0        1.6569643716453648        11.933230000000000     
  0.68999999761581421        1370903189342704.2        1.6660897952992502        11.897489999999999     
  0.69999998807907104        1394997942384465.8        1.6748761589676813        11.861920000000000     
  0.70999997854232788        1419234527092229.5        1.6833517161776668        11.826430000000000     
  0.71999996900558472        1443552124527140.2        1.6914985766162660        11.791160000000000     
  0.72999995946884155        1468084845200853.0        1.6993586920734822        11.755970000000000     
  0.74000000953674316        1492770088369663.8        1.7069105786069161        11.721000000000000     
  0.75000000000000000        1517499639085726.2        1.7141498746692481        11.686320000000000     
  0.75999999046325684        1542441224578852.0        1.7211280462690026        11.651719999999999     
  0.76999998092651367        1567473325758321.0        1.7278271251900172        11.617350000000000     
  0.77999997138977051        1592718055649803.0        1.7342520766661280        11.583220000000001     
  0.78999996185302734        1618060666021005.0        1.7404227302165787        11.549270000000000     
  0.79999995231628418        1643623507471577.5        1.7463471486246331        11.515499999999999     
  0.81000000238418579        1669174589010144.2        1.7520008274141246        11.482089999999999     
  0.81999999284744263        1694992941276102.0        1.7574253436577503        11.448850000000000     
  0.82999998331069946        1720915232158267.8        1.7626094474324405        11.415900000000001     
  0.83999997377395630        1746984937694962.8        1.7675651030112813        11.383190000000001     
  0.84999996423721313        1773227240728057.8        1.7723146153681832        11.350640000000000     
  0.85999995470046997        1799579659300837.2        1.7768281309798821        11.318479999999999     
  0.87000000476837158        1826069276847011.2        1.7811370798044712        11.286560000000000     
  0.87999999523162842        1852786015117972.2        1.7852457915630260        11.254880000000000     
  0.88999998569488525        1879576757683673.0        1.7891410104726746        11.223590000000000     
  0.89999997615814209        1906519428809522.0        1.7928518798458519        11.192520000000000     
  0.90999996662139893        1933563068876829.2        1.7963732656537974        11.161750000000000     
  0.91999995708465576        1960882175973834.8        1.7997248507580847        11.131159999999999     
  0.93000000715255737        1988192730407563.2        1.8028871131533046        11.100970000000000     
  0.93999999761581421        2015805478943728.5        1.8059045260390054        11.070819999999999     
  0.94999998807907104        2043499952928980.2        1.8087364693903447        11.041160000000000     
  0.95999997854232788        2071263798516363.5        1.8114188270887819        11.011659999999999     
  0.96999996900558472        2099310119565851.8        1.8139558436263492        10.982340000000001     
  0.97999995946884155        2127405380855200.0        1.8163347420209710        10.953390000000001     
  0.98999994993209839        2155768863167858.8        1.8185773473502562        10.924600000000000     
   1.0000000000000000        2184101936011089.8        1.8206720050375040        10.896190000000001     
   1.0099999904632568        2212829619234939.8        1.8226454748611260        10.867839999999999     
   1.0199999809265137        2241453957777532.0        1.8244768772370057        10.839910000000000     
   1.0299999713897705        2270472669126763.0        1.8261915218933540        10.812080000000000     
   1.0399999618530273        2299411555618746.5        1.8277732298548677        10.784680000000000     
   1.0499999523162842        2328614861950362.5        1.8292445017069532        10.757400000000001     
   1.0599999427795410        2357920800241296.0        1.8305975641479153        10.730430000000000     
   1.0699999332427979        2387567657193390.5        1.8318483146648283        10.703530000000001     
   1.0799999237060547        2417077909107041.0        1.8329816108959149        10.677090000000000     
   1.0900000333786011        2446863271689419.0        1.8340159875642668        10.650800000000000     
   1.1000000238418579        2476897611802736.0        1.8349488412155481        10.624770000000000     
   1.1100000143051147        2506984455765611.0        1.8357847274351062        10.598990000000001     
   1.1200000047683716        2537272762463443.5        1.8365281977070527        10.573390000000000     
   1.1299999952316284        2567792941365661.5        1.8371799308702603        10.548050000000000     
   1.1399999856948853        2598354933288342.5        1.8377435107457898        10.522959999999999     
   1.1499999761581421        2629089879068392.5        1.8382213625953094        10.498139999999999     
   1.1599999666213989        2659983999414978.0        1.8386168698147547        10.473580000000000     
   1.1699999570846558        2690940839292257.5        1.8389327581129649        10.449280000000000     
   1.1799999475479126        2722140242203018.5        1.8391730462918887        10.425140000000001     
   1.1899999380111694        2753446553404735.5        1.8393386743124598        10.401310000000000     
   1.1999999284744263        2784856684435670.0        1.8394330361295912        10.377710000000000     
   1.2099999189376831        2816701813423807.0        1.8394585271125048        10.354170000000000     
   1.2200000286102295        2848431481457711.0        1.8394170148128468        10.330980000000000     
   1.2300000190734863        2880375441221488.0        1.8393112809049090        10.308040000000000     
   1.2400000095367432        2912432011051739.0        1.8391446701918770        10.285460000000000     
   1.2500000000000000        2944761078236938.0        1.8389227434972155        10.263489999999999     
   1.2599999904632568        2977204418506471.0        1.8386462123141696        10.241860000000001     
   1.2699999809265137        3009810259378257.5        1.8383173984818559        10.220570000000000     
   1.2799999713897705        3042460289010306.0        1.8379384920280544        10.199610000000000     
   1.2899999618530273        3075407286117233.0        1.8375086370750218        10.178839999999999     
   1.2999999523162842        3108371150976733.0        1.8370338851937706        10.158440000000001     
   1.3099999427795410        3141620579760077.0        1.8365087010145389        10.138109999999999     
   1.3199999332427979        3174999248788487.5        1.8359409618347704        10.118100000000000     
   1.3299999237060547        3208246301832032.5        1.8353316247024889        10.098360000000000     
   1.3399999141693115        3241842826200014.0        1.8346756494030805        10.078700000000000     
   1.3500000238418579        3275818281065941.0        1.8339801069810833        10.059270000000000     
   1.3600000143051147        3309656180597504.5        1.8332461523775712        10.040070000000000     
   1.3700000047683716        3343443476871348.5        1.8324768780343448        10.021129999999999     
   1.3799999952316284        3378017143018671.5        1.8316648569235436        10.002240000000000     
   1.3899999856948853        3412033698183122.0        1.8308246480033887        9.9837000000000007     
   1.3999999761581421        3446737317297451.5        1.8299425751561684        9.9651800000000001     
