        0.010000      -0.014016       3.155067       1.963744      -0.670846       0.000000
        0.020000       0.045619       6.189047       3.869294      -1.316785       0.000000
        0.030000       0.290544       9.107382       5.718402      -1.935185       0.000000
        0.040000       0.769221      11.914504       7.513698      -2.524974       0.000000
        0.050000       1.466326      14.615096       9.258261      -3.086008       0.000000
        0.060000       2.313407      17.214657      10.955814      -3.618888       0.000000
        0.070000       3.206483      19.718195      12.609857      -4.124504       0.000000
        0.080000       4.026451      22.131069      14.224201      -4.604083       0.000000
        0.090000       4.657170      24.457832      15.802225      -5.058880       0.000000
        0.100000       4.999724      26.703438      17.347662      -5.490342       0.000000
        0.110000       4.985622      28.872606      18.863857      -5.896817       0.000000
        0.120000       4.605664      30.972101      20.353599      -6.261708       0.000000
        0.130000       3.827037      33.004462      21.820299      -6.597940       0.000000
        0.140000       2.648210      34.970467      23.265509      -6.910858       0.000000
        0.150000       1.087716      36.873749      24.692741      -7.203873       0.000000
        0.160000      -0.821017      38.715122      26.103276      -7.479112       0.000000
        0.170000      -3.037758      40.496277      27.499344      -7.738474       0.000000
        0.180000      -5.515815      42.218609      28.882447      -7.983429       0.000000
        0.190000      -8.208869      43.883507      30.254372      -8.215375       0.000000
        0.200000     -11.071623      45.492504      31.616873      -8.435511       0.000000
        0.210000     -14.059041      47.045576      32.970283      -8.644731       0.000000
        0.220000     -17.131799      48.544247      34.316135      -8.844030       0.000000
        0.230000     -20.253358      49.989270      35.655174      -9.034221       0.000000
        0.240000     -23.393030      51.382198      36.988750      -9.216155       0.000000
        0.250000     -26.520555      52.723215      38.316728      -9.390342       0.000000
        0.260000     -29.615711      54.014679      39.641033      -9.557631       0.000000
        0.270000     -32.655334      55.256827      40.961216      -9.718422       0.000000
        0.280000     -35.623021      56.451372      42.278144      -9.873304       0.000000
        0.290000     -38.505212      57.598855      43.591686     -10.022563       0.000000
        0.300000     -41.294931      58.702480      44.904037     -10.166936       0.000000
        0.310000     -43.754193      59.752488      46.174534     -10.286849      -0.032808
        0.320000     -45.367972      60.734536      47.312595     -10.338086      -0.174199
        0.330000     -46.680166      61.679157      48.411541     -10.367750      -0.347056
        0.340000     -47.791496      62.592814      49.487970     -10.384353      -0.537571
        0.350000     -48.744105      63.479100      50.548438     -10.391322      -0.740626
        0.360000     -49.563540      64.340972      51.596926     -10.390605      -0.953534
        0.370000     -50.264579      65.178203      52.634063     -10.383095      -1.174437
        0.380000     -50.863478      65.994456      53.663399     -10.369939      -1.402474
        0.390000     -51.368638      66.788157      54.683928     -10.351462      -1.636603
        0.400000     -51.769734      67.557748      55.689608     -10.329493      -1.883354
        0.410000     -51.936325      68.272721      56.620882     -10.313021      -2.191960
        0.420000     -52.025022      68.964557      57.535265     -10.295685      -2.514477
        0.430000     -52.063985      69.639254      58.442084     -10.276593      -2.844267
        0.440000     -52.061980      70.296068      59.342403     -10.255189      -3.179273
        0.450000     -52.020284      70.936739      60.237046     -10.231745      -3.518117
        0.460000     -51.948278      71.562095      61.127416     -10.206205      -3.860545
        0.470000     -51.847867      72.174808      62.015677     -10.178617      -4.206250
        0.480000     -51.724017      72.773857      62.900743     -10.149157      -4.554958
        0.490000     -51.576107      73.358405      63.782411     -10.117506      -4.906078
        0.500000     -51.406720      73.931304      64.661626     -10.084173      -5.259360
        0.510000     -51.220789      74.490762      65.538566     -10.048639      -5.614951
        0.520000     -51.014732      75.039275      66.413747     -10.011565      -5.972628
        0.530000     -50.795139      75.574841      67.285888      -9.972663      -6.332083
        0.540000     -50.561973      76.099794      68.156984      -9.931929      -6.693215
        0.550000     -50.316011      76.614325      69.026889      -9.889764      -7.056597
        0.560000     -50.059370      77.120038      69.896501      -9.846125      -7.421490
        0.570000     -49.791879      77.613757      70.763392      -9.800519      -7.787361
        0.580000     -49.512676      78.096013      71.627748      -9.753400      -8.154556
        0.590000     -49.230101      78.572310      72.494006      -9.705240      -8.523944
        0.600000     -48.935778      79.037167      73.357679      -9.655416      -8.894336
        0.610000     -48.632199      79.491207      74.218575      -9.603896      -9.265070
        0.620000     -48.331042      79.940508      75.082263      -9.551622      -9.638134
        0.630000     -48.018942      80.379361      75.943359      -9.497744     -10.011609
        0.640000     -47.696576      80.808098      76.801145      -9.442501     -10.385137
        0.650000     -47.378339      81.232208      77.663021      -9.386230     -10.761397
        0.660000     -47.052032      81.644575      78.519867      -9.328501     -11.137136
        0.670000     -46.724224      82.051697      79.378169      -9.269847     -11.514168
        0.680000     -46.391712      82.451202      80.236234      -9.210202     -11.892301
        0.690000     -46.061779      82.845244      81.095252      -9.149542     -12.271517
        0.700000     -45.724304      83.231316      81.952401      -9.087822     -12.650795
        0.710000     -45.386972      83.609104      82.809384      -9.024979     -13.031265
        0.720000     -45.047565      83.981064      83.665172      -8.961262     -13.411712
        0.730000     -44.708413      84.347330      84.522893      -8.896511     -13.793471
        0.740000     -44.368076      84.706349      85.378451      -8.831141     -14.175421
        0.750000     -44.025599      85.059008      86.231858      -8.764814     -14.556730
        0.760000     -43.685101      85.406296      87.087529      -8.697841     -14.939818
        0.770000     -43.341901      85.746742      87.942498      -8.629697     -15.322993
        0.780000     -43.000895      86.083207      88.797024      -8.561329     -15.706466
        0.790000     -42.659587      86.413426      89.652593      -8.492079     -16.090909
        0.800000     -42.322781      86.740632      90.510100      -8.422469     -16.476689
        0.810000     -41.980269      87.058287      91.362914      -8.351582     -16.860516
        0.820000     -41.642910      87.373382      92.217993      -8.280486     -17.246083
        0.830000     -41.305740      87.684582      93.072941      -8.209282     -17.631643
        0.840000     -40.969846      87.989803      93.927189      -8.137205     -18.017157
        0.850000     -40.637388      88.291512      94.784796      -8.064644     -18.404347
        0.860000     -40.305407      88.586496      95.637455      -7.991637     -18.790356
        0.870000     -39.978079      88.877709      96.492057      -7.921079     -19.175967
        0.880000     -39.672150      89.170743      97.354084      -7.861910     -19.560300
        0.890000     -39.374424      89.458072      98.213478      -7.806217     -19.942436
        0.900000     -39.081055      89.739238      99.073437      -7.752259     -20.325145
        0.910000     -38.787230      90.019813      99.934610      -7.699107     -20.706687
        0.920000     -38.503252      90.297760     100.799115      -7.646620     -21.089822
        0.930000     -38.215163      90.569166     101.658670      -7.593567     -21.470497
        0.940000     -37.932396      90.839915     102.526368      -7.540186     -21.853823
        0.950000     -37.648033      91.103483     103.386002      -7.486056     -22.234048
        0.960000     -37.365854      91.364431     104.249413      -7.431440     -22.615904
        0.970000     -37.085270      91.624048     105.115843      -7.375969     -22.998111
        0.980000     -36.806542      91.878842     105.979099      -7.320107     -23.379215
        0.990000     -36.530667      92.129840     106.844484      -7.263313     -23.762002
        1.000000     -36.248783      92.376895     107.706626      -7.204748     -24.141784
        1.010000     -35.975886      92.623564     108.575657      -7.146482     -24.525383
        1.020000     -35.698299      92.860961     109.437307      -7.086491     -24.906666
        1.030000     -35.428068      93.101486     110.305817      -7.026311     -25.290091
        1.040000     -35.153099      93.335567     111.168007      -6.964848     -25.670606
        1.050000     -34.881433      93.566047     112.034157      -6.901267     -26.052582
        1.060000     -34.609504      93.795469     112.899276      -6.837102     -26.433128
        1.070000     -34.344021      94.022671     113.770728      -6.771707     -26.816141
        1.080000     -34.070683      94.244957     114.633982      -6.705295     -27.195769
        1.090000     -33.806007      94.463757     115.500442      -6.639232     -27.578543
        1.100000     -33.543453      94.682222     116.366509      -6.572621     -27.961040
        1.110000     -33.278504      94.896467     117.232127      -6.505788     -28.343836
        1.120000     -33.018606      95.109228     118.099789      -6.438835     -28.728835
        1.130000     -32.763763      95.319372     118.966894      -6.371738     -29.113219
        1.140000     -32.506604      95.526055     119.833240      -6.303711     -29.497538
        1.150000     -32.250539      95.730838     120.698015      -6.236295     -29.882411
        1.160000     -31.998443      95.933226     121.562074      -6.168118     -30.267303
        1.170000     -31.747474      96.131109     122.423520      -6.100026     -30.651863
        1.180000     -31.501466      96.329168     123.289127      -6.032214     -31.039015
        1.190000     -31.254151      96.524592     124.150486      -5.964125     -31.424659
        1.200000     -31.009138      96.714206     125.010786      -5.895309     -31.809766
        1.210000     -30.773412      96.907777     125.878878      -5.827715     -32.199254
        1.220000     -30.533478      97.096832     126.740994      -5.759331     -32.587648
        1.230000     -30.295381      97.278400     127.599615      -5.690911     -32.974766
        1.240000     -30.057134      97.462577     128.452714      -5.621648     -33.368414
        1.250000     -29.813782      97.640743     129.282540      -5.549110     -33.783765
        1.260000     -29.570200      97.821765     130.106802      -5.476180     -34.208579
        1.270000     -29.323671      97.996521     130.921972      -5.402915     -34.637210
        1.280000     -29.079151      98.166148     131.729584      -5.328118     -35.068666
        1.290000     -28.840148      98.339419     132.538006      -5.254581     -35.505762
        1.300000     -28.602242      98.505087     133.336126      -5.180936     -35.942291
        1.310000     -28.364636      98.675465     134.140076      -5.107795     -36.385259
        1.320000     -28.133017      98.841785     134.937032      -5.034654     -36.827855
        1.330000     -27.899592      99.002909     135.728288      -4.962066     -37.271381
        1.340000     -27.672670      99.166196     136.523987      -4.889491     -37.721045
        1.350000     -27.447603      99.330724     137.317345      -4.817976     -38.169851
        1.360000     -27.225676      99.490639     138.107698      -4.746839     -38.619901
        1.370000     -27.002403      99.642993     138.889800      -4.675483     -39.070605
        1.380000     -26.789234      99.806561     139.681636      -4.605504     -39.524956
        1.390000     -26.573518      99.956910     140.460563      -4.535543     -39.977327
        1.400000     -26.363076     100.115334     141.248766      -4.466284     -40.434275
