        0.065789       0.996956       0.003037       0.003037       0.000000       0.000000       0.000000       0.000000       0.000000       0.000000       0.000000       0.000000       0.000000       0.000000       0.000000       0.000000
        0.131579       0.992058       0.007948       0.007948       0.000000       0.000000       0.000000       0.000000       0.000000       0.000000       0.000000       0.000000       0.000000       0.000000       0.000000       0.000000
        0.197368       0.986595       0.013401       0.013401       0.000000       0.000000       0.000000       0.000000       0.000000       0.000000       0.000000       0.000000       0.000000       0.000000       0.000000       0.000000
        0.263158       0.981178       0.018821       0.018821       0.000000       0.000000       0.000000       0.000000       0.000000       0.000000       0.000000       0.000000       0.000000       0.000000       0.000000       0.000000
        0.328947       0.976067       0.023935       0.023935       0.000000       0.000000       0.000000       0.000000       0.000000       0.000000       0.000000       0.000000       0.000000       0.000000       0.000000       0.000000
        0.394737       0.971367       0.028627       0.028627       0.000000       0.000000       0.000000       0.000000       0.000000       0.000000       0.000000       0.000000       0.000000       0.000000       0.000000       0.000000
        0.460526       0.967125       0.032869       0.032869       0.000000       0.000000       0.000000       0.000000       0.000000       0.000000       0.000000       0.000000       0.000000       0.000000       0.000000       0.000000
        0.526316       0.963326       0.036677       0.036677       0.000000       0.000000       0.000000       0.000000       0.000000       0.000000       0.000000       0.000000       0.000000       0.000000       0.000000       0.000000
        0.592105       0.959923       0.040085       0.040085       0.000000       0.000000       0.000000       0.000000       0.000000       0.000000       0.000000       0.000000       0.000000       0.000000       0.000000       0.000000
        0.657895       0.956856       0.043139       0.043139       0.000000       0.000000       0.000000       0.000000       0.000000       0.000000       0.000000       0.000000       0.000000       0.000000       0.000000       0.000000
        0.723684       0.954109       0.045887       0.045887       0.000000       0.000000       0.000000       0.000000       0.000000       0.000000       0.000000       0.000000       0.000000       0.000000       0.000000       0.000000
        0.789474       0.950996       0.049001       0.048133       0.000868       0.000000       0.000000       0.000000       0.000000       0.000000       0.000000       0.000000       0.000000       0.000000       0.000000       0.000000
        0.855263       0.947533       0.052469       0.049905       0.002564       0.000000       0.000000       0.000000       0.000000       0.000000       0.000000       0.000000       0.000000       0.000000       0.000000       0.000000
        0.921053       0.944130       0.055862       0.051409       0.004454       0.000000       0.000000       0.000000       0.000000       0.000000       0.000000       0.000000       0.000000       0.000000       0.000000       0.000000
        0.986842       0.940895       0.059107       0.052722       0.006384       0.000000       0.000000       0.000000       0.000000       0.000000       0.000000       0.000000       0.000000       0.000000       0.000000       0.000000
        1.052632       0.937813       0.062182       0.053893       0.008290       0.000000       0.000000       0.000000       0.000000       0.000000       0.000000       0.000000       0.000000       0.000000       0.000000       0.000000
        1.118421       0.934898       0.065099       0.054955       0.010143       0.000000       0.000000       0.000000       0.000000       0.000000       0.000000       0.000000       0.000000       0.000000       0.000000       0.000000
        1.184211       0.932137       0.067869       0.055935       0.011934       0.000000       0.000000       0.000000       0.000000       0.000000       0.000000       0.000000       0.000000       0.000000       0.000000       0.000000
        1.250000       0.914497       0.076351       0.054806       0.012402       0.000000       0.000000       0.000000       0.000000       0.000000       0.000000       0.000000       0.000000       0.000000       0.009142       0.000000
        1.315789       0.882362       0.090347       0.051581       0.011487       0.000000       0.000000       0.000000       0.000000       0.000000       0.000000       0.000000       0.000000       0.000000       0.027278       0.000000
        1.381579       0.850624       0.104026       0.048268       0.010423       0.000000       0.000000       0.000000       0.000000       0.000000       0.000000       0.000000       0.000000       0.000000       0.045337       0.000000
        1.447368       0.820396       0.116970       0.045023       0.009323       0.000000       0.000000       0.000000       0.000000       0.000000       0.000000       0.000000       0.000000       0.000000       0.062626       0.000000
        1.513158       0.792000       0.129065       0.041894       0.008231       0.000000       0.000000       0.000000       0.000000       0.000000       0.000000       0.000000       0.000000       0.000000       0.078937       0.000000
        1.578947       0.765465       0.140301       0.038906       0.007173       0.000000       0.000000       0.000000       0.000000       0.000000       0.000000       0.000000       0.000000       0.000000       0.094223       0.000000
        1.644737       0.740807       0.150705       0.036067       0.006165       0.000000       0.000000       0.000000       0.000000       0.000000       0.000000       0.000000       0.000000       0.000000       0.108476       0.000000
        1.710526       0.717964       0.160325       0.033380       0.005217       0.000000       0.000000       0.000000       0.000000       0.000000       0.000000       0.000000       0.000000       0.000000       0.121722       0.000000
        1.776316       0.696815       0.169193       0.030852       0.004340       0.000000       0.000000       0.000000       0.000000       0.000000       0.000000       0.000000       0.000000       0.000000       0.134007       0.000000
        1.842105       0.677269       0.177363       0.028478       0.003537       0.000000       0.000000       0.000000       0.000000       0.000000       0.000000       0.000000       0.000000       0.000000       0.145352       0.000000
        1.907895       0.659248       0.184907       0.026259       0.002812       0.000000       0.000000       0.000000       0.000000       0.000000       0.000000       0.000000       0.000000       0.000000       0.155840       0.000000
        1.973684       0.642647       0.191848       0.024190       0.002167       0.000000       0.000000       0.000000       0.000000       0.000000       0.000000       0.000000       0.000000       0.000000       0.165498       0.000000
        2.039474       0.627373       0.198246       0.022266       0.001603       0.000000       0.000000       0.000000       0.000000       0.000000       0.000000       0.000000       0.000000       0.000000       0.174384       0.000000
        2.105263       0.613319       0.204138       0.020483       0.001120       0.000000       0.000000       0.000000       0.000000       0.000000       0.000000       0.000000       0.000000       0.000000       0.182527       0.000000
        2.171053       0.600410       0.209579       0.018836       0.000718       0.000000       0.000000       0.000000       0.000000       0.000000       0.000000       0.000000       0.000000       0.000000       0.190019       0.000000
        2.236842       0.588539       0.214594       0.017317       0.000396       0.000000       0.000000       0.000000       0.000000       0.000000       0.000000       0.000000       0.000000       0.000000       0.196877       0.000000
        2.302632       0.577629       0.219227       0.015919       0.000158       0.000000       0.000000       0.000000       0.000000       0.000000       0.000000       0.000000       0.000000       0.000000       0.203145       0.000000
        2.368421       0.567604       0.223522       0.014635       0.000014       0.000000       0.000000       0.000000       0.000000       0.000000       0.000000       0.000000       0.000000       0.000000       0.208867       0.000000
        2.434211       0.558403       0.227522       0.013455       0.000000       0.000000       0.000000       0.000000       0.000000       0.000000       0.000000       0.000000       0.000000       0.000000       0.214071       0.000000
        2.500000       0.549950       0.231218       0.012378       0.000000       0.000000       0.000000       0.000000       0.000000       0.000000       0.000000       0.000000       0.000000       0.000000       0.218831       0.000000
        2.565789       0.540123       0.233028       0.011366       0.000000       0.005189       0.000000       0.000000       0.000000       0.000000       0.000000       0.000000       0.000000       0.000000       0.221669       0.000000
        2.631579       0.529579       0.233599       0.010431       0.000000       0.013650       0.000000       0.000000       0.000000       0.000000       0.000000       0.000000       0.000000       0.000000       0.223161       0.000000
        2.697368       0.519127       0.233613       0.009580       0.000000       0.023219       0.000000       0.000000       0.000000       0.000000       0.000000       0.000000       0.000000       0.000000       0.224032       0.000000
        2.763158       0.508919       0.233247       0.008808       0.000000       0.033381       0.000000       0.000000       0.000000       0.000000       0.000000       0.000000       0.000000       0.000000       0.224445       0.000000
        2.828947       0.499031       0.232609       0.008109       0.000000       0.043876       0.000000       0.000000       0.000000       0.000000       0.000000       0.000000       0.000000       0.000000       0.224493       0.000000
        2.894737       0.489433       0.231728       0.007478       0.000000       0.054592       0.000000       0.000000       0.000000       0.000000       0.000000       0.000000       0.000000       0.000000       0.224254       0.000000
        2.960526       0.480110       0.230653       0.006906       0.000000       0.065430       0.000000       0.000000       0.000000       0.000000       0.000000       0.000000       0.000000       0.000058       0.223751       0.000000
        3.026316       0.470589       0.229158       0.006388       0.000000       0.076130       0.000000       0.000000       0.000000       0.000000       0.000000       0.000000       0.000000       0.001342       0.222766       0.000000
        3.092105       0.461098       0.227394       0.005918       0.000000       0.086766       0.000000       0.000000       0.000000       0.000000       0.000000       0.000000       0.000000       0.003262       0.221475       0.000000
        3.157895       0.451775       0.225455       0.005492       0.000000       0.097343       0.000000       0.000000       0.000000       0.000000       0.000000       0.000000       0.000000       0.005470       0.219958       0.000000
        3.223684       0.442711       0.223393       0.005106       0.000000       0.107813       0.000000       0.000000       0.000000       0.000000       0.000000       0.000000       0.000000       0.007808       0.218291       0.000000
        3.289474       0.433907       0.221239       0.004756       0.000000       0.118186       0.000000       0.000000       0.000000       0.000000       0.000000       0.000000       0.000000       0.010189       0.216488       0.000000
        3.355263       0.425346       0.219017       0.004437       0.000000       0.128501       0.000000       0.000000       0.000000       0.000000       0.000000       0.000000       0.000000       0.012572       0.214579       0.000000
        3.421053       0.417091       0.216743       0.004149       0.000000       0.138653       0.000000       0.000000       0.000000       0.000000       0.000000       0.000000       0.000000       0.014891       0.212597       0.000000
        3.486842       0.409096       0.214435       0.003886       0.000000       0.148731       0.000000       0.000000       0.000000       0.000000       0.000000       0.000000       0.000000       0.017150       0.210560       0.000000
        3.552631       0.401360       0.212118       0.003645       0.000000       0.158709       0.000000       0.000000       0.000000       0.000000       0.000000       0.000000       0.000000       0.019332       0.208464       0.000000
        3.618421       0.393929       0.209791       0.003427       0.000000       0.168540       0.000000       0.000000       0.000000       0.000000       0.000000       0.000000       0.000000       0.021405       0.206367       0.000000
        3.684211       0.386711       0.207445       0.003227       0.000000       0.178257       0.000000       0.000000       0.000000       0.000000       0.000000       0.000000       0.000000       0.023381       0.204227       0.000000
        3.750000       0.379753       0.205109       0.003045       0.000000       0.187841       0.000000       0.000000       0.000000       0.000000       0.000000       0.000000       0.000000       0.025244       0.202067       0.000000
        3.815789       0.373024       0.202780       0.002878       0.000000       0.197301       0.000000       0.000000       0.000000       0.000000       0.000000       0.000000       0.000000       0.027010       0.199907       0.000000
        3.881579       0.366508       0.200459       0.002725       0.000000       0.206649       0.000000       0.000000       0.000000       0.000000       0.000000       0.000000       0.000000       0.028666       0.197725       0.000000
        3.947368       0.360237       0.198153       0.002586       0.000000       0.215831       0.000000       0.000000       0.000000       0.000000       0.000000       0.000000       0.000000       0.030211       0.195576       0.000000
        4.013158       0.354164       0.195863       0.002458       0.000000       0.224897       0.000000       0.000000       0.000000       0.000000       0.000000       0.000000       0.000000       0.031650       0.193414       0.000000
        4.078948       0.348259       0.193596       0.002339       0.000000       0.233878       0.000000       0.000000       0.000000       0.000000       0.000000       0.000000       0.000000       0.033015       0.191260       0.000000
        4.144737       0.342598       0.191356       0.002231       0.000000       0.242650       0.000000       0.000000       0.000000       0.000000       0.000000       0.000000       0.000000       0.034254       0.189132       0.000000
        4.210526       0.337074       0.189129       0.002131       0.000000       0.251343       0.000000       0.000000       0.000000       0.000000       0.000000       0.000000       0.000000       0.035417       0.187004       0.000000
        4.276316       0.331779       0.186956       0.002039       0.000000       0.259887       0.000000       0.000000       0.000000       0.000000       0.000000       0.000000       0.000000       0.036490       0.184914       0.000000
        4.342105       0.326591       0.184783       0.001953       0.000000       0.268340       0.000000       0.000000       0.000000       0.000000       0.000000       0.000000       0.000000       0.037488       0.182820       0.000000
        4.407895       0.321800       0.183089       0.001860       0.000000       0.275529       0.000000       0.000000       0.000000       0.000000       0.000953       0.000000       0.000000       0.038368       0.180275       0.000000
        4.473684       0.317436       0.182169       0.001747       0.000000       0.280795       0.000000       0.000000       0.000000       0.000000       0.003511       0.000000       0.000000       0.039160       0.176912       0.000000
        4.539474       0.313286       0.181451       0.001637       0.000000       0.285540       0.000000       0.000000       0.000000       0.000000       0.006402       0.000000       0.000000       0.039883       0.173418       0.000000
        4.605263       0.309288       0.180850       0.001531       0.000000       0.289975       0.000000       0.000000       0.000000       0.000000       0.009435       0.000000       0.000000       0.040547       0.169868       0.000000
        4.671053       0.305428       0.180320       0.001430       0.000000       0.294193       0.000000       0.000000       0.000000       0.000000       0.012564       0.000000       0.000000       0.041158       0.166330       0.000000
        4.736842       0.301750       0.179871       0.001336       0.000000       0.298143       0.000000       0.000000       0.000000       0.000000       0.015696       0.000000       0.000000       0.041696       0.162826       0.000000
        4.802631       0.298119       0.179441       0.001247       0.000000       0.302007       0.000000       0.000000       0.000000       0.000000       0.018879       0.000000       0.000000       0.042204       0.159332       0.000000
        4.868421       0.294640       0.179077       0.001163       0.000000       0.305679       0.000000       0.000000       0.000000       0.000000       0.022023       0.000000       0.000000       0.042656       0.155886       0.000000
        4.934211       0.291298       0.178758       0.001084       0.000000       0.309210       0.000000       0.000000       0.000000       0.000000       0.025146       0.000000       0.000000       0.043069       0.152524       0.000000
        5.000000       0.288033       0.178465       0.001010       0.000000       0.312637       0.000000       0.000000       0.000000       0.000000       0.028269       0.000000       0.000000       0.043429       0.149177       0.000000
        5.065790       0.284843       0.178188       0.000941       0.000000       0.315959       0.000000       0.000000       0.000000       0.000000       0.031360       0.000000       0.000000       0.043758       0.145892       0.000000
        5.131579       0.281670       0.177870       0.000876       0.000000       0.319193       0.000000       0.000000       0.000000       0.000000       0.034470       0.000000       0.000120       0.044047       0.142658       0.000000
        5.197368       0.278481       0.177425       0.000818       0.000000       0.322209       0.000000       0.000000       0.000000       0.000000       0.037550       0.000000       0.000501       0.044300       0.139572       0.000000
        5.263158       0.275337       0.176929       0.000764       0.000000       0.325041       0.000000       0.000000       0.000000       0.000000       0.040592       0.000000       0.000993       0.044499       0.136567       0.000000
        5.328948       0.272194       0.176403       0.000713       0.000000       0.327870       0.000000       0.000000       0.000000       0.000000       0.043683       0.000000       0.001571       0.044676       0.133599       0.000000
        5.394737       0.269157       0.175888       0.000666       0.000000       0.330542       0.000000       0.000000       0.000000       0.000000       0.046686       0.000000       0.002197       0.044822       0.130733       0.000000
        5.460526       0.266136       0.175339       0.000622       0.000000       0.333139       0.000000       0.000000       0.000000       0.000000       0.049682       0.000000       0.002860       0.044934       0.127910       0.000000
        5.526316       0.263191       0.174810       0.000581       0.000000       0.335667       0.000000       0.000000       0.000000       0.000000       0.052642       0.000000       0.003552       0.045019       0.125144       0.000000
        5.592105       0.260292       0.174270       0.000542       0.000000       0.338099       0.000000       0.000000       0.000000       0.000000       0.055543       0.000000       0.004262       0.045079       0.122441       0.000000
        5.657895       0.257423       0.173732       0.000506       0.000000       0.340518       0.000000       0.000000       0.000000       0.000000       0.058461       0.000000       0.004990       0.045108       0.119752       0.000000
        5.723684       0.254646       0.173212       0.000472       0.000000       0.342823       0.000000       0.000000       0.000000       0.000000       0.061285       0.000000       0.005722       0.045121       0.117156       0.000000
        5.789474       0.251945       0.172715       0.000440       0.000000       0.345086       0.000000       0.000000       0.000000       0.000000       0.064122       0.000000       0.006450       0.045101       0.114599       0.000000
        5.855263       0.249306       0.172224       0.000410       0.000000       0.347252       0.000000       0.000000       0.000000       0.000000       0.066871       0.000000       0.007176       0.045062       0.112107       0.000000
        5.921053       0.246742       0.171747       0.000382       0.000000       0.349343       0.000000       0.000000       0.000000       0.000000       0.069593       0.000000       0.007890       0.044997       0.109673       0.000000
        5.986842       0.244164       0.171266       0.000355       0.000000       0.351464       0.000000       0.000000       0.000000       0.000000       0.072295       0.000000       0.008623       0.044922       0.107240       0.000000
        6.052631       0.241737       0.170852       0.000330       0.000000       0.353444       0.000000       0.000000       0.000000       0.000000       0.074878       0.000000       0.009329       0.044823       0.104890       0.000066
        6.118421       0.239479       0.171213       0.000299       0.000000       0.355817       0.000000       0.000000       0.000000       0.000000       0.075958       0.000000       0.010434       0.044965       0.102184       0.003216
        6.184211       0.237251       0.171744       0.000268       0.000000       0.358214       0.000000       0.000000       0.000000       0.000000       0.076643       0.000000       0.011633       0.045112       0.099373       0.007077
        6.250000       0.235130       0.172252       0.000240       0.000000       0.360494       0.000000       0.000000       0.000000       0.000000       0.077386       0.000000       0.012796       0.045224       0.096710       0.010729
        6.315790       0.233040       0.172782       0.000215       0.000000       0.362731       0.000000       0.000000       0.000000       0.000000       0.078025       0.000000       0.013976       0.045321       0.094083       0.014432
        6.381579       0.230858       0.173054       0.000193       0.000000       0.364808       0.000000       0.000000       0.000000       0.000000       0.078774       0.000334       0.015106       0.045405       0.091671       0.018185
        6.447368       0.228569       0.173119       0.000173       0.000000       0.366729       0.000000       0.000000       0.000000       0.000002       0.079447       0.000980       0.016219       0.045495       0.089422       0.022234
        6.513158       0.226341       0.172997       0.000157       0.000000       0.368167       0.000000       0.000000       0.000000       0.000648       0.079771       0.001732       0.017241       0.045586       0.087461       0.026325
        6.578948       0.224129       0.172747       0.000143       0.000000       0.369370       0.000000       0.000000       0.000000       0.001664       0.079920       0.002555       0.018216       0.045677       0.085670       0.030334
        6.644737       0.221992       0.172425       0.000131       0.000000       0.370401       0.000000       0.000000       0.000000       0.002855       0.080071       0.003401       0.019118       0.045741       0.084013       0.034143
        6.710526       0.219887       0.172073       0.000120       0.000000       0.371312       0.000000       0.000000       0.000000       0.004153       0.080108       0.004288       0.019994       0.045793       0.082422       0.037997
        6.776316       0.217827       0.171695       0.000110       0.000000       0.372132       0.000000       0.000000       0.000000       0.005543       0.080141       0.005189       0.020824       0.045816       0.080880       0.041776
        6.842105       0.215874       0.171320       0.000101       0.000000       0.372813       0.000000       0.000000       0.000000       0.006918       0.080047       0.006091       0.021618       0.045846       0.079460       0.045483
        6.907895       0.213875       0.170860       0.000093       0.000000       0.373504       0.000000       0.000000       0.000000       0.008411       0.080102       0.006993       0.022364       0.045827       0.078035       0.049003
        6.973684       0.211967       0.170416       0.000085       0.000000       0.374121       0.000000       0.000000       0.000000       0.009919       0.080140       0.007885       0.023076       0.045803       0.076687       0.052341
        7.039473       0.210152       0.170009       0.000078       0.000000       0.374643       0.000000       0.000000       0.000000       0.011418       0.080095       0.008771       0.023756       0.045766       0.075386       0.055730
        7.105263       0.208336       0.169558       0.000072       0.000000       0.375151       0.000000       0.000000       0.000000       0.012959       0.080104       0.009646       0.024401       0.045707       0.074112       0.058944
        7.171053       0.206535       0.169090       0.000066       0.000000       0.375663       0.000000       0.000000       0.000000       0.014547       0.080150       0.010519       0.025025       0.045636       0.072865       0.062099
        7.236842       0.204857       0.168684       0.000060       0.000000       0.376075       0.000000       0.000000       0.000000       0.016097       0.080130       0.011369       0.025615       0.045557       0.071672       0.065197
        7.302632       0.203194       0.168252       0.000055       0.000000       0.376452       0.000000       0.000000       0.000000       0.017663       0.080142       0.012195       0.026164       0.045449       0.070494       0.068128
        7.368421       0.201515       0.167798       0.000051       0.000000       0.376867       0.000000       0.000000       0.000000       0.019280       0.080172       0.013034       0.026711       0.045340       0.069330       0.071008
        7.434211       0.199959       0.167389       0.000046       0.000000       0.377175       0.000000       0.000000       0.000000       0.020826       0.080167       0.013825       0.027212       0.045220       0.068230       0.073836
        7.500000       0.198372       0.166951       0.000042       0.000000       0.377508       0.000000       0.000000       0.000000       0.022444       0.080213       0.014616       0.027693       0.045074       0.067109       0.076508
