        0.065789      13.525059       0.625392       0.000000      19.053101     485.426230       0.995868       0.955320
        0.131579      13.242256       0.625392       0.000000      33.073181     478.053451       0.991946       0.914722
        0.197368      12.971988       0.625392       0.000000      45.058594     470.853645       0.988217       0.877788
        0.263158      12.717549       0.625392       0.000000      55.537476     463.809231       0.984665       0.844073
        0.328947      12.480697       0.625392       0.000000      64.815613     456.901742       0.981274       0.813141
        0.394737      12.262049       0.625392       0.000000      73.111389     450.112084       0.978028       0.784587
        0.460526      12.061426       0.625392       0.000000      80.594055     443.419279       0.974911       0.758048
        0.526316      11.878125       0.625392       0.000000      87.397827     436.803928       0.971909       0.733216
        0.592105      11.711130       0.625392       0.000000      93.629761     430.247260       0.969012       0.709840
        0.657895      11.559260       0.625392       0.000000      99.379211     423.733514       0.966210       0.687709
        0.723684      11.421271       0.625392       0.000000     104.720825     417.249059       0.963496       0.666653
        0.789474      11.295927       0.625392       0.000000     109.533081     410.749475       0.960862       0.646522
        0.855263      11.182040       0.625392       0.000000     113.859070     404.222406       0.958303       0.627206
        0.921053      11.078497       0.625392       0.000000     117.867004     397.681727       0.955817       0.608636
        0.986842      10.984268       0.625392       0.000000     121.627563     391.130405       0.953401       0.590755
        1.052632      10.898417       0.625392       0.000000     125.185303     384.568276       0.951056       0.573519
        1.118421      10.820094       0.625392       0.000000     128.575012     377.990221       0.948780       0.556890
        1.184211      10.748537       0.625392       0.000000     131.821899     371.400145       0.946572       0.540844
        1.250000      10.683060       0.625392       0.000000     133.310547     364.812531       0.944282       0.524080
        1.315789      10.623053       0.625392       0.000000     132.895386     358.223104       0.941882       0.506372
        1.381579      10.567970       0.625392       0.000000     132.118591     351.602567       0.939514       0.488925
        1.447368      10.517325       0.625392       0.000000     131.106201     344.954053       0.937192       0.471848
        1.513158      10.470685       0.625392       0.000000     129.906494     338.277385       0.934926       0.455216
        1.578947      10.427663       0.625392       0.000000     128.552124     331.571425       0.932717       0.439041
        1.644737      10.387916       0.625392       0.000000     127.062805     324.840090       0.930574       0.423376
        1.710526      10.351137       0.625392       0.000000     125.456177     318.085132       0.928499       0.408248
        1.776316      10.317052       0.625392       0.000000     123.751892     311.305796       0.926494       0.393659
        1.842105      10.285416       0.625392       0.000000     121.963074     304.513521       0.924563       0.379634
        1.907895      10.256010       0.625392       0.000000     120.105103     297.701993       0.922704       0.366169
        1.973684      10.228637       0.625392       0.000000     118.191895     290.872659       0.920923       0.353293
        2.039474      10.203121       0.625392       0.000000     116.235474     284.039104       0.919218       0.341000
        2.105263      10.179305       0.625392       0.000000     114.249878     277.190099       0.917590       0.329289
        2.171053      10.157045       0.625392       0.000000     112.246155     270.327687       0.916037       0.318136
        2.236842      10.136212       0.625392       0.000000     110.235779     263.467917       0.914556       0.307534
        2.302632      10.116692       0.625392       0.000000     108.226990     256.591685       0.913147       0.297470
        2.368421      10.098380       0.625392       0.000000     106.227539     249.718119       0.911806       0.287916
        2.434211      10.081179       0.625392       0.000000     104.239746     242.832462       0.910532       0.278858
        2.500000      10.065006       0.625392       0.000000     102.285583     235.952687       0.909323       0.270286
        2.565789      10.049780       0.625392       0.000000     100.284241     229.726723       0.908196       0.262335
        2.631579      10.035432       0.625392       0.000000      98.279419     223.961167       0.907130       0.254833
        2.697368      10.021897       0.625392       0.000000      96.319763     218.404958       0.906110       0.247672
        2.763158      10.009116       0.625392       0.000000      94.417236     213.017349       0.905134       0.240816
        2.828947       9.997035       0.625392       0.000000      92.574097     207.753894       0.904198       0.234254
        2.894737       9.985605       0.625392       0.000000      90.798584     202.602825       0.903295       0.227920
        2.960526       9.974780       0.625392       0.000000      89.088013     197.545338       0.902421       0.221783
        3.026316       9.964521       0.625392       0.000000      87.440063     192.533298       0.901549       0.215642
        3.092105       9.954787       0.625392       0.000000      85.855835     187.567113       0.900688       0.209551
        3.157895       9.945546       0.625392       0.000000      84.334717     182.664671       0.899844       0.203570
        3.223684       9.936764       0.625392       0.000000      82.879395     177.833127       0.899023       0.197755
        3.289474       9.928413       0.625392       0.000000      81.486328     173.062590       0.898225       0.192091
        3.355263       9.920465       0.625392       0.000000      80.151245     168.376522       0.897444       0.186543
        3.421053       9.912895       0.625392       0.000000      78.882080     163.744560       0.896690       0.181191
        3.486842       9.905679       0.625392       0.000000      77.669922     159.187172       0.895954       0.175961
        3.552631       9.898796       0.625392       0.000000      76.508301     154.699315       0.895238       0.170860
        3.618421       9.892227       0.625392       0.000000      75.410034     150.276065       0.894546       0.165939
        3.684211       9.885952       0.625392       0.000000      74.362915     145.921763       0.893869       0.161122
        3.750000       9.879955       0.625392       0.000000      73.367554     141.637145       0.893214       0.156451
        3.815789       9.874220       0.625392       0.000000      72.420654     137.393031       0.892574       0.151893
        3.881579       9.868731       0.625392       0.000000      71.520752     133.221525       0.891951       0.147447
        3.947368       9.863476       0.625392       0.000000      70.673462     129.112053       0.891348       0.143144
        4.013158       9.858440       0.625392       0.000000      69.869507     125.053394       0.890760       0.138946
        4.078948       9.853613       0.625392       0.000000      69.100220     121.067190       0.890181       0.134807
        4.144737       9.848983       0.625392       0.000000      68.382935     117.121159       0.889626       0.130841
        4.210526       9.844539       0.625392       0.000000      67.698853     113.230292       0.889078       0.126922
        4.276316       9.840272       0.625392       0.000000      67.054199     109.389240       0.888549       0.123138
        4.342105       9.836172       0.625392       0.000000      66.441406     105.598891       0.888026       0.119390
        4.407895       9.832232       0.625392       0.000000      65.693726     102.063907       0.887548       0.115989
        4.473684       9.828442       0.625392       0.000000      64.659790      98.986706       0.887120       0.112966
        4.539474       9.824796       0.625392       0.000000      63.577515      96.052830       0.886713       0.110095
        4.605263       9.821286       0.625392       0.000000      62.472778      93.204713       0.886319       0.107318
        4.671053       9.817906       0.625392       0.000000      61.365234      90.417664       0.885936       0.104616
        4.736842       9.814649       0.625392       0.000000      60.265625      87.722919       0.885572       0.102063
        4.802631       9.811509       0.625392       0.000000      59.161865      85.065629       0.885208       0.099491
        4.868421       9.808482       0.625392       0.000000      58.064331      82.475963       0.884859       0.097033
        4.934211       9.805561       0.625392       0.000000      56.981567      79.924286       0.884521       0.094651
        5.000000       9.802742       0.625392       0.000000      55.901245      77.402780       0.884190       0.092319
        5.065790       9.800021       0.625392       0.000000      54.828735      74.955366       0.883864       0.090018
        5.131579       9.797392       0.625392       0.000000      53.773560      72.507379       0.883538       0.087703
        5.197368       9.794852       0.625392       0.000000      52.771729      70.094475       0.883209       0.085365
        5.263158       9.792396       0.625392       0.000000      51.803955      67.711863       0.882887       0.083073
        5.328948       9.790022       0.625392       0.000000      50.841064      65.370590       0.882560       0.080734
        5.394737       9.787725       0.625392       0.000000      49.903564      63.043882       0.882242       0.078468
        5.460526       9.785502       0.625392       0.000000      48.978760      60.750891       0.881925       0.076196
        5.526316       9.783350       0.625392       0.000000      48.062500      58.467034       0.881614       0.073962
        5.592105       9.781267       0.625392       0.000000      47.159668      56.243892       0.881305       0.071746
        5.657895       9.779248       0.625392       0.000000      46.255493      54.013987       0.880997       0.069530
        5.723684       9.777293       0.625392       0.000000      45.368286      51.825655       0.880697       0.067370
        5.789474       9.775397       0.625392       0.000000      44.489014      49.661038       0.880405       0.065265
        5.855263       9.773559       0.625392       0.000000      43.620728      47.523569       0.880117       0.063195
        5.921053       9.771776       0.625392       0.000000      42.766602      45.430918       0.879838       0.061183
        5.986842       9.770046       0.625392       0.000000      41.894897      43.315867       0.879551       0.059111
        6.052631       9.768368       0.625392       0.000061      41.043213      41.246025       0.879283       0.057180
        6.118421       9.766738       0.625392       0.002991      39.850464      39.833778       0.878992       0.055058
        6.184211       9.765156       0.625392       0.006653      38.562866      38.557380       0.878698       0.052920
        6.250000       9.763619       0.625392       0.010193      37.318970      37.302093       0.878419       0.050889
        6.315790       9.762126       0.625392       0.013855      36.058105      36.065183       0.878141       0.048869
        6.381579       9.760674       0.625392       0.017639      34.897827      34.880979       0.877850       0.046733
        6.447368       9.759264       0.625392       0.021790      33.802246      33.794751       0.877539       0.044445
        6.513158       9.757892       0.625392       0.026062      32.840576      32.859757       0.877233       0.042197
        6.578948       9.756558       0.625392       0.030334      31.949829      31.983599       0.876925       0.039920
        6.644737       9.755260       0.625392       0.034485      31.125122      31.112570       0.876626       0.037716
        6.710526       9.753997       0.625392       0.038757      30.322144      30.329520       0.876329       0.035526
        6.776316       9.752767       0.625392       0.043030      29.543213      29.541090       0.876039       0.033387
        6.842105       9.751571       0.625392       0.047302      28.805908      28.838710       0.875758       0.031315
        6.907895       9.750405       0.625392       0.051453      28.081543      28.112503       0.875472       0.029204
        6.973684       9.749270       0.625392       0.055481      27.381226      27.384679       0.875197       0.027172
        7.039473       9.748164       0.625392       0.059631      26.696289      26.708175       0.874934       0.025232
        7.105263       9.747087       0.625392       0.063660      26.025757      26.021555       0.874669       0.023276
        7.171053       9.746037       0.625392       0.067688      25.363037      25.342520       0.874404       0.021314
        7.236842       9.745013       0.625392       0.071716      24.716919      24.695004       0.874156       0.019485
        7.302632       9.744014       0.625392       0.075623      24.084717      24.054457       0.873911       0.017673
        7.368421       9.743041       0.625392       0.079529      23.445923      23.433170       0.873659       0.015809
        7.434211       9.742091       0.625392       0.083435      22.840210      22.824921       0.873424       0.014079
        7.500000       9.741164       0.625392       0.087219      22.222534      22.232774       0.873186       0.012316
