        0.064725       0.996094       0.003418       0.004170       0.000000       0.000000       0.000000       0.000000       0.000000       0.000000       0.000000       0.000000       0.000000       0.000000       0.000000       0.000000
        0.129450       0.988281       0.011536       0.011324       0.000000       0.000000       0.000000       0.000000       0.000000       0.000000       0.000000       0.000000       0.000000       0.000000       0.000000       0.000000
        0.194175       0.980469       0.019226       0.019103       0.000000       0.000000       0.000000       0.000000       0.000000       0.000000       0.000000       0.000000       0.000000       0.000000       0.000000       0.000000
        0.258900       0.973877       0.026072       0.026192       0.000000       0.000000       0.000000       0.000000       0.000000       0.000000       0.000000       0.000000       0.000000       0.000000       0.000000       0.000000
        0.323625       0.968018       0.031920       0.031982       0.000000       0.000000       0.000000       0.000000       0.000000       0.000000       0.000000       0.000000       0.000000       0.000000       0.000000       0.000000
        0.388350       0.963379       0.036550       0.036470       0.000000       0.000000       0.000000       0.000000       0.000000       0.000000       0.000000       0.000000       0.000000       0.000000       0.000000       0.000000
        0.453074       0.959961       0.039961       0.039880       0.000000       0.000000       0.000000       0.000000       0.000000       0.000000       0.000000       0.000000       0.000000       0.000000       0.000000       0.000000
        0.517799       0.957520       0.042397       0.042457       0.000000       0.000000       0.000000       0.000000       0.000000       0.000000       0.000000       0.000000       0.000000       0.000000       0.000000       0.000000
        0.582524       0.955566       0.044347       0.044352       0.000000       0.000000       0.000000       0.000000       0.000000       0.000000       0.000000       0.000000       0.000000       0.000000       0.000000       0.000000
        0.647249       0.954102       0.045809       0.045838       0.000000       0.000000       0.000000       0.000000       0.000000       0.000000       0.000000       0.000000       0.000000       0.000000       0.000000       0.000000
        0.711974       0.953003       0.047066       0.047051       0.000000       0.000000       0.000000       0.000000       0.000000       0.000000       0.000000       0.000000       0.000000       0.000000       0.000000       0.000000
        0.776699       0.951416       0.048655       0.047920       0.000813       0.000000       0.000000       0.000000       0.000000       0.000000       0.000000       0.000000       0.000000       0.000000       0.000000       0.000000
        0.841424       0.949463       0.050611       0.048562       0.002079       0.000000       0.000000       0.000000       0.000000       0.000000       0.000000       0.000000       0.000000       0.000000       0.000000       0.000000
        0.906149       0.947327       0.052660       0.049159       0.003490       0.000000       0.000000       0.000000       0.000000       0.000000       0.000000       0.000000       0.000000       0.000000       0.000000       0.000000
        0.970874       0.945190       0.054796       0.049786       0.004976       0.000000       0.000000       0.000000       0.000000       0.000000       0.000000       0.000000       0.000000       0.000000       0.000000       0.000000
        1.035599       0.942993       0.056993       0.050476       0.006510       0.000000       0.000000       0.000000       0.000000       0.000000       0.000000       0.000000       0.000000       0.000000       0.000000       0.000000
        1.100324       0.940674       0.059312       0.051216       0.008067       0.000000       0.000000       0.000000       0.000000       0.000000       0.000000       0.000000       0.000000       0.000000       0.000000       0.000000
        1.165049       0.938354       0.061683       0.052040       0.009658       0.000000       0.000000       0.000000       0.000000       0.000000       0.000000       0.000000       0.000000       0.000000       0.000000       0.000000
        1.229774       0.935791       0.064193       0.052896       0.011249       0.000000       0.000000       0.000000       0.000000       0.000000       0.000000       0.000000       0.000000       0.000000       0.000000       0.000000
        1.294498       0.933289       0.066695       0.053846       0.012877       0.000000       0.000000       0.000000       0.000000       0.000000       0.000000       0.000000       0.000000       0.000000       0.000000       0.000000
        1.359223       0.930664       0.069319       0.054815       0.014494       0.000000       0.000000       0.000000       0.000000       0.000000       0.000000       0.000000       0.000000       0.000000       0.000000       0.000000
        1.423948       0.928101       0.071943       0.055851       0.016134       0.000000       0.000000       0.000000       0.000000       0.000000       0.000000       0.000000       0.000000       0.000000       0.000000       0.000000
        1.488673       0.925354       0.074628       0.056884       0.017752       0.000000       0.000000       0.000000       0.000000       0.000000       0.000000       0.000000       0.000000       0.000000       0.000000       0.000000
        1.553398       0.922668       0.077313       0.057952       0.019372       0.000000       0.000000       0.000000       0.000000       0.000000       0.000000       0.000000       0.000000       0.000000       0.000000       0.000000
        1.618123       0.919983       0.079998       0.059033       0.020981       0.000000       0.000000       0.000000       0.000000       0.000000       0.000000       0.000000       0.000000       0.000000       0.000000       0.000000
        1.682848       0.917297       0.082682       0.060111       0.022568       0.000000       0.000000       0.000000       0.000000       0.000000       0.000000       0.000000       0.000000       0.000000       0.000000       0.000000
        1.747573       0.914673       0.085343       0.061191       0.024137       0.000000       0.000000       0.000000       0.000000       0.000000       0.000000       0.000000       0.000000       0.000000       0.000000       0.000000
        1.812298       0.912048       0.087930       0.062269       0.025687       0.000000       0.000000       0.000000       0.000000       0.000000       0.000000       0.000000       0.000000       0.000000       0.000000       0.000000
        1.877023       0.909485       0.090532       0.063313       0.027193       0.000000       0.000000       0.000000       0.000000       0.000000       0.000000       0.000000       0.000000       0.000000       0.000000       0.000000
        1.941748       0.896820       0.096542       0.062598       0.027343       0.000000       0.000000       0.000000       0.000000       0.000000       0.000000       0.000000       0.000000       0.000000       0.006626       0.000000
        2.006473       0.872925       0.106386       0.059844       0.025904       0.000000       0.000000       0.000000       0.000000       0.000000       0.000000       0.000000       0.000000       0.000000       0.020662       0.000000
        2.071197       0.848755       0.116249       0.056941       0.024315       0.000000       0.000000       0.000000       0.000000       0.000000       0.000000       0.000000       0.000000       0.000000       0.034980       0.000000
        2.135922       0.825348       0.125734       0.054078       0.022724       0.000000       0.000000       0.000000       0.000000       0.000000       0.000000       0.000000       0.000000       0.000000       0.048935       0.000000
        2.200647       0.803009       0.134746       0.051306       0.021173       0.000000       0.000000       0.000000       0.000000       0.000000       0.000000       0.000000       0.000000       0.000000       0.062260       0.000000
        2.265372       0.781860       0.143224       0.048656       0.019689       0.000000       0.000000       0.000000       0.000000       0.000000       0.000000       0.000000       0.000000       0.000000       0.074903       0.000000
        2.330097       0.761963       0.151216       0.046130       0.018277       0.000000       0.000000       0.000000       0.000000       0.000000       0.000000       0.000000       0.000000       0.000000       0.086810       0.000000
        2.394822       0.743286       0.158707       0.043735       0.016943       0.000000       0.000000       0.000000       0.000000       0.000000       0.000000       0.000000       0.000000       0.000000       0.098028       0.000000
        2.459547       0.725754       0.165709       0.041471       0.015689       0.000000       0.000000       0.000000       0.000000       0.000000       0.000000       0.000000       0.000000       0.000000       0.108531       0.000000
        2.524272       0.709320       0.172254       0.039335       0.014514       0.000000       0.000000       0.000000       0.000000       0.000000       0.000000       0.000000       0.000000       0.000000       0.118407       0.000000
        2.588997       0.693970       0.178392       0.037319       0.013413       0.000000       0.000000       0.000000       0.000000       0.000000       0.000000       0.000000       0.000000       0.000000       0.127640       0.000000
        2.653722       0.679565       0.184102       0.035425       0.012390       0.000000       0.000000       0.000000       0.000000       0.000000       0.000000       0.000000       0.000000       0.000000       0.136310       0.000000
        2.718447       0.666107       0.189472       0.033638       0.011433       0.000000       0.000000       0.000000       0.000000       0.000000       0.000000       0.000000       0.000000       0.000000       0.144399       0.000000
        2.783172       0.653442       0.194428       0.031959       0.010544       0.000172       0.000000       0.000000       0.000000       0.000000       0.000000       0.000000       0.000000       0.000000       0.151936       0.000000
        2.847897       0.640289       0.198090       0.030372       0.009713       0.003612       0.000000       0.000000       0.000000       0.000000       0.000000       0.000000       0.000000       0.000000       0.158012       0.000000
        2.912621       0.627380       0.201050       0.028880       0.008942       0.008344       0.000000       0.000000       0.000000       0.000000       0.000000       0.000000       0.000000       0.000000       0.163245       0.000000
        2.977346       0.614899       0.203579       0.027474       0.008224       0.013652       0.000000       0.000000       0.000000       0.000000       0.000000       0.000000       0.000000       0.000000       0.167889       0.000000
        3.042071       0.602913       0.205769       0.026150       0.007557       0.019270       0.000000       0.000000       0.000000       0.000000       0.000000       0.000000       0.000000       0.000000       0.172047       0.000000
        3.106796       0.591431       0.207661       0.024907       0.006941       0.025066       0.000000       0.000000       0.000000       0.000000       0.000000       0.000000       0.000000       0.000000       0.175832       0.000000
        3.171521       0.580460       0.209338       0.023732       0.006366       0.030955       0.000000       0.000000       0.000000       0.000000       0.000000       0.000000       0.000000       0.000000       0.179228       0.000000
        3.236246       0.569946       0.210806       0.022628       0.005836       0.036902       0.000000       0.000000       0.000000       0.000000       0.000000       0.000000       0.000000       0.000000       0.182351       0.000000
        3.300971       0.559891       0.212092       0.021586       0.005343       0.042837       0.000000       0.000000       0.000000       0.000000       0.000000       0.000000       0.000000       0.000000       0.185169       0.000000
        3.365696       0.550293       0.213223       0.020604       0.004887       0.048737       0.000000       0.000000       0.000000       0.000000       0.000000       0.000000       0.000000       0.000000       0.187735       0.000000
        3.430421       0.541084       0.214225       0.019676       0.004463       0.054612       0.000000       0.000000       0.000000       0.000000       0.000000       0.000000       0.000000       0.000000       0.190087       0.000000
        3.495146       0.532257       0.215092       0.018802       0.004072       0.060411       0.000000       0.000000       0.000000       0.000000       0.000000       0.000000       0.000000       0.000000       0.192226       0.000000
        3.559871       0.523834       0.215862       0.017975       0.003709       0.066135       0.000000       0.000000       0.000000       0.000000       0.000000       0.000000       0.000000       0.000000       0.194177       0.000000
        3.624596       0.515747       0.216529       0.017195       0.003374       0.071775       0.000000       0.000000       0.000000       0.000000       0.000000       0.000000       0.000000       0.000000       0.195966       0.000000
        3.689321       0.507980       0.217111       0.016456       0.003063       0.077330       0.000000       0.000000       0.000000       0.000000       0.000000       0.000000       0.000000       0.000000       0.197593       0.000000
        3.754045       0.500526       0.217613       0.015757       0.002775       0.082788       0.000000       0.000000       0.000000       0.000000       0.000000       0.000000       0.000000       0.000000       0.199075       0.000000
        3.818770       0.493378       0.218035       0.015098       0.002510       0.088132       0.000000       0.000000       0.000000       0.000000       0.000000       0.000000       0.000000       0.000000       0.200440       0.000000
        3.883495       0.486511       0.218413       0.014472       0.002264       0.093398       0.000000       0.000000       0.000000       0.000000       0.000000       0.000000       0.000000       0.000000       0.201688       0.000000
        3.948220       0.479904       0.218723       0.013879       0.002038       0.098546       0.000000       0.000000       0.000000       0.000000       0.000000       0.000000       0.000000       0.000000       0.202815       0.000000
        4.012945       0.473564       0.219000       0.013316       0.001828       0.103601       0.000000       0.000000       0.000000       0.000000       0.000000       0.000000       0.000000       0.000000       0.203841       0.000000
        4.077670       0.467461       0.219206       0.012785       0.001636       0.108535       0.000000       0.000000       0.000000       0.000000       0.000000       0.000000       0.000000       0.000000       0.204800       0.000000
        4.142395       0.461586       0.219389       0.012280       0.001458       0.113373       0.000000       0.000000       0.000000       0.000000       0.000000       0.000000       0.000000       0.000000       0.205658       0.000000
        4.207120       0.455917       0.219527       0.011800       0.001295       0.118111       0.000000       0.000000       0.000000       0.000000       0.000000       0.000000       0.000000       0.000000       0.206445       0.000000
        4.271845       0.450462       0.219644       0.011344       0.001144       0.122747       0.000000       0.000000       0.000000       0.000000       0.000000       0.000000       0.000000       0.000000       0.207147       0.000000
        4.336570       0.445206       0.219715       0.010912       0.001007       0.127269       0.000000       0.000000       0.000000       0.000000       0.000000       0.000000       0.000000       0.000000       0.207806       0.000000
        4.401295       0.439705       0.219590       0.010493       0.000877       0.131591       0.000000       0.000000       0.000000       0.000000       0.000000       0.000000       0.000000       0.000886       0.208226       0.000000
        4.466020       0.434105       0.219306       0.010091       0.000757       0.135703       0.000000       0.000000       0.000000       0.000000       0.000000       0.000000       0.000000       0.002423       0.208464       0.000000
        4.530744       0.428490       0.218919       0.009705       0.000646       0.139691       0.000000       0.000000       0.000000       0.000000       0.000000       0.000000       0.000000       0.004323       0.208578       0.000000
        4.595469       0.422951       0.218467       0.009336       0.000545       0.143542       0.000000       0.000000       0.000000       0.000000       0.000000       0.000000       0.000000       0.006452       0.208576       0.000000
        4.660194       0.417519       0.217949       0.008985       0.000453       0.147270       0.000000       0.000000       0.000000       0.000000       0.000000       0.000000       0.000000       0.008736       0.208515       0.000000
        4.724919       0.412178       0.217389       0.008649       0.000370       0.150903       0.000000       0.000000       0.000000       0.000000       0.000000       0.000000       0.000000       0.011137       0.208380       0.000000
        4.789644       0.406960       0.216801       0.008327       0.000296       0.154448       0.000000       0.000000       0.000000       0.000000       0.000000       0.000000       0.000000       0.013615       0.208188       0.000000
        4.854369       0.401863       0.216181       0.008020       0.000230       0.157894       0.000000       0.000000       0.000000       0.000000       0.000000       0.000000       0.000000       0.016135       0.207940       0.000000
        4.919094       0.396881       0.215533       0.007727       0.000172       0.161258       0.000000       0.000000       0.000000       0.000000       0.000000       0.000000       0.000000       0.018679       0.207644       0.000000
        4.983819       0.392059       0.214886       0.007447       0.000121       0.164532       0.000000       0.000000       0.000000       0.000000       0.000000       0.000000       0.000000       0.021223       0.207310       0.000000
        5.048544       0.387344       0.214214       0.007180       0.000079       0.167735       0.000000       0.000000       0.000000       0.000000       0.000000       0.000000       0.000000       0.023766       0.206949       0.000000
        5.113269       0.382774       0.213537       0.006925       0.000044       0.170851       0.000000       0.000000       0.000000       0.000000       0.000000       0.000000       0.000000       0.026283       0.206556       0.000000
        5.177993       0.378311       0.212848       0.006682       0.000018       0.173909       0.000000       0.000000       0.000000       0.000000       0.000000       0.000000       0.000000       0.028783       0.206143       0.000000
        5.242719       0.374008       0.212165       0.006450       0.000002       0.176880       0.000000       0.000000       0.000000       0.000000       0.000000       0.000000       0.000000       0.031235       0.205715       0.000000
        5.307444       0.369804       0.211478       0.006227       0.000000       0.179796       0.000000       0.000000       0.000000       0.000000       0.000000       0.000000       0.000000       0.033659       0.205260       0.000000
        5.372168       0.365738       0.210802       0.006014       0.000000       0.182638       0.000000       0.000000       0.000000       0.000000       0.000000       0.000000       0.000000       0.036034       0.204787       0.000000
        5.436893       0.361771       0.210118       0.005810       0.000000       0.185433       0.000000       0.000000       0.000000       0.000000       0.000000       0.000000       0.000000       0.038374       0.204312       0.000000
        5.501618       0.357918       0.209440       0.005616       0.000000       0.188165       0.000000       0.000000       0.000000       0.000000       0.000000       0.000000       0.000000       0.040664       0.203819       0.000000
        5.566343       0.354195       0.208766       0.005430       0.000000       0.190812       0.000000       0.000000       0.000000       0.000000       0.000000       0.000000       0.000000       0.042890       0.203324       0.000000
        5.631068       0.350578       0.208097       0.005253       0.000000       0.193412       0.000000       0.000000       0.000000       0.000000       0.000000       0.000000       0.000000       0.045070       0.202833       0.000000
        5.695793       0.347038       0.207423       0.005084       0.000000       0.195981       0.000000       0.000000       0.000000       0.000000       0.000000       0.000000       0.000000       0.047213       0.202339       0.000000
        5.760518       0.343636       0.206764       0.004922       0.000000       0.198457       0.000000       0.000000       0.000000       0.000000       0.000000       0.000000       0.000000       0.049286       0.201850       0.000000
        5.825243       0.340309       0.206112       0.004767       0.000000       0.200896       0.000000       0.000000       0.000000       0.000000       0.000000       0.000000       0.000000       0.051317       0.201345       0.000000
        5.889968       0.337090       0.205472       0.004618       0.000000       0.203294       0.000000       0.000000       0.000000       0.000000       0.000000       0.000000       0.000000       0.053300       0.200857       0.000000
        5.954693       0.333946       0.204832       0.004476       0.000000       0.205637       0.000000       0.000000       0.000000       0.000000       0.000000       0.000000       0.000000       0.055232       0.200357       0.000000
        6.019418       0.330894       0.204202       0.004339       0.000000       0.207933       0.000000       0.000000       0.000000       0.000000       0.000000       0.000000       0.000000       0.057110       0.199857       0.000000
        6.084143       0.327942       0.203583       0.004209       0.000000       0.210166       0.000000       0.000000       0.000000       0.000000       0.000000       0.000000       0.000000       0.058937       0.199373       0.000000
        6.148868       0.325066       0.202972       0.004084       0.000000       0.212352       0.000000       0.000000       0.000000       0.000000       0.000000       0.000000       0.000000       0.060714       0.198882       0.000000
        6.213592       0.322090       0.202165       0.003970       0.000000       0.214447       0.000000       0.000000       0.000000       0.000000       0.000000       0.000000       0.000314       0.062457       0.198504       0.000000
        6.278317       0.318962       0.201124       0.003866       0.000000       0.216467       0.000000       0.000000       0.000000       0.000000       0.000000       0.000000       0.001002       0.064188       0.198256       0.000000
        6.343042       0.315819       0.199975       0.003769       0.000000       0.218407       0.000000       0.000000       0.000000       0.000000       0.000000       0.000000       0.001868       0.065869       0.198073       0.000000
        6.407767       0.312675       0.198751       0.003679       0.000000       0.220289       0.000000       0.000000       0.000000       0.000000       0.000000       0.000000       0.002856       0.067504       0.197925       0.000000
        6.472492       0.309547       0.197470       0.003594       0.000000       0.222149       0.000000       0.000000       0.000000       0.000000       0.000000       0.000000       0.003934       0.069105       0.197818       0.000000
        6.537217       0.306496       0.196176       0.003515       0.000000       0.223909       0.000000       0.000000       0.000000       0.000000       0.000000       0.000000       0.005055       0.070627       0.197714       0.000000
        6.601942       0.303459       0.194845       0.003439       0.000000       0.225671       0.000000       0.000000       0.000000       0.000000       0.000000       0.000000       0.006233       0.072127       0.197641       0.000000
        6.666667       0.300499       0.193521       0.003367       0.000000       0.227393       0.000000       0.000000       0.000000       0.000000       0.000000       0.000000       0.007440       0.073583       0.197587       0.000000
        6.731392       0.297607       0.192187       0.003299       0.000000       0.229041       0.000000       0.000000       0.000000       0.000000       0.000000       0.000000       0.008650       0.074971       0.197536       0.000000
        6.796117       0.294769       0.190859       0.003235       0.000000       0.230680       0.000000       0.000000       0.000000       0.000000       0.000000       0.000000       0.009879       0.076325       0.197489       0.000006
        6.860841       0.292015       0.189686       0.003163       0.000000       0.232145       0.000000       0.000000       0.000000       0.000000       0.000000       0.000000       0.011194       0.077680       0.197293       0.000432
        6.925566       0.289467       0.189206       0.003054       0.000000       0.232944       0.000000       0.000000       0.000000       0.000000       0.000000       0.000000       0.012853       0.079140       0.196368       0.002641
        6.990291       0.286995       0.188736       0.002950       0.000000       0.233720       0.000000       0.000000       0.000000       0.000000       0.000000       0.000000       0.014532       0.080563       0.195478       0.004843
        7.055017       0.284554       0.188236       0.002851       0.000000       0.234459       0.000000       0.000000       0.000000       0.000000       0.000000       0.000000       0.016211       0.081930       0.194599       0.007005
        7.119742       0.282188       0.187757       0.002756       0.000000       0.235168       0.000000       0.000000       0.000000       0.000000       0.000000       0.000000       0.017898       0.083260       0.193741       0.009161
        7.184466       0.279861       0.187279       0.002664       0.000000       0.235848       0.000000       0.000000       0.000000       0.000000       0.000000       0.000000       0.019593       0.084548       0.192871       0.011333
        7.249191       0.277626       0.186804       0.002577       0.000000       0.236479       0.000000       0.000000       0.000000       0.000000       0.000000       0.000000       0.021249       0.085774       0.192041       0.013433
        7.313916       0.275398       0.186306       0.002494       0.000000       0.237155       0.000000       0.000000       0.000000       0.000000       0.000000       0.000000       0.022918       0.086981       0.191228       0.015496
        7.378641       0.273270       0.185849       0.002414       0.000000       0.237753       0.000000       0.000000       0.000000       0.000000       0.000000       0.000000       0.024562       0.088140       0.190424       0.017566
        7.443366       0.271156       0.185363       0.002338       0.000000       0.238376       0.000000       0.000000       0.000000       0.000000       0.000000       0.000000       0.026194       0.089263       0.189638       0.019579
        7.508091       0.269112       0.184898       0.002264       0.000000       0.238951       0.000000       0.000000       0.000000       0.000000       0.000000       0.000010       0.027805       0.090349       0.188865       0.021599
        7.572816       0.266937       0.184273       0.002194       0.000000       0.239283       0.000000       0.000000       0.000000       0.000000       0.000000       0.000400       0.029440       0.091463       0.188196       0.024127
        7.637540       0.264717       0.183545       0.002128       0.000000       0.239461       0.000000       0.000000       0.000000       0.000000       0.000000       0.001037       0.031059       0.092570       0.187613       0.026933
        7.702265       0.262474       0.182761       0.002065       0.000000       0.239533       0.000000       0.000000       0.000000       0.000000       0.000000       0.001829       0.032671       0.093662       0.187063       0.029959
        7.766990       0.260262       0.181951       0.002004       0.000000       0.239504       0.000000       0.000000       0.000000       0.000000       0.000000       0.002722       0.034250       0.094723       0.186553       0.033096
