   9.9999997764825821E-003   16797534613677.498       0.24816392247746930        73.337840000000000     
   1.9999999552965164E-002   33667729744270.953       0.19382926563072689        64.503119999999996     
   2.9999999329447746E-002   50566144209164.758       0.16793507759885878        57.989600000000003     
   3.9999999105930328E-002   67510484694048.555       0.15764030447825272        54.967810000000000     
   4.9999997019767761E-002   84452605347057.641       0.15397549767726657        53.993479999999998     
   5.9999998658895493E-002   101400219898352.00       0.15250626087638738        53.724240000000002     
   7.0000000298023224E-002   118353848041012.61       0.15133724699655046        53.676859999999998     
   7.9999998211860657E-002   135316555964217.69       0.14953502910186892        53.835580000000000     
   8.9999996125698090E-002   152288722301497.62       0.14545543846613496        53.937100000000001     
   9.9999994039535522E-002   169280102434402.22       0.13543875663011221        52.607080000000003     
  0.10999999940395355        186325545496108.50       0.11683262065481000        46.771329999999999     
  0.11999999731779099        203379823340192.41       0.10062796771675381        35.416100000000000     
  0.12999999523162842        220470197580847.84       0.10159687103806511        24.945850000000000     
  0.14000000059604645        237585294363786.91       0.11652114408957409        18.922830000000001     
  0.14999999105930328        254772554243121.53       0.13984147969024480        15.792980000000000     
  0.15999999642372131        272020662758058.81       0.16907899934043161        14.108309999999999     
  0.17000000178813934        289332262919125.19       0.20299236292274325        13.157520000000000     
  0.17999999225139618        306727934572329.69       0.24089640436322218        12.602610000000000     
  0.18999999761581421        324174239180001.00       0.28202560526829468        12.277310000000000     
  0.19999998807907104        341719018202342.12       0.32607613821544879        12.089280000000000     
  0.20999999344348907        359345047525810.06       0.37241492500245121        11.987769999999999     
  0.21999999880790710        377091051709129.06       0.42078782032921663        11.941220000000000     
  0.22999998927116394        394880145873052.94       0.47048346787743633        11.930260000000001     
  0.23999999463558197        412795629394285.19       0.52139217084316924        11.942019999999999     
  0.25000000000000000        430815496982937.31       0.57306755356631134        11.968040000000000     
  0.25999999046325684        448941886804828.50       0.62516032587109471        12.002570000000000     
  0.26999998092651367        467198853225423.88       0.67743482147611300        12.041670000000000     
  0.28000000119209290        485539297203207.56       0.72948228339512156        12.082490000000000     
  0.28999999165534973        504030006723280.00       0.78117186781629921        12.123200000000001     
  0.29999998211860657        522607341655774.50       0.81890773028677533        12.151899999999999     
  0.31000000238418579        541266164463375.69       0.84127814883878504        12.167510000000000     
  0.31999999284744263        559980935943244.19       0.86155847533699859        12.179729999999999     
  0.32999998331069946        578759674217201.38       0.88110414299685669        12.189170000000001     
  0.34000000357627869        597588124846453.38       0.90038564860709813        12.195880000000001     
  0.34999999403953552        616470623556133.38       0.91961340381129575        12.199759999999999     
  0.35999998450279236        635424335066289.12       0.93892858825881309        12.200760000000001     
  0.37000000476837158        654461019288926.12       0.95838777596538027        12.198810000000000     
  0.37999999523162842        673547297079867.88       0.97796832600265116        12.193960000000001     
  0.38999998569488525        692735315927703.00       0.99772119856954378        12.186280000000000     
  0.39999997615814209        711995913626398.50        1.0176061167715733        12.175900000000000     
  0.40999999642372131        731339602824565.12        1.0375902558138599        12.163019999999999     
  0.41999998688697815        750765789587253.12        1.0576596343718965        12.147830000000001     
  0.42999997735023499        770270850911268.75        1.0776391892223482        12.130690000000000     
  0.43999999761581421        789905805808796.38        1.0953975932626294        12.113799999999999     
  0.44999998807907104        809586612484445.50        1.1120444269413217        12.096430000000000     
  0.45999997854232788        829367259625148.62        1.1280323587204064        12.078230000000000     
  0.46999999880790710        849214308693234.75        1.1434560743569295        12.059170000000000     
  0.47999998927116394        869147121968065.75        1.1583975369326103        12.039249999999999     
  0.48999997973442078        889150791682402.88        1.1729006052423598        12.018470000000001     
  0.50000000000000000        909277405931339.75        1.1869760764804833        11.996910000000000     
  0.50999999046325684        929457117964785.00        1.2006426562680499        11.974629999999999     
  0.51999998092651367        949695748345246.25        1.2139078668483447        11.951689999999999     
  0.52999997138977051        970070211648717.00        1.2268024454735114        11.928120000000000     
  0.53999996185302734        990502346035809.12        1.2393072741356961        11.904040000000000     
  0.55000001192092896        1011012226507824.5        1.2514549394214083        11.879450000000000     
  0.56000000238418579        1031612503879193.0        1.2632392131244035        11.854440000000000     
  0.56999999284744263        1052308642351452.4        1.2746759599564630        11.829040000000001     
  0.57999998331069946        1073088406864637.5        1.2857727057216255        11.803300000000000     
  0.58999997377395630        1093916874043703.1        1.2965078176306106        11.777340000000001     
  0.59999996423721313        1114889904989539.4        1.3069413241298364        11.751070000000000     
  0.61000001430511475        1135911044666306.0        1.3170362115488987        11.724650000000000     
  0.62000000476837158        1157034935089380.5        1.3268209439898970        11.698040000000001     
  0.62999999523162842        1178222614126059.2        1.3362857239835702        11.671340000000001     
  0.63999998569488525        1199498551896272.0        1.3454460061721769        11.644539999999999     
  0.64999997615814209        1220878309495702.2        1.3543172989555510        11.617660000000001     
  0.65999996662139893        1242335872573550.8        1.3628972840911739        11.590750000000000     
  0.66999995708465576        1263865895715269.5        1.3711921888369900        11.563829999999999     
  0.68000000715255737        1285526465758945.2        1.3789879101791116        11.537670000000000     
  0.68999999761581421        1307212693792450.2        1.3863400335447809        11.512160000000000     
  0.69999998807907104        1329039090474098.0        1.3933596601630895        11.486969999999999     
  0.70999997854232788        1350906587454269.2        1.4000693334632777        11.462050000000000     
  0.71999996900558472        1372828726449818.0        1.4064954463534440        11.437340000000001     
  0.72999995946884155        1394862881576891.0        1.4126671602031837        11.412770000000000     
  0.74000000953674316        1416990522065056.0        1.4185948395665007        11.388330000000000     
  0.75000000000000000        1439180288148965.5        1.4242899307725423        11.364000000000001     
  0.75999999046325684        1461466509268715.5        1.4297688503109582        11.339760000000000     
  0.76999998092651367        1483792999178059.0        1.4350317339052685        11.315619999999999     
  0.77999997138977051        1506235187615615.5        1.4400974232183048        11.291550000000001     
  0.78999996185302734        1528718832712665.0        1.4449667978929610        11.267569999999999     
  0.79999995231628418        1551324472048394.8        1.4496519409586164        11.243650000000001     
  0.81000000238418579        1573959926918602.2        1.4541577999371835        11.219820000000000     
  0.81999999284744263        1596708467003243.5        1.4584904596165325        11.196059999999999     
  0.82999998331069946        1619504878244835.5        1.4626545813542828        11.172390000000000     
  0.83999997377395630        1642431123666444.2        1.4666601604395819        11.148790000000000     
  0.84999996423721313        1665427928560084.2        1.4705097648395355        11.125270000000000     
  0.85999995470046997        1688412617180749.0        1.4741979417599527        11.101910000000000     
  0.87000000476837158        1711517518235244.8        1.4777457662759665        11.078609999999999     
  0.87999999523162842        1734799887052728.2        1.4811626008457062        11.055330000000000     
  0.88999998569488525        1758018704830587.8        1.4844279124648312        11.032260000000001     
  0.89999997615814209        1781360823504016.5        1.4875631772497904        11.009270000000001     
  0.90999996662139893        1804822560676326.8        1.4905753572853238        10.986359999999999     
  0.91999995708465576        1828357589421436.8        1.4934629096066421        10.963559999999999     
  0.93000000715255737        1851969948497005.8        1.4962304016755081        10.940870000000000     
  0.93999999761581421        1875602976508825.8        1.4988748451802187        10.918350000000000     
  0.94999998807907104        1899328777159798.0        1.5014094438125927        10.895930000000000     
  0.95999997854232788        1923108388317218.2        1.5037905005896943        10.874040000000001     
  0.96999996900558472        1947037789868967.5        1.5060225636306805        10.852710000000000     
  0.97999995946884155        1970982039794460.5        1.5081294689963860        10.831770000000001     
  0.98999994993209839        1995002550967502.5        1.5101269175161933        10.811080000000000     
   1.0000000000000000        2019201598986441.5        1.5120270192950591        10.790570000000001     
   1.0099999904632568        2043234107645469.0        1.5138192481557911        10.770379999999999     
   1.0199999809265137        2067556694133957.5        1.5155304380098895        10.750230000000000     
   1.0299999713897705        2091910877961773.0        1.5171498696921470        10.730280000000000     
   1.0399999618530273        2116205668294612.8        1.5186809948105717        10.710520000000001     
   1.0499999523162842        2140709523729767.8        1.5201383921246054        10.690790000000000     
   1.0599999427795410        2165280612601234.8        1.5215030469698261        10.671390000000001     
   1.0699999332427979        2189900879286541.8        1.5227529655417047        10.652710000000001     
   1.0799999237060547        2214593843609699.2        1.5239298379487072        10.634169999999999     
   1.0900000333786011        2239307239295128.5        1.5250362276553919        10.615780000000001     
   1.1000000238418579        2264074089126035.5        1.5260739188161643        10.597519999999999     
   1.1100000143051147        2288985859084683.5        1.5270495727174087        10.579300000000000     
   1.1200000047683716        2313742493234455.0        1.5279566180147124        10.561290000000000     
   1.1299999952316284        2338908942499559.0        1.5288122059469282        10.543160000000000     
   1.1399999856948853        2363861337608770.5        1.5295990286389960        10.525330000000000     
   1.1499999761581421        2389090743978549.0        1.5303342766986205        10.507420000000000     
   1.1599999666213989        2414313260702910.0        1.5310106960244969        10.489670000000000     
   1.1699999570846558        2439580678909473.0        1.5316094415747870        10.472659999999999     
   1.1799999475479126        2464837881434900.0        1.5321440011897904        10.456160000000001     
   1.1899999380111694        2490224561779374.0        1.5326244784551872        10.439940000000000     
   1.1999999284744263        2515535218450279.5        1.5330523933019913        10.424030000000000     
