        0.064725       1.687990       0.615796       0.452190       0.305171
        0.129450       1.687990       0.615796       0.452190       0.305171
        0.194175       1.687990       0.615796       0.452190       0.305171
        0.258900       1.687990       0.615796       0.452190       0.305171
        0.323625       1.687990       0.615796       0.452190       0.305171
        0.388350       1.687990       0.615796       0.452190       0.305171
        0.453074       1.687990       0.615796       0.452190       0.305171
        0.517799       1.687990       0.615796       0.452190       0.305171
        0.582524       1.687990       0.615796       0.452190       0.305171
        0.647249       1.687990       0.615796       0.452190       0.305171
        0.711974       1.687990       0.615796       0.452190       0.305171
        0.776699       1.687990       0.615796       0.452190       0.305171
        0.841424       1.687990       0.615796       0.452190       0.305171
        0.906149       1.687990       0.615796       0.452190       0.305171
        0.970874       1.687990       0.615796       0.452190       0.305171
        1.035599       1.687990       0.615796       0.452190       0.305171
        1.100324       1.687990       0.615796       0.452190       0.305171
        1.165049       1.687990       0.615796       0.452190       0.305171
        1.229774       1.687990       0.615796       0.452190       0.305171
        1.294498       1.687990       0.615796       0.452190       0.305171
        1.359223       1.687990       0.615796       0.452190       0.305171
        1.423948       1.687990       0.615796       0.452190       0.305171
        1.488673       1.687990       0.615796       0.452190       0.305171
        1.553398       1.687990       0.615796       0.452190       0.305171
        1.618123       1.687990       0.615796       0.452190       0.305171
        1.682848       1.687990       0.615796       0.452190       0.305171
        1.747573       1.687990       0.615796       0.452190       0.305171
        1.812298       1.687990       0.615796       0.452190       0.305171
        1.877023       1.687990       0.615796       0.452190       0.305171
        1.941748       1.687990       0.615796       0.452190       0.305171
        2.006473       1.687990       0.615796       0.452190       0.305171
        2.071197       1.687990       0.615796       0.452190       0.305171
        2.135922       1.687990       0.615796       0.452190       0.305171
        2.200647       1.687990       0.615796       0.452190       0.305171
        2.265372       1.687990       0.615796       0.452190       0.305171
        2.330097       1.687990       0.615796       0.452190       0.305171
        2.394822       1.687990       0.615796       0.452190       0.305171
        2.459547       1.687990       0.615796       0.452190       0.305171
        2.524272       1.687990       0.615796       0.452190       0.305171
        2.588997       1.687990       0.615796       0.452190       0.305171
        2.653722       1.687990       0.615796       0.452190       0.305171
        2.718447       1.687990       0.615796       0.452190       0.305171
        2.783172       1.687990       0.615796       0.452190       0.305171
        2.847897       1.687990       0.615796       0.452190       0.305171
        2.912621       1.687990       0.615796       0.452190       0.305171
        2.977346       1.687990       0.615796       0.452190       0.305171
        3.042071       1.687990       0.615796       0.452190       0.305171
        3.106796       1.687990       0.615796       0.452190       0.305171
        3.171521       1.687990       0.615796       0.452190       0.305171
        3.236246       1.687990       0.615796       0.452190       0.305171
        3.300971       1.687990       0.615796       0.452190       0.305171
        3.365696       1.687990       0.615796       0.452190       0.305171
        3.430421       1.687990       0.615796       0.452190       0.305171
        3.495146       1.687990       0.615796       0.452190       0.305171
        3.559871       1.687990       0.615796       0.452190       0.305171
        3.624596       1.687990       0.615796       0.452190       0.305171
        3.689321       1.687990       0.615796       0.452190       0.305171
        3.754045       1.687990       0.615796       0.452190       0.305171
        3.818770       1.687990       0.615796       0.452190       0.305171
        3.883495       1.687990       0.615796       0.452190       0.305171
        3.948220       1.687990       0.615796       0.452190       0.305171
        4.012945       1.687990       0.615796       0.452190       0.305171
        4.077670       1.687990       0.615796       0.452190       0.305171
        4.142395       1.687990       0.615796       0.452190       0.305171
        4.207120       1.687990       0.615796       0.452190       0.305171
        4.271845       1.687990       0.615796       0.452190       0.305171
        4.336570       1.687990       0.615796       0.452190       0.305171
        4.401295       1.687990       0.615796       0.452190       0.305171
        4.466020       1.687990       0.615796       0.452190       0.305171
        4.530744       1.687990       0.615796       0.452190       0.305171
        4.595469       1.687990       0.615796       0.452190       0.305171
        4.660194       1.687990       0.615796       0.452190       0.305171
        4.724919       1.687990       0.615796       0.452190       0.305171
        4.789644       1.687990       0.615796       0.452190       0.305171
        4.854369       1.687990       0.615796       0.452190       0.305171
        4.919094       1.687990       0.615796       0.452190       0.305171
        4.983819       1.687990       0.615796       0.452190       0.305171
        5.048544       1.687990       0.615796       0.452190       0.305171
        5.113269       1.687990       0.615796       0.452190       0.305171
        5.177993       1.687990       0.615796       0.452190       0.305171
        5.242719       1.687990       0.615796       0.452190       0.305171
        5.307444       1.687990       0.615796       0.452190       0.305171
        5.372168       1.687990       0.615796       0.452190       0.305171
        5.436893       1.687990       0.615796       0.452190       0.305171
        5.501618       1.687990       0.615796       0.452190       0.305171
        5.566343       1.687990       0.615796       0.452190       0.305171
        5.631068       1.687990       0.615796       0.452190       0.305171
        5.695793       1.687990       0.615796       0.452190       0.305171
        5.760518       1.687990       0.615796       0.452190       0.305171
        5.825243       1.687990       0.615796       0.452190       0.305171
        5.889968       1.687990       0.615796       0.452190       0.305171
        5.954693       1.687990       0.615796       0.452190       0.305171
        6.019418       1.687990       0.615796       0.452190       0.305171
        6.084143       1.687990       0.615796       0.452190       0.305171
        6.148868       1.687990       0.615796       0.452190       0.305171
        6.213592       1.687990       0.615796       0.452190       0.305171
        6.278317       1.687990       0.615796       0.452190       0.305171
        6.343042       1.687990       0.615796       0.452190       0.305171
        6.407767       1.687990       0.615796       0.452190       0.305171
        6.472492       1.687990       0.615796       0.452190       0.305171
        6.537217       1.687990       0.615796       0.452190       0.305171
        6.601942       1.687990       0.615796       0.452190       0.305171
        6.666667       1.687990       0.615796       0.452190       0.305171
        6.731392       1.687990       0.615796       0.452190       0.305171
        6.796117       1.687990       0.615796       0.452190       0.305171
        6.860841       1.687990       0.615796       0.452190       0.305171
        6.925566       1.687990       0.615796       0.452190       0.305171
        6.990291       1.687990       0.615796       0.452190       0.305171
        7.055017       1.687990       0.615796       0.452190       0.305171
        7.119742       1.687990       0.615796       0.452190       0.305171
        7.184466       1.687990       0.615796       0.452190       0.305171
        7.249191       1.687990       0.615796       0.452190       0.305171
        7.313916       1.687990       0.615796       0.452190       0.305171
        7.378641       1.687990       0.615796       0.452190       0.305171
        7.443366       1.687990       0.615796       0.452190       0.305171
        7.508091       1.687990       0.615796       0.452190       0.305171
        7.572816       1.687990       0.615796       0.452190       0.305171
        7.637540       1.687990       0.615796       0.452190       0.305171
        7.702265       1.687990       0.615796       0.452190       0.305171
        7.766990       1.687990       0.615796       0.452190       0.305171
