        0.064725       0.996094       0.003418       0.004170       0.000000       0.000000       0.000000       0.000000       0.000000       0.000000       0.000000       0.000000       0.000000       0.000000       0.000000       0.000000
        0.129450       0.988281       0.011536       0.011324       0.000000       0.000000       0.000000       0.000000       0.000000       0.000000       0.000000       0.000000       0.000000       0.000000       0.000000       0.000000
        0.194175       0.980469       0.019226       0.019103       0.000000       0.000000       0.000000       0.000000       0.000000       0.000000       0.000000       0.000000       0.000000       0.000000       0.000000       0.000000
        0.258900       0.973877       0.026072       0.026192       0.000000       0.000000       0.000000       0.000000       0.000000       0.000000       0.000000       0.000000       0.000000       0.000000       0.000000       0.000000
        0.323625       0.968018       0.031920       0.031982       0.000000       0.000000       0.000000       0.000000       0.000000       0.000000       0.000000       0.000000       0.000000       0.000000       0.000000       0.000000
        0.388350       0.963379       0.036550       0.036470       0.000000       0.000000       0.000000       0.000000       0.000000       0.000000       0.000000       0.000000       0.000000       0.000000       0.000000       0.000000
        0.453074       0.959961       0.039961       0.039880       0.000000       0.000000       0.000000       0.000000       0.000000       0.000000       0.000000       0.000000       0.000000       0.000000       0.000000       0.000000
        0.517799       0.957520       0.042397       0.042457       0.000000       0.000000       0.000000       0.000000       0.000000       0.000000       0.000000       0.000000       0.000000       0.000000       0.000000       0.000000
        0.582524       0.955566       0.044347       0.044352       0.000000       0.000000       0.000000       0.000000       0.000000       0.000000       0.000000       0.000000       0.000000       0.000000       0.000000       0.000000
        0.647249       0.954102       0.045809       0.045838       0.000000       0.000000       0.000000       0.000000       0.000000       0.000000       0.000000       0.000000       0.000000       0.000000       0.000000       0.000000
        0.711974       0.953003       0.047066       0.047051       0.000000       0.000000       0.000000       0.000000       0.000000       0.000000       0.000000       0.000000       0.000000       0.000000       0.000000       0.000000
        0.776699       0.951416       0.048655       0.047920       0.000813       0.000000       0.000000       0.000000       0.000000       0.000000       0.000000       0.000000       0.000000       0.000000       0.000000       0.000000
        0.841424       0.949463       0.050611       0.048562       0.002079       0.000000       0.000000       0.000000       0.000000       0.000000       0.000000       0.000000       0.000000       0.000000       0.000000       0.000000
        0.906149       0.947327       0.052660       0.049159       0.003490       0.000000       0.000000       0.000000       0.000000       0.000000       0.000000       0.000000       0.000000       0.000000       0.000000       0.000000
        0.970874       0.945190       0.054796       0.049783       0.004974       0.000000       0.000000       0.000000       0.000000       0.000000       0.000000       0.000000       0.000000       0.000000       0.000000       0.000000
        1.035599       0.942993       0.056993       0.050444       0.006494       0.000000       0.000000       0.000000       0.000000       0.000000       0.000000       0.000000       0.000000       0.000000       0.000000       0.000000
        1.100324       0.940918       0.059068       0.051094       0.008002       0.000000       0.000000       0.000000       0.000000       0.000000       0.000000       0.000000       0.000000       0.000000       0.000000       0.000000
        1.165049       0.939209       0.060776       0.051479       0.009339       0.000000       0.000000       0.000000       0.000000       0.000000       0.000000       0.000000       0.000000       0.000000       0.000000       0.000000
        1.229774       0.937988       0.061997       0.051566       0.010462       0.000000       0.000000       0.000000       0.000000       0.000000       0.000000       0.000000       0.000000       0.000000       0.000000       0.000000
        1.294498       0.915588       0.071552       0.048796       0.009826       0.000000       0.000000       0.000000       0.000000       0.000000       0.000000       0.000000       0.000000       0.000000       0.012907       0.000000
        1.359223       0.884277       0.084546       0.044900       0.008447       0.000000       0.000000       0.000000       0.000000       0.000000       0.000000       0.000000       0.000000       0.000000       0.031158       0.000000
        1.423948       0.854919       0.096790       0.041293       0.007177       0.000000       0.000000       0.000000       0.000000       0.000000       0.000000       0.000000       0.000000       0.000000       0.048336       0.000000
        1.488673       0.827545       0.108237       0.037987       0.006034       0.000000       0.000000       0.000000       0.000000       0.000000       0.000000       0.000000       0.000000       0.000000       0.064218       0.000000
        1.553398       0.802124       0.118950       0.034984       0.005026       0.000000       0.000000       0.000000       0.000000       0.000000       0.000000       0.000000       0.000000       0.000000       0.078914       0.000000
        1.618123       0.778503       0.128962       0.032245       0.004136       0.000000       0.000000       0.000000       0.000000       0.000000       0.000000       0.000000       0.000000       0.000000       0.092568       0.000000
        1.682848       0.756378       0.138370       0.029754       0.003359       0.000000       0.000000       0.000000       0.000000       0.000000       0.000000       0.000000       0.000000       0.000000       0.105255       0.000000
        1.747573       0.735733       0.147217       0.027485       0.002684       0.000000       0.000000       0.000000       0.000000       0.000000       0.000000       0.000000       0.000000       0.000000       0.117052       0.000000
        1.812298       0.716370       0.155550       0.025412       0.002099       0.000000       0.000000       0.000000       0.000000       0.000000       0.000000       0.000000       0.000000       0.000000       0.128051       0.000000
        1.877023       0.698242       0.163428       0.023520       0.001598       0.000000       0.000000       0.000000       0.000000       0.000000       0.000000       0.000000       0.000000       0.000000       0.138297       0.000000
        1.941748       0.681198       0.170889       0.021788       0.001172       0.000000       0.000000       0.000000       0.000000       0.000000       0.000000       0.000000       0.000000       0.000000       0.147919       0.000000
        2.006473       0.665146       0.177937       0.020205       0.000817       0.000000       0.000000       0.000000       0.000000       0.000000       0.000000       0.000000       0.000000       0.000000       0.156916       0.000000
        2.071197       0.649994       0.184624       0.018752       0.000525       0.000000       0.000000       0.000000       0.000000       0.000000       0.000000       0.000000       0.000000       0.000000       0.165369       0.000000
        2.135922       0.635712       0.191010       0.017417       0.000293       0.000000       0.000000       0.000000       0.000000       0.000000       0.000000       0.000000       0.000000       0.000000       0.173296       0.000000
        2.200647       0.622208       0.197062       0.016191       0.000122       0.000000       0.000000       0.000000       0.000000       0.000000       0.000000       0.000000       0.000000       0.000000       0.180740       0.000000
        2.265372       0.609406       0.202822       0.015065       0.000016       0.000000       0.000000       0.000000       0.000000       0.000000       0.000000       0.000000       0.000000       0.000000       0.187768       0.000000
        2.330097       0.597260       0.208376       0.014019       0.000000       0.000000       0.000000       0.000000       0.000000       0.000000       0.000000       0.000000       0.000000       0.000000       0.194365       0.000000
        2.394822       0.585754       0.213643       0.013059       0.000000       0.000000       0.000000       0.000000       0.000000       0.000000       0.000000       0.000000       0.000000       0.000000       0.200583       0.000000
        2.459547       0.574799       0.218703       0.012173       0.000000       0.000000       0.000000       0.000000       0.000000       0.000000       0.000000       0.000000       0.000000       0.000000       0.206507       0.000000
        2.524272       0.564377       0.223482       0.011361       0.000000       0.000000       0.000000       0.000000       0.000000       0.000000       0.000000       0.000000       0.000000       0.000000       0.212144       0.000000
        2.588997       0.554443       0.228090       0.010608       0.000000       0.000000       0.000000       0.000000       0.000000       0.000000       0.000000       0.000000       0.000000       0.000000       0.217479       0.000000
        2.653722       0.544968       0.232479       0.009913       0.000000       0.000000       0.000000       0.000000       0.000000       0.000000       0.000000       0.000000       0.000000       0.000000       0.222560       0.000000
        2.718447       0.535904       0.236688       0.009270       0.000000       0.000000       0.000000       0.000000       0.000000       0.000000       0.000000       0.000000       0.000000       0.000000       0.227404       0.000000
        2.783172       0.527252       0.240709       0.008676       0.000000       0.000000       0.000000       0.000000       0.000000       0.000000       0.000000       0.000000       0.000000       0.000000       0.232021       0.000000
        2.847897       0.518982       0.244573       0.008125       0.000000       0.000000       0.000000       0.000000       0.000000       0.000000       0.000000       0.000000       0.000000       0.000000       0.236450       0.000000
        2.912621       0.510666       0.247861       0.007610       0.000000       0.001191       0.000000       0.000000       0.000000       0.000000       0.000000       0.000000       0.000000       0.000000       0.240265       0.000000
        2.977346       0.502045       0.250140       0.007128       0.000000       0.004775       0.000000       0.000000       0.000000       0.000000       0.000000       0.000000       0.000000       0.000000       0.243024       0.000000
        3.042071       0.493515       0.252072       0.006676       0.000000       0.009019       0.000000       0.000000       0.000000       0.000000       0.000000       0.000000       0.000000       0.000000       0.245386       0.000000
        3.106796       0.485214       0.253728       0.006258       0.000000       0.013585       0.000000       0.000000       0.000000       0.000000       0.000000       0.000000       0.000000       0.000000       0.247472       0.000000
        3.171521       0.477150       0.255218       0.005868       0.000000       0.018282       0.000000       0.000000       0.000000       0.000000       0.000000       0.000000       0.000000       0.000000       0.249348       0.000000
        3.236246       0.469353       0.256559       0.005506       0.000000       0.023047       0.000000       0.000000       0.000000       0.000000       0.000000       0.000000       0.000000       0.000000       0.251037       0.000000
        3.300971       0.461449       0.257375       0.005175       0.000000       0.027648       0.000000       0.000000       0.000000       0.000000       0.000000       0.000000       0.000000       0.001314       0.252214       0.000000
        3.365696       0.453346       0.257561       0.004878       0.000000       0.031997       0.000000       0.000000       0.000000       0.000000       0.000000       0.000000       0.000000       0.004403       0.252683       0.000000
        3.430421       0.445312       0.257443       0.004605       0.000000       0.036176       0.000000       0.000000       0.000000       0.000000       0.000000       0.000000       0.000000       0.008222       0.252847       0.000000
        3.495146       0.437431       0.257128       0.004351       0.000000       0.040210       0.000000       0.000000       0.000000       0.000000       0.000000       0.000000       0.000000       0.012467       0.252778       0.000000
        3.559871       0.429710       0.256659       0.004116       0.000000       0.044113       0.000000       0.000000       0.000000       0.000000       0.000000       0.000000       0.000000       0.016988       0.252528       0.000000
        3.624596       0.422157       0.256077       0.003897       0.000000       0.047861       0.000000       0.000000       0.000000       0.000000       0.000000       0.000000       0.000000       0.021718       0.252176       0.000000
        3.689321       0.414833       0.255409       0.003693       0.000000       0.051522       0.000000       0.000000       0.000000       0.000000       0.000000       0.000000       0.000000       0.026541       0.251714       0.000000
        3.754045       0.407677       0.254673       0.003501       0.000000       0.055018       0.000000       0.000000       0.000000       0.000000       0.000000       0.000000       0.000000       0.031460       0.251168       0.000000
        3.818770       0.400742       0.253871       0.003322       0.000000       0.058437       0.000000       0.000000       0.000000       0.000000       0.000000       0.000000       0.000000       0.036387       0.250556       0.000000
        3.883495       0.393990       0.253041       0.003154       0.000000       0.061726       0.000000       0.000000       0.000000       0.000000       0.000000       0.000000       0.000000       0.041351       0.249884       0.000000
        3.948220       0.387428       0.252174       0.002996       0.000000       0.064899       0.000000       0.000000       0.000000       0.000000       0.000000       0.000000       0.000000       0.046305       0.249171       0.000000
        4.012945       0.381065       0.251282       0.002848       0.000000       0.067994       0.000000       0.000000       0.000000       0.000000       0.000000       0.000000       0.000000       0.051230       0.248425       0.000000
        4.077670       0.374855       0.250373       0.002708       0.000000       0.070951       0.000000       0.000000       0.000000       0.000000       0.000000       0.000000       0.000000       0.056165       0.247665       0.000000
        4.142395       0.368843       0.249435       0.002576       0.000000       0.073841       0.000000       0.000000       0.000000       0.000000       0.000000       0.000000       0.000000       0.061009       0.246866       0.000000
        4.207120       0.362984       0.248502       0.002452       0.000000       0.076618       0.000000       0.000000       0.000000       0.000000       0.000000       0.000000       0.000000       0.065842       0.246047       0.000000
        4.271845       0.357315       0.247555       0.002335       0.000000       0.079331       0.000000       0.000000       0.000000       0.000000       0.000000       0.000000       0.000000       0.070589       0.245219       0.000000
        4.336570       0.351784       0.246596       0.002224       0.000000       0.081941       0.000000       0.000000       0.000000       0.000000       0.000000       0.000000       0.000000       0.075283       0.244370       0.000000
        4.401295       0.346428       0.245649       0.002119       0.000000       0.084482       0.000000       0.000000       0.000000       0.000000       0.000000       0.000000       0.000000       0.079922       0.243531       0.000000
        4.466020       0.341179       0.244649       0.002021       0.000000       0.086901       0.000000       0.000000       0.000000       0.000000       0.000000       0.000000       0.000068       0.084481       0.242699       0.000000
        4.530744       0.335770       0.242760       0.001944       0.000000       0.089041       0.000000       0.000000       0.000000       0.000000       0.000000       0.000000       0.001586       0.088436       0.242402       0.000000
        4.595469       0.330330       0.240452       0.001878       0.000000       0.091011       0.000000       0.000000       0.000000       0.000000       0.000000       0.000000       0.003766       0.092073       0.242351       0.000000
        4.660194       0.324959       0.237969       0.001818       0.000000       0.092812       0.000000       0.000000       0.000000       0.000000       0.000000       0.000000       0.006276       0.095526       0.242428       0.000000
        4.724919       0.319740       0.235399       0.001764       0.000000       0.094615       0.000000       0.000000       0.000000       0.000000       0.000000       0.000000       0.008934       0.098767       0.242580       0.000000
        4.789644       0.314598       0.232758       0.001714       0.000000       0.096299       0.000000       0.000000       0.000000       0.000000       0.000000       0.000000       0.011721       0.101879       0.242767       0.000000
        4.854369       0.309532       0.230072       0.001668       0.000000       0.097845       0.000000       0.000000       0.000000       0.000000       0.000000       0.000000       0.014623       0.104927       0.243029       0.000000
        4.919094       0.304581       0.227367       0.001624       0.000000       0.099340       0.000000       0.000000       0.000000       0.000000       0.000000       0.000000       0.017560       0.107847       0.243307       0.000000
        4.983819       0.299767       0.224674       0.001583       0.000000       0.100809       0.000000       0.000000       0.000000       0.000000       0.000000       0.000000       0.020496       0.110637       0.243583       0.000000
        5.048544       0.295036       0.221979       0.001545       0.000000       0.102167       0.000000       0.000000       0.000000       0.000000       0.000000       0.000000       0.023493       0.113400       0.243927       0.000000
        5.113269       0.290451       0.219312       0.001509       0.000000       0.103544       0.000000       0.000000       0.000000       0.000000       0.000000       0.000000       0.026434       0.116018       0.244247       0.000000
        5.177993       0.285973       0.216668       0.001474       0.000000       0.104844       0.000000       0.000000       0.000000       0.000000       0.000000       0.000000       0.029365       0.118553       0.244564       0.000000
        5.242719       0.281593       0.214050       0.001442       0.000000       0.106103       0.000000       0.000000       0.000000       0.000000       0.000000       0.000000       0.032306       0.121050       0.244921       0.000000
        5.307444       0.277321       0.211463       0.001411       0.000000       0.107295       0.000000       0.000000       0.000000       0.000000       0.000000       0.000000       0.035209       0.123452       0.245253       0.000000
        5.372168       0.273125       0.208892       0.001381       0.000000       0.108451       0.000000       0.000000       0.000000       0.000000       0.000000       0.000000       0.038108       0.125813       0.245610       0.000000
        5.436893       0.269051       0.206364       0.001353       0.000000       0.109564       0.000000       0.000000       0.000000       0.000000       0.000000       0.000000       0.040952       0.128094       0.245970       0.000000
        5.501618       0.265068       0.203872       0.001326       0.000000       0.110648       0.000000       0.000000       0.000000       0.000000       0.000000       0.000000       0.043776       0.130323       0.246333       0.000000
        5.566343       0.261154       0.201367       0.001301       0.000000       0.111668       0.000000       0.000000       0.000000       0.000000       0.000000       0.000077       0.046522       0.132482       0.246740       0.000000
        5.631068       0.257309       0.198637       0.001282       0.000000       0.112670       0.000000       0.000000       0.000000       0.000000       0.000000       0.000666       0.048805       0.134418       0.247488       0.000000
        5.695793       0.253487       0.195817       0.001266       0.000000       0.113529       0.000000       0.000000       0.000000       0.000000       0.000000       0.001466       0.050956       0.136317       0.248420       0.000000
        5.760518       0.249794       0.193025       0.001251       0.000000       0.114386       0.000000       0.000000       0.000000       0.000000       0.000000       0.002347       0.052948       0.138115       0.249412       0.000000
        5.825243       0.246132       0.190218       0.001237       0.000000       0.115199       0.000000       0.000000       0.000000       0.000000       0.000000       0.003296       0.054862       0.139851       0.250410       0.000000
        5.889968       0.242577       0.187454       0.001225       0.000000       0.116010       0.000000       0.000000       0.000000       0.000000       0.000000       0.004277       0.056698       0.141550       0.251472       0.000000
        5.954693       0.239098       0.184749       0.001213       0.000000       0.116600       0.000000       0.000000       0.000000       0.000000       0.000168       0.005306       0.058488       0.143179       0.252459       0.000000
        6.019418       0.235741       0.182187       0.001198       0.000000       0.116617       0.000000       0.000000       0.000000       0.000000       0.000843       0.006416       0.060269       0.144710       0.253237       0.000000
        6.084143       0.232430       0.179656       0.001185       0.000000       0.116443       0.000000       0.000000       0.000000       0.000000       0.001670       0.007564       0.062019       0.146195       0.253969       0.000000
        6.148868       0.229225       0.177205       0.001171       0.000000       0.116176       0.000000       0.000000       0.000000       0.000000       0.002564       0.008746       0.063748       0.147660       0.254704       0.000000
        6.213592       0.226097       0.174804       0.001157       0.000000       0.115881       0.000000       0.000000       0.000000       0.000000       0.003538       0.009916       0.065390       0.149027       0.255355       0.000000
        6.278317       0.222954       0.172381       0.001145       0.000000       0.115429       0.000000       0.000000       0.000000       0.000000       0.004482       0.011138       0.067062       0.150433       0.256067       0.000000
        6.343042       0.219978       0.170073       0.001132       0.000000       0.115005       0.000000       0.000000       0.000000       0.000000       0.005466       0.012311       0.068626       0.151748       0.256743       0.000000
        6.407767       0.217049       0.167800       0.001120       0.000000       0.114547       0.000000       0.000000       0.000000       0.000000       0.006462       0.013506       0.070181       0.153047       0.257406       0.000000
        6.472492       0.214134       0.165523       0.001109       0.000000       0.114033       0.000000       0.000000       0.000000       0.000000       0.007459       0.014699       0.071705       0.154328       0.258085       0.000000
        6.537217       0.211342       0.163353       0.001097       0.000000       0.113577       0.000000       0.000000       0.000000       0.000000       0.008504       0.015871       0.073154       0.155503       0.258636       0.000000
        6.601942       0.208565       0.161160       0.001087       0.000000       0.112970       0.000000       0.000000       0.000000       0.000000       0.009435       0.017046       0.074621       0.156766       0.259379       0.000000
        6.666667       0.205879       0.159066       0.001076       0.000000       0.112502       0.000000       0.000000       0.000000       0.000000       0.010500       0.018214       0.076012       0.157882       0.259893       0.000000
        6.731392       0.203194       0.156934       0.001066       0.000000       0.111845       0.000000       0.000000       0.000000       0.000000       0.011398       0.019385       0.077437       0.159114       0.260642       0.000000
        6.796117       0.200645       0.154928       0.001056       0.000000       0.111372       0.000000       0.000000       0.000000       0.000000       0.012467       0.020513       0.078756       0.160192       0.261191       0.000000
        6.860841       0.198067       0.152879       0.001047       0.000000       0.110727       0.000000       0.000000       0.000000       0.000000       0.013376       0.021661       0.080107       0.161335       0.261854       0.000000
        6.925566       0.195595       0.150902       0.001038       0.000000       0.110091       0.000000       0.000000       0.000000       0.000000       0.014265       0.022771       0.081414       0.162466       0.262561       0.000000
        6.990291       0.193184       0.148995       0.001029       0.000000       0.109539       0.000000       0.000000       0.000000       0.000000       0.015238       0.023860       0.082638       0.163447       0.263041       0.000000
        7.055017       0.190804       0.147101       0.001020       0.000000       0.109002       0.000000       0.000000       0.000000       0.000000       0.016244       0.024946       0.083863       0.164456       0.263590       0.000000
        7.119742       0.188454       0.145220       0.001012       0.000000       0.108412       0.000000       0.000000       0.000000       0.000000       0.017189       0.026020       0.085075       0.165472       0.264182       0.000000
        7.184466       0.186134       0.143359       0.001004       0.000000       0.107757       0.000000       0.000000       0.000000       0.000000       0.018038       0.027105       0.086299       0.166517       0.264826       0.000000
        7.249191       0.183876       0.141550       0.000996       0.000000       0.107138       0.000000       0.000000       0.000000       0.000000       0.018915       0.028160       0.087467       0.167488       0.265384       0.000000
        7.313916       0.181709       0.139812       0.000988       0.000000       0.106585       0.000000       0.000000       0.000000       0.000000       0.019843       0.029167       0.088569       0.168393       0.265890       0.000000
        7.378641       0.179527       0.138054       0.000981       0.000000       0.105961       0.000000       0.000000       0.000000       0.000000       0.020698       0.030196       0.089701       0.169348       0.266471       0.000000
        7.443366       0.177406       0.136346       0.000973       0.000000       0.105361       0.000000       0.000000       0.000000       0.000000       0.021558       0.031219       0.090819       0.170291       0.267047       0.000000
        7.508091       0.175316       0.134656       0.000967       0.000000       0.104730       0.000000       0.000000       0.000000       0.000000       0.022366       0.032222       0.091915       0.171223       0.267635       0.000000
        7.572816       0.173279       0.133012       0.000960       0.000000       0.104154       0.000000       0.000000       0.000000       0.000000       0.023231       0.033185       0.092944       0.172070       0.268121       0.000000
        7.637540       0.171257       0.131357       0.000954       0.000000       0.103441       0.000000       0.000000       0.000000       0.000000       0.023896       0.034153       0.094016       0.173027       0.268808       0.000000
        7.702265       0.169304       0.129792       0.000947       0.000000       0.102964       0.000000       0.000000       0.000000       0.000000       0.024874       0.035097       0.094992       0.173791       0.269183       0.000000
        7.766990       0.167397       0.128245       0.000940       0.000000       0.102374       0.000000       0.000000       0.000000       0.000000       0.025653       0.036019       0.095972       0.174613       0.269688       0.000000
