  density  pressure  energy
   0.100000E-01   0.211888E-01   0.942252E+01
   0.200000E-01   0.604253E-01   0.188858E+02
   0.300000E-01   0.102730E+00   0.283649E+02
   0.400000E-01   0.136562E+00   0.378698E+02
   0.500000E-01   0.158345E+00   0.473734E+02
   0.600000E-01   0.173821E+00   0.568801E+02
   0.700000E-01   0.194442E+00   0.663902E+02
   0.800000E-01   0.233696E+00   0.759054E+02
   0.900000E-01   0.304044E+00   0.854259E+02
   0.100000E+00   0.419045E+00   0.949571E+02
   0.110000E+00   0.589413E+00   0.104519E+03
   0.120000E+00   0.820499E+00   0.114085E+03
   0.130000E+00   0.111948E+01   0.123672E+03
   0.140000E+00   0.149405E+01   0.133273E+03
   0.150000E+00   0.195303E+01   0.142914E+03
   0.160000E+00   0.252327E+01   0.152589E+03
   0.170000E+00   0.335462E+01   0.162309E+03
   0.180000E+00   0.481548E+01   0.172092E+03
   0.190000E+00   0.698011E+01   0.181977E+03
   0.200000E+00   0.910635E+01   0.191989E+03
   0.210000E+00   0.112645E+02   0.202083E+03
   0.220000E+00   0.136015E+02   0.212307E+03
   0.230000E+00   0.160735E+02   0.222629E+03
   0.240000E+00   0.186464E+02   0.233058E+03
   0.250000E+00   0.213172E+02   0.243605E+03
   0.260000E+00   0.240588E+02   0.254255E+03
   0.270000E+00   0.268726E+02   0.265013E+03
   0.280000E+00   0.297527E+02   0.275878E+03
   0.290000E+00   0.326856E+02   0.286838E+03
   0.300000E+00   0.356810E+02   0.297921E+03
   0.310000E+00   0.387260E+02   0.309094E+03
   0.320000E+00   0.418199E+02   0.320368E+03
   0.330000E+00   0.449565E+02   0.331742E+03
   0.340000E+00   0.481463E+02   0.343207E+03
   0.350000E+00   0.513710E+02   0.354763E+03
   0.360000E+00   0.546399E+02   0.366425E+03
   0.370000E+00   0.579489E+02   0.378158E+03
   0.380000E+00   0.612954E+02   0.390008E+03
   0.390000E+00   0.646788E+02   0.401933E+03
   0.400000E+00   0.680976E+02   0.413951E+03
   0.410000E+00   0.715485E+02   0.426048E+03
   0.420000E+00   0.750297E+02   0.438233E+03
   0.430000E+00   0.785414E+02   0.450492E+03
   0.440000E+00   0.820873E+02   0.462849E+03
   0.450000E+00   0.855837E+02   0.475285E+03
   0.460000E+00   0.889761E+02   0.487786E+03
   0.470000E+00   0.923288E+02   0.500373E+03
   0.480000E+00   0.956884E+02   0.513033E+03
   0.490000E+00   0.990440E+02   0.525757E+03
   0.500000E+00   0.102415E+03   0.538547E+03
   0.510000E+00   0.105743E+03   0.551419E+03
   0.520000E+00   0.109009E+03   0.564342E+03
   0.530000E+00   0.112253E+03   0.577338E+03
   0.540000E+00   0.115489E+03   0.590384E+03
   0.550000E+00   0.118729E+03   0.603491E+03
   0.560000E+00   0.121962E+03   0.616666E+03
   0.570000E+00   0.125216E+03   0.629907E+03
   0.580000E+00   0.128459E+03   0.643184E+03
   0.590000E+00   0.131729E+03   0.656522E+03
   0.600000E+00   0.135000E+03   0.669921E+03
   0.610000E+00   0.138278E+03   0.683360E+03
   0.620000E+00   0.141581E+03   0.696876E+03
   0.630000E+00   0.144880E+03   0.710454E+03
   0.640000E+00   0.148205E+03   0.724057E+03
   0.650000E+00   0.151536E+03   0.737734E+03
   0.660000E+00   0.154888E+03   0.751453E+03
   0.670000E+00   0.158251E+03   0.765212E+03
   0.680000E+00   0.161631E+03   0.779047E+03
   0.690000E+00   0.165006E+03   0.792903E+03
   0.700000E+00   0.168280E+03   0.806822E+03
   0.710000E+00   0.171517E+03   0.820806E+03
   0.720000E+00   0.174708E+03   0.834811E+03
   0.730000E+00   0.177933E+03   0.848883E+03
   0.740000E+00   0.181144E+03   0.862967E+03
   0.750000E+00   0.184328E+03   0.877127E+03
   0.760000E+00   0.187524E+03   0.891311E+03
   0.770000E+00   0.190746E+03   0.905517E+03
   0.780000E+00   0.193942E+03   0.919829E+03
   0.790000E+00   0.197182E+03   0.934142E+03
   0.800000E+00   0.200420E+03   0.948454E+03
   0.810000E+00   0.203667E+03   0.962895E+03
   0.820000E+00   0.206911E+03   0.977286E+03
   0.830000E+00   0.210180E+03   0.991803E+03
   0.840000E+00   0.213449E+03   0.100630E+04
   0.850000E+00   0.216734E+03   0.102088E+04
   0.860000E+00   0.220017E+03   0.103549E+04
   0.870000E+00   0.223306E+03   0.105010E+04
   0.880000E+00   0.226538E+03   0.106480E+04
   0.890000E+00   0.229774E+03   0.107948E+04
   0.900000E+00   0.233040E+03   0.109422E+04
   0.910000E+00   0.236322E+03   0.110907E+04
   0.920000E+00   0.239575E+03   0.112390E+04
   0.930000E+00   0.242781E+03   0.113869E+04
   0.940000E+00   0.245997E+03   0.115356E+04
   0.950000E+00   0.249189E+03   0.116851E+04
   0.960000E+00   0.252444E+03   0.118346E+04
   0.970000E+00   0.255630E+03   0.119851E+04
   0.980000E+00   0.258838E+03   0.121345E+04
   0.990000E+00   0.262101E+03   0.122856E+04
   0.100000E+01   0.265344E+03   0.124371E+04
   0.101000E+01   0.268631E+03   0.125878E+04
   0.102000E+01   0.271823E+03   0.127392E+04
   0.103000E+01   0.275168E+03   0.128916E+04
   0.104000E+01   0.278349E+03   0.130438E+04
   0.105000E+01   0.281726E+03   0.131975E+04
   0.106000E+01   0.284964E+03   0.133502E+04
   0.107000E+01   0.288224E+03   0.135032E+04
   0.108000E+01   0.291619E+03   0.136555E+04
   0.109000E+01   0.294955E+03   0.138100E+04
   0.110000E+01   0.298327E+03   0.139650E+04
   0.111000E+01   0.301611E+03   0.141196E+04
   0.112000E+01   0.305002E+03   0.142743E+04
   0.113000E+01   0.308386E+03   0.144283E+04
   0.114000E+01   0.311758E+03   0.145839E+04
   0.115000E+01   0.315129E+03   0.147405E+04
   0.116000E+01   0.318522E+03   0.148969E+04
   0.117000E+01   0.321958E+03   0.150524E+04
   0.118000E+01   0.325264E+03   0.152080E+04
   0.119000E+01   0.328862E+03   0.153667E+04
   0.120000E+01   0.332257E+03   0.155221E+04
