   9.9999997764825821E-003   16797534613677.498       0.24816392247746930        73.337840000000000     
   1.9999999552965164E-002   33667729744270.953       0.19382926563072689        64.503119999999996     
   2.9999999329447746E-002   50566144209164.758       0.16793507759885878        57.989600000000003     
   3.9999999105930328E-002   67510484694048.555       0.15764030447825272        54.967810000000000     
   4.9999997019767761E-002   84452605347057.641       0.15397549767726657        53.993479999999998     
   5.9999998658895493E-002   101400219898352.00       0.15250626087638738        53.724240000000002     
   7.0000000298023224E-002   118353848041012.61       0.15133724699655046        53.676859999999998     
   7.9999998211860657E-002   135316555964217.69       0.14953502910186892        53.835580000000000     
   8.9999996125698090E-002   152288722301497.62       0.14545543846613496        53.937100000000001     
   9.9999994039535522E-002   169280102434402.22       0.13543875663011221        52.607080000000003     
  0.10999999940395355        186325545496108.50       0.11683262065481000        46.771329999999999     
  0.11999999731779099        203379823340192.41       0.10062790229197817        35.415999999999997     
  0.12999999523162842        220470212429221.56       0.10159800733365573        24.944880000000001     
  0.14000000059604645        237585294363786.91       0.11654058038225039        18.918759999999999     
  0.14999999105930328        254772583939869.00       0.14005890560560119        15.775210000000000     
  0.15999999642372131        272020722151553.78       0.17107100532426617        14.034810000000000     
  0.17000000178813934        289347764621313.81       0.21738560068792140        12.919560000000001     
  0.17999999225139618        306788812904679.81       0.30181658206378820        12.246840000000001     
  0.18999999761581421        324409526510347.44       0.42964309904526549        12.128550000000001     
  0.19999998807907104        342259023858661.62       0.55059643845152206        12.276990000000000     
  0.20999999344348907        360253055276999.38       0.66407012828470602        12.475090000000000     
  0.21999999880790710        378479612228167.12       0.77605217071839905        12.680940000000000     
  0.22999998927116394        396881172112280.88       0.88326761143721300        12.872660000000000     
  0.23999999463558197        415472553606337.19       0.98382062580882557        13.041900000000000     
  0.25000000000000000        434275078975032.25        1.0776182085110093        13.188010000000000     
  0.25999999046325684        453260031463545.31        1.1640269667148804        13.311220000000000     
  0.26999998092651367        472438428565194.38        1.2435895563783150        13.414149999999999     
  0.28000000119209290        491807241211735.81        1.3166716512436747        13.499120000000000     
  0.28999999165534973        511345741073422.88        1.3835119706467964        13.568230000000000     
  0.29999998211860657        531104650194964.88        1.4448787919354413        13.623870000000000     
  0.31000000238418579        551021783587122.31        1.5010199548545504        13.667669999999999     
  0.31999999284744263        571120245319440.75        1.5524226885745245        13.701320000000001     
  0.32999998331069946        591396768749696.50        1.5994393777366918        13.726160000000000     
  0.34000000357627869        611835852175700.75        1.6426326692436124        13.743490000000000     
  0.34999999403953552        632436545301534.12        1.6821312832983799        13.754260000000000     
  0.35999998450279236        653225218838965.75        1.7183887666194022        13.759399999999999     
  0.37000000476837158        674142241719039.88        1.7516626555296930        13.759650000000001     
  0.37999999523162842        695267498192499.12        1.7822020073276936        13.755690000000000     
  0.38999998569488525        716525320946744.12        1.8102456159396796        13.748070000000000     
  0.39999997615814209        737950039421871.00        1.8360088064164797        13.737280000000000     
  0.40999999642372131        759515758054070.38        1.8596685362305316        13.723770000000000     
  0.41999998688697815        781237978545530.75        1.8813985667194042        13.707910000000000     
  0.42999997735023499        803091399267392.62        1.9013676410742644        13.690009999999999     
  0.43999999761581421        825121040488847.50        1.9197453243780811        13.670339999999999     
  0.44999998807907104        847290137636505.38        1.9362651563381630        13.649630000000000     
  0.45999997854232788        869576477543245.38        1.9508786453813598        13.628520000000000     
  0.46999999880790710        892014092681688.75        1.9640404926904640        13.606820000000001     
  0.47999998927116394        914583442591988.25        1.9760525245972127        13.584360000000000     
  0.48999997973442078        937267006193126.12        1.9869733792858786        13.561340000000000     
  0.50000000000000000        960068109520820.88        1.9969535535250953        13.537720000000000     
  0.50999999046325684        983014311156741.62        2.0059101141924893        13.514020000000000     
  0.51999998092651367        1006052513316379.8        2.0138913705802608        13.490470000000000     
  0.52999997138977051        1029219896327590.0        2.0210826010748710        13.466860000000000     
  0.53999996185302734        1052476963516213.6        2.0275734694259899        13.443160000000001     
  0.55000001192092896        1075843077161612.8        2.0334462134146376        13.419300000000000     
  0.56000000238418579        1099331185045692.2        2.0387281259589916        13.395429999999999     
  0.56999999284744263        1122935822966914.0        2.0435051671909261        13.371370000000001     
  0.57999998331069946        1146604249501739.8        2.0477727041133766        13.347390000000001     
  0.58999997377395630        1170381722493341.0        2.0516144233679614        13.323240000000000     
  0.59999996423721313        1194268241941717.8        2.0550319411829023        13.299130000000000     
  0.61000001430511475        1218226746306005.0        2.0580620455649701        13.275040000000001     
  0.62000000476837158        1242320786625826.8        2.0607467665434909        13.250880000000000     
  0.62999999523162842        1266525892781253.5        2.0630870783077255        13.226870000000000     
  0.63999998569488525        1290776494353831.5        2.0651280122233202        13.202800000000000     
  0.64999997615814209        1315159187059235.5        2.0668780660723969        13.178839999999999     
  0.65999996662139893        1339615171337439.8        2.0683632987614171        13.154900000000000     
  0.66999995708465576        1364143021744564.5        2.0695973693780765        13.131060000000000     
  0.68000000715255737        1388806645681203.8        2.0705986917708636        13.107300000000000     
  0.68999999761581421        1413508043880647.8        2.0713778465310098        13.083769999999999     
  0.69999998807907104        1438321220637636.2        2.0719362325256623        13.061159999999999     
  0.70999997854232788        1463251402579726.8        2.0723073741343261        13.039030000000000     
  0.71999996900558472        1488217339405792.8        2.0725067515208808        13.017450000000000     
  0.72999995946884155        1513302894730739.8        2.0725501851062078        12.995860000000000     
  0.74000000953674316        1538411375944747.2        2.0724459024802586        12.974610000000000     
  0.75000000000000000        1563654442818370.2        2.0722061977495088        12.953760000000001     
  0.75999999046325684        1588940510582355.5        2.0718375053055849        12.933059999999999     
  0.76999998092651367        1614265184118074.8        2.0713446645621856        12.912430000000001     
  0.77999997138977051        1639780035624706.5        2.0707436480103971        12.892189999999999     
  0.78999996185302734        1665294411983378.5        2.0700278031137209        12.871890000000000     
  0.79999995231628418        1690809144703020.5        2.0692127683465742        12.851839999999999     
  0.81000000238418579        1716552542378319.0        2.0683024680947022        12.831939999999999     
  0.81999999284744263        1742208156468043.5        2.0673066699239766        12.812300000000000     
  0.82999998331069946        1768087565246836.2        2.0662217024617031        12.792719999999999     
  0.83999997377395630        1793939415443960.5        2.0650606968530698        12.773360000000000     
  0.84999996423721313        1819924782217790.2        2.0638232588221097        12.754130000000000     
  0.85999995470046997        1845966691598836.8        2.0625203201474642        12.735130000000000     
  0.87000000476837158        1872021311187808.2        2.0611539067582023        12.716310000000000     
  0.87999999523162842        1898226315106058.0        2.0597555885593231        12.698040000000001     
  0.88999998569488525        1924387961772976.0        2.0583040197536646        12.679950000000000     
  0.89999997615814209        1950667445133925.5        2.0567903948052275        12.661910000000001     
  0.90999996662139893        1977140907649465.8        2.0552236372425901        12.643990000000001     
  0.91999995708465576        2003578021346081.0        2.0536288609932680        12.626440000000001     
  0.93000000715255737        2029940893173976.5        2.0520196140117428        12.609349999999999     
  0.93999999761581421        2056452486313291.5        2.0503701112812225        12.592409999999999     
  0.94999998807907104        2083111375320146.0        2.0487008215384703        12.575790000000000     
  0.95999997854232788        2109762899533623.8        2.0469683141693955        12.559049999999999     
  0.96999996900558472        2136576924349355.2        2.0452442504655184        12.542859999999999     
  0.97999995946884155        2163225360101094.0        2.0434827999489702        12.526750000000000     
  0.98999994993209839        2190156746462897.2        2.0416662187361698        12.510550000000000     
   1.0000000000000000        2217164631646229.5        2.0398387788017347        12.494650000000000     
   1.0099999904632568        2244033773625298.5        2.0379644511879063        12.478710000000000     
   1.0199999809265137        2271025503777997.0        2.0361261141505635        12.463410000000000     
   1.0299999713897705        2298183060568668.0        2.0341814158259255        12.447559999999999     
   1.0399999618530273        2325326838068505.0        2.0323171525115953        12.432660000000000     
   1.0499999523162842        2352718405229380.5        2.0303229229979909        12.417030000000000     
   1.0599999427795410        2379938206402786.0        2.0283972559931431        12.402200000000001     
   1.0699999332427979        2407224290716584.5        2.0264476261030300        12.387449999999999     
   1.0799999237060547        2434367830642441.5        2.0244051242105288        12.372260000000001     
   1.0900000333786011        2461901942191258.5        2.0223874358933367        12.357490000000000     
   1.1000000238418579        2489537972977454.5        2.0203397688861111        12.342739999999999     
   1.1100000143051147        2517096792220182.0        2.0183389403244161        12.328530000000001     
   1.1200000047683716        2544671766493542.5        2.0162662377928733        12.314010000000000     
   1.1299999952316284        2572126290759092.0        2.0141917480062994        12.299690000000000     
   1.1399999856948853        2599879445517380.0        2.0121203200604989        12.285570000000000     
   1.1499999761581421        2627780846439127.0        2.0100459992958326        12.271610000000001     
   1.1599999666213989        2655663241442482.0        2.0079553282143698        12.257720000000001     
   1.1699999570846558        2683390975784920.5        2.0058358974975952        12.243800000000000     
   1.1799999475479126        2711125124624816.0        2.0037958842012427        12.230549999999999     
   1.1899999380111694        2739415434151664.5        2.0015748778259455        12.216290000000001     
   1.1999999284744263        2767118223226213.0        1.9994779492246970        12.202980000000000     
