        0.064725       4.344033       1.687990       0.000000      21.175171     486.689037       0.989439       3.084507       0.967245
        0.129450       4.344033       1.687990       0.000000      37.215149     480.188152       0.979371       6.025039       0.936020
        0.194175       4.344033       1.687990       0.000000      50.709961     473.251357       0.969747       8.835809       0.906172
        0.258900       4.344033       1.687990       0.000000      62.004822     465.797775       0.960507      11.534448       0.877515
        0.323625       4.344033       1.687990       0.000000      71.389709     457.867461       0.951638      14.124770       0.850008
        0.388350       4.344033       1.687990       0.000000      79.257080     449.529140       0.943107      16.616421       0.823549
        0.453074       4.344033       1.687990       0.000000      85.959045     440.841524       0.934893      19.015364       0.798075
        0.517799       4.344033       1.687990       0.000000      91.767273     431.882655       0.926980      21.326542       0.773532
        0.582524       4.344033       1.687990       0.000000      96.840820     422.780202       0.919352      23.554392       0.749874
        0.647249       4.344033       1.687990       0.000000     101.410217     413.568417       0.911997      25.702311       0.727066
        0.711974       4.344033       1.687990       0.000000     105.598633     404.317738       0.904893      27.777143       0.705033
        0.776699       4.344033       1.687990       0.000000     109.371765     395.072405       0.898051      29.775574       0.683811
        0.841424       4.344033       1.687990       0.000000     112.827942     385.914105       0.891450      31.703581       0.663338
        0.906149       4.344033       1.687990       0.000000     116.122070     376.890500       0.885092      33.560356       0.643620
        0.970874       4.344033       1.687990       0.000000     119.323975     368.039947       0.878964      35.350179       0.624614
        1.035599       4.344033       1.687990       0.000000     122.456360     359.426669       0.873123      37.056235       0.606498
        1.100324       4.344033       1.687990       0.000000     125.490479     351.240868       0.867904      38.580463       0.590312
        1.165049       4.344033       1.687990       0.000000     128.224243     343.930514       0.864106      39.689622       0.578533
        1.229774       4.344033       1.687990       0.000000     130.630066     337.528315       0.861789      40.366350       0.571347
        1.294498       4.344033       1.687990       0.000000     130.459290     332.352159       0.860193      40.832395       0.566398
        1.359223       4.344033       1.687990       0.000000     128.970886     327.852168       0.859061      41.163178       0.562886
        1.423948       4.344033       1.687990       0.000000     127.380188     323.570190       0.858223      41.407838       0.560288
        1.488673       4.344033       1.687990       0.000000     125.735718     319.439312       0.857563      41.600638       0.558240
        1.553398       4.344033       1.687990       0.000000     124.078369     315.419264       0.857022      41.758716       0.556562
        1.618123       4.344033       1.687990       0.000000     122.406982     311.507609       0.856576      41.888944       0.555179
        1.682848       4.344033       1.687990       0.000000     120.737366     307.687351       0.856177      42.005375       0.553942
        1.747573       4.344033       1.687990       0.000000     119.075256     303.950826       0.855832      42.106287       0.552871
        1.812298       4.344033       1.687990       0.000000     117.418823     300.285164       0.855522      42.196863       0.551909
        1.877023       4.344033       1.687990       0.000000     115.775818     296.703297       0.855243      42.278064       0.551047
        1.941748       4.344033       1.687990       0.000000     114.144165     293.186568       0.854990      42.352241       0.550259
        2.006473       4.344033       1.687990       0.000000     112.533264     289.743301       0.854757      42.420006       0.549539
        2.071197       4.344033       1.687990       0.000000     110.936218     286.359352       0.854541      42.483316       0.548867
        2.135922       4.344033       1.687990       0.000000     109.354370     283.042804       0.854338      42.542576       0.548238
        2.200647       4.344033       1.687990       0.000000     107.793335     279.780970       0.854156      42.595601       0.547675
        2.265372       4.344033       1.687990       0.000000     106.254517     276.581209       0.853981      42.646729       0.547132
        2.330097       4.344033       1.687990       0.000000     104.714600     273.433459       0.853812      42.696213       0.546606
        2.394822       4.344033       1.687990       0.000000     103.206787     270.343915       0.853662      42.740033       0.546141
        2.459547       4.344033       1.687990       0.000000     101.718994     267.319054       0.853511      42.784145       0.545672
        2.524272       4.344033       1.687990       0.000000     100.269043     264.337759       0.853374      42.823948       0.545250
        2.588997       4.344033       1.687990       0.000000      98.831909     261.412355       0.853241      42.862796       0.544837
        2.653722       4.344033       1.687990       0.000000      97.426270     258.537141       0.853116      42.899394       0.544449
        2.718447       4.344033       1.687990       0.000000      96.040405     255.716257       0.852992      42.935659       0.544064
        2.783172       4.344033       1.687990       0.000000      94.681396     252.942578       0.852877      42.969262       0.543707
        2.847897       4.344033       1.687990       0.000000      93.346069     250.216358       0.852767      43.001478       0.543365
        2.912621       4.344033       1.687990       0.000000      92.016602     247.643179       0.852652      43.034992       0.543009
        2.977346       4.344033       1.687990       0.000000      90.692993     245.355436       0.852566      43.060027       0.542743
        3.042071       4.344033       1.687990       0.000000      89.375244     243.189190       0.852466      43.089199       0.542433
        3.106796       4.344033       1.687990       0.000000      88.084717     241.119019       0.852379      43.114540       0.542164
        3.171521       4.344033       1.687990       0.000000      86.809814     239.115516       0.852289      43.141024       0.541883
        3.236246       4.344033       1.687990       0.000000      85.558838     237.183251       0.852207      43.165042       0.541628
        3.300971       4.344033       1.687990       0.000000      84.368042     235.310933       0.852121      43.190046       0.541362
        3.365696       4.344033       1.687990       0.000000      83.258545     233.513155       0.852040      43.213760       0.541110
        3.430421       4.344033       1.687990       0.000000      82.192627     231.764321       0.851958      43.237547       0.540858
        3.495146       4.344033       1.687990       0.000000      81.161865     230.058191       0.851881      43.260104       0.540618
        3.559871       4.344033       1.687990       0.000000      80.161865     228.390715       0.851806      43.281983       0.540386
        3.624596       4.344033       1.687990       0.000000      79.185425     226.759564       0.851724      43.306079       0.540130
        3.689321       4.344033       1.687990       0.000000      78.236816     225.162154       0.851656      43.325921       0.539919
        3.754045       4.344033       1.687990       0.000000      77.306274     223.602481       0.851577      43.348814       0.539676
        3.818770       4.344033       1.687990       0.000000      76.401367     222.069721       0.851514      43.367427       0.539479
        3.883495       4.344033       1.687990       0.000000      75.511719     220.565791       0.851444      43.387813       0.539262
        3.948220       4.344033       1.687990       0.000000      74.638916     219.088346       0.851375      43.407803       0.539050
        4.012945       4.344033       1.687990       0.000000      73.785400     217.632915       0.851314      43.425588       0.538861
        4.077670       4.344033       1.687990       0.000000      72.943481     216.210586       0.851241      43.447174       0.538632
        4.142395       4.344033       1.687990       0.000000      72.122192     214.813919       0.851182      43.464371       0.538449
        4.207120       4.344033       1.687990       0.000000      71.308105     213.433260       0.851115      43.483919       0.538242
        4.271845       4.344033       1.687990       0.000000      70.512939     212.075395       0.851059      43.500264       0.538068
        4.336570       4.344033       1.687990       0.000000      69.730591     210.739849       0.850999      43.517654       0.537883
        4.401295       4.344033       1.687990       0.000000      68.958740     209.428008       0.850944      43.533901       0.537711
        4.466020       4.344033       1.687990       0.000000      68.207153     208.129262       0.850881      43.552171       0.537517
        4.530744       4.344033       1.687990       0.000000      67.648315     206.865256       0.850824      43.568737       0.537341
        4.595469       4.344033       1.687990       0.000000      67.189819     205.633528       0.850765      43.586060       0.537157
        4.660194       4.344033       1.687990       0.000000      66.782349     204.415565       0.850697      43.605987       0.536945
        4.724919       4.344033       1.687990       0.000000      66.418335     203.220615       0.850655      43.618067       0.536817
        4.789644       4.344033       1.687990       0.000000      66.085815     202.044686       0.850606      43.632415       0.536665
        4.854369       4.344033       1.687990       0.000000      65.774292     200.878791       0.850539      43.652009       0.536457
        4.919094       4.344033       1.687990       0.000000      65.485962     199.727677       0.850478      43.669889       0.536267
        4.983819       4.344033       1.687990       0.000000      65.217529     198.594044       0.850431      43.683746       0.536120
        5.048544       4.344033       1.687990       0.000000      64.963623     197.459667       0.850363      43.703349       0.535911
        5.113269       4.344033       1.687990       0.000000      64.727417     196.337996       0.850319      43.716180       0.535775
        5.177993       4.344033       1.687990       0.000000      64.501953     195.254069       0.850275      43.729286       0.535636
        5.242719       4.344033       1.687990       0.000000      64.290405     194.162779       0.850224      43.744039       0.535479
        5.307444       4.344033       1.687990       0.000000      64.087891     193.091610       0.850176      43.758127       0.535330
        5.372168       4.344033       1.687990       0.000000      63.895020     192.027788       0.850123      43.773492       0.535167
        5.436893       4.344033       1.687990       0.000000      63.712524     190.966942       0.850076      43.787186       0.535021
        5.501618       4.344033       1.687990       0.000000      63.538940     189.929988       0.850029      43.801042       0.534874
        5.566343       4.344033       1.687990       0.000000      63.383545     188.898113       0.849977      43.816229       0.534713
        5.631068       4.344033       1.687990       0.000000      63.315186     187.897184       0.849945      43.825531       0.534614
        5.695793       4.344033       1.687990       0.000000      63.284668     186.877207       0.849886      43.842927       0.534429
        5.760518       4.344033       1.687990       0.000000      63.274780     185.888031       0.849842      43.855738       0.534293
        5.825243       4.344033       1.687990       0.000000      63.281494     184.899675       0.849793      43.869947       0.534142
        5.889968       4.344033       1.687990       0.000000      63.299561     183.927816       0.849750      43.882606       0.534008
        5.954693       4.344033       1.687990       0.000000      63.314819     182.992660       0.849703      43.896299       0.533862
        6.019418       4.344033       1.687990       0.000000      63.295776     182.162594       0.849665      43.907330       0.533745
        6.084143       4.344033       1.687990       0.000000      63.276123     181.371557       0.849623      43.919666       0.533614
        6.148868       4.344033       1.687990       0.000000      63.251587     180.605334       0.849580      43.932152       0.533482
        6.213592       4.344033       1.687990       0.000000      63.229004     179.861507       0.849558      43.938608       0.533413
        6.278317       4.344033       1.687990       0.000000      63.214111     179.163647       0.849492      43.957934       0.533208
        6.343042       4.344033       1.687990       0.000000      63.203247     178.419345       0.849460      43.967180       0.533110
        6.407767       4.344033       1.687990       0.000000      63.187866     177.721839       0.849430      43.975843       0.533018
        6.472492       4.344033       1.687990       0.000000      63.185791     177.032091       0.849382      43.990021       0.532867
        6.537217       4.344033       1.687990       0.000000      63.173340     176.378631       0.849367      43.994453       0.532820
        6.601942       4.344033       1.687990       0.000000      63.182617     175.683561       0.849304      44.012676       0.532627
        6.666667       4.344033       1.687990       0.000000      63.174438     175.034367       0.849294      44.015575       0.532596
        6.731392       4.344033       1.687990       0.000000      63.188354     174.383041       0.849218      44.037843       0.532359
        6.796117       4.344033       1.687990       0.000000      63.187378     173.735958       0.849215      44.038687       0.532350
        6.860841       4.344033       1.687990       0.000000      63.200806     173.103207       0.849152      44.057218       0.532154
        6.925566       4.344033       1.687990       0.000000      63.220703     172.479680       0.849103      44.071542       0.532002
        6.990291       4.344033       1.687990       0.000000      63.227173     171.844404       0.849098      44.072821       0.531988
        7.055017       4.344033       1.687990       0.000000      63.244873     171.248618       0.849070      44.081133       0.531900
        7.119742       4.344033       1.687990       0.000000      63.264038     170.613211       0.849037      44.090841       0.531797
        7.184466       4.344033       1.687990       0.000000      63.289185     170.013994       0.848975      44.108798       0.531606
        7.249191       4.344033       1.687990       0.000000      63.309326     169.438083       0.848943      44.118223       0.531506
        7.313916       4.344033       1.687990       0.000000      63.332153     168.860425       0.848929      44.122302       0.531462
        7.378641       4.344033       1.687990       0.000000      63.359619     168.253280       0.848884      44.135371       0.531324
        7.443366       4.344033       1.687990       0.000000      63.389526     167.704955       0.848842      44.147667       0.531193
        7.508091       4.344033       1.687990       0.000000      63.424438     167.108289       0.848798      44.160590       0.531056
        7.572816       4.344033       1.687990       0.000000      63.450684     166.555792       0.848775      44.167165       0.530986
        7.637540       4.344033       1.687990       0.000000      63.496704     165.980738       0.848702      44.188512       0.530759
        7.702265       4.344033       1.687990       0.000000      63.529175     165.454761       0.848711      44.185858       0.530788
        7.766990       4.344033       1.687990       0.000000      63.561035     164.895961       0.848680      44.195031       0.530690
