        0.032895       0.998878       0.001127       0.001127       0.000000       0.000000       0.000000       0.000000       0.000000       0.000000       0.000000       0.000000       0.000000       0.000000       0.000000       0.000000
        0.065789       0.996956       0.003037       0.003037       0.000000       0.000000       0.000000       0.000000       0.000000       0.000000       0.000000       0.000000       0.000000       0.000000       0.000000       0.000000
        0.098684       0.994637       0.005370       0.005370       0.000000       0.000000       0.000000       0.000000       0.000000       0.000000       0.000000       0.000000       0.000000       0.000000       0.000000       0.000000
        0.131579       0.992058       0.007948       0.007948       0.000000       0.000000       0.000000       0.000000       0.000000       0.000000       0.000000       0.000000       0.000000       0.000000       0.000000       0.000000
        0.164474       0.989342       0.010652       0.010652       0.000000       0.000000       0.000000       0.000000       0.000000       0.000000       0.000000       0.000000       0.000000       0.000000       0.000000       0.000000
        0.197368       0.986595       0.013401       0.013401       0.000000       0.000000       0.000000       0.000000       0.000000       0.000000       0.000000       0.000000       0.000000       0.000000       0.000000       0.000000
        0.230263       0.983864       0.016137       0.016137       0.000000       0.000000       0.000000       0.000000       0.000000       0.000000       0.000000       0.000000       0.000000       0.000000       0.000000       0.000000
        0.263158       0.981178       0.018821       0.018821       0.000000       0.000000       0.000000       0.000000       0.000000       0.000000       0.000000       0.000000       0.000000       0.000000       0.000000       0.000000
        0.296053       0.978569       0.021426       0.021426       0.000000       0.000000       0.000000       0.000000       0.000000       0.000000       0.000000       0.000000       0.000000       0.000000       0.000000       0.000000
        0.328947       0.976067       0.023935       0.023935       0.000000       0.000000       0.000000       0.000000       0.000000       0.000000       0.000000       0.000000       0.000000       0.000000       0.000000       0.000000
        0.361842       0.973656       0.026337       0.026337       0.000000       0.000000       0.000000       0.000000       0.000000       0.000000       0.000000       0.000000       0.000000       0.000000       0.000000       0.000000
        0.394737       0.971367       0.028627       0.028627       0.000000       0.000000       0.000000       0.000000       0.000000       0.000000       0.000000       0.000000       0.000000       0.000000       0.000000       0.000000
        0.427632       0.969200       0.030805       0.030805       0.000000       0.000000       0.000000       0.000000       0.000000       0.000000       0.000000       0.000000       0.000000       0.000000       0.000000       0.000000
        0.460526       0.967125       0.032869       0.032869       0.000000       0.000000       0.000000       0.000000       0.000000       0.000000       0.000000       0.000000       0.000000       0.000000       0.000000       0.000000
        0.493421       0.965172       0.034825       0.034825       0.000000       0.000000       0.000000       0.000000       0.000000       0.000000       0.000000       0.000000       0.000000       0.000000       0.000000       0.000000
        0.526316       0.963326       0.036677       0.036677       0.000000       0.000000       0.000000       0.000000       0.000000       0.000000       0.000000       0.000000       0.000000       0.000000       0.000000       0.000000
        0.559211       0.961571       0.038427       0.038428       0.000000       0.000000       0.000000       0.000000       0.000000       0.000000       0.000000       0.000000       0.000000       0.000000       0.000000       0.000000
        0.592105       0.959923       0.040085       0.040085       0.000000       0.000000       0.000000       0.000000       0.000000       0.000000       0.000000       0.000000       0.000000       0.000000       0.000000       0.000000
        0.625000       0.958351       0.041654       0.041654       0.000000       0.000000       0.000000       0.000000       0.000000       0.000000       0.000000       0.000000       0.000000       0.000000       0.000000       0.000000
        0.657895       0.956856       0.043139       0.043139       0.000000       0.000000       0.000000       0.000000       0.000000       0.000000       0.000000       0.000000       0.000000       0.000000       0.000000       0.000000
        0.690789       0.955452       0.044549       0.044549       0.000000       0.000000       0.000000       0.000000       0.000000       0.000000       0.000000       0.000000       0.000000       0.000000       0.000000       0.000000
        0.723684       0.954109       0.045887       0.045887       0.000000       0.000000       0.000000       0.000000       0.000000       0.000000       0.000000       0.000000       0.000000       0.000000       0.000000       0.000000
        0.756579       0.952675       0.047321       0.047100       0.000221       0.000000       0.000000       0.000000       0.000000       0.000000       0.000000       0.000000       0.000000       0.000000       0.000000       0.000000
        0.789474       0.950996       0.049001       0.048133       0.000868       0.000000       0.000000       0.000000       0.000000       0.000000       0.000000       0.000000       0.000000       0.000000       0.000000       0.000000
        0.822368       0.949272       0.050735       0.049060       0.001675       0.000000       0.000000       0.000000       0.000000       0.000000       0.000000       0.000000       0.000000       0.000000       0.000000       0.000000
        0.855263       0.947533       0.052469       0.049905       0.002564       0.000000       0.000000       0.000000       0.000000       0.000000       0.000000       0.000000       0.000000       0.000000       0.000000       0.000000
        0.888158       0.945824       0.054184       0.050685       0.003498       0.000000       0.000000       0.000000       0.000000       0.000000       0.000000       0.000000       0.000000       0.000000       0.000000       0.000000
        0.921053       0.944130       0.055863       0.051409       0.004454       0.000000       0.000000       0.000000       0.000000       0.000000       0.000000       0.000000       0.000000       0.000000       0.000000       0.000000
        0.953947       0.942497       0.057506       0.052086       0.005420       0.000000       0.000000       0.000000       0.000000       0.000000       0.000000       0.000000       0.000000       0.000000       0.000000       0.000000
        0.986842       0.940895       0.059107       0.052722       0.006384       0.000000       0.000000       0.000000       0.000000       0.000000       0.000000       0.000000       0.000000       0.000000       0.000000       0.000000
        1.019737       0.939339       0.060666       0.053324       0.007343       0.000000       0.000000       0.000000       0.000000       0.000000       0.000000       0.000000       0.000000       0.000000       0.000000       0.000000
        1.052632       0.937813       0.062182       0.053893       0.008290       0.000000       0.000000       0.000000       0.000000       0.000000       0.000000       0.000000       0.000000       0.000000       0.000000       0.000000
        1.085526       0.936333       0.063658       0.054435       0.009224       0.000000       0.000000       0.000000       0.000000       0.000000       0.000000       0.000000       0.000000       0.000000       0.000000       0.000000
        1.118421       0.934898       0.065099       0.054955       0.010143       0.000000       0.000000       0.000000       0.000000       0.000000       0.000000       0.000000       0.000000       0.000000       0.000000       0.000000
        1.151316       0.933495       0.066500       0.055453       0.011047       0.000000       0.000000       0.000000       0.000000       0.000000       0.000000       0.000000       0.000000       0.000000       0.000000       0.000000
        1.184211       0.932137       0.067869       0.055935       0.011934       0.000000       0.000000       0.000000       0.000000       0.000000       0.000000       0.000000       0.000000       0.000000       0.000000       0.000000
        1.217105       0.930794       0.069199       0.056396       0.012803       0.000000       0.000000       0.000000       0.000000       0.000000       0.000000       0.000000       0.000000       0.000000       0.000000       0.000000
        1.250000       0.929497       0.070503       0.056845       0.013657       0.000000       0.000000       0.000000       0.000000       0.000000       0.000000       0.000000       0.000000       0.000000       0.000000       0.000000
        1.282895       0.928230       0.071777       0.057281       0.014495       0.000000       0.000000       0.000000       0.000000       0.000000       0.000000       0.000000       0.000000       0.000000       0.000000       0.000000
        1.315789       0.926979       0.073017       0.057703       0.015314       0.000000       0.000000       0.000000       0.000000       0.000000       0.000000       0.000000       0.000000       0.000000       0.000000       0.000000
        1.348684       0.925758       0.074234       0.058116       0.016119       0.000000       0.000000       0.000000       0.000000       0.000000       0.000000       0.000000       0.000000       0.000000       0.000000       0.000000
        1.381579       0.924568       0.075424       0.058517       0.016907       0.000000       0.000000       0.000000       0.000000       0.000000       0.000000       0.000000       0.000000       0.000000       0.000000       0.000000
        1.414474       0.923409       0.076592       0.058911       0.017682       0.000000       0.000000       0.000000       0.000000       0.000000       0.000000       0.000000       0.000000       0.000000       0.000000       0.000000
        1.447368       0.922264       0.077734       0.059294       0.018440       0.000000       0.000000       0.000000       0.000000       0.000000       0.000000       0.000000       0.000000       0.000000       0.000000       0.000000
        1.480263       0.921150       0.078856       0.059671       0.019185       0.000000       0.000000       0.000000       0.000000       0.000000       0.000000       0.000000       0.000000       0.000000       0.000000       0.000000
        1.513158       0.920052       0.079954       0.060039       0.019915       0.000000       0.000000       0.000000       0.000000       0.000000       0.000000       0.000000       0.000000       0.000000       0.000000       0.000000
        1.546053       0.918968       0.081029       0.060399       0.020630       0.000000       0.000000       0.000000       0.000000       0.000000       0.000000       0.000000       0.000000       0.000000       0.000000       0.000000
        1.578947       0.917915       0.082086       0.060754       0.021333       0.000000       0.000000       0.000000       0.000000       0.000000       0.000000       0.000000       0.000000       0.000000       0.000000       0.000000
        1.611842       0.916878       0.083122       0.061101       0.022022       0.000000       0.000000       0.000000       0.000000       0.000000       0.000000       0.000000       0.000000       0.000000       0.000000       0.000000
        1.644737       0.915855       0.084136       0.061440       0.022697       0.000000       0.000000       0.000000       0.000000       0.000000       0.000000       0.000000       0.000000       0.000000       0.000000       0.000000
        1.677632       0.914864       0.085135       0.061775       0.023361       0.000000       0.000000       0.000000       0.000000       0.000000       0.000000       0.000000       0.000000       0.000000       0.000000       0.000000
        1.710526       0.913887       0.086113       0.062102       0.024012       0.000000       0.000000       0.000000       0.000000       0.000000       0.000000       0.000000       0.000000       0.000000       0.000000       0.000000
        1.743421       0.912926       0.087072       0.062423       0.024649       0.000000       0.000000       0.000000       0.000000       0.000000       0.000000       0.000000       0.000000       0.000000       0.000000       0.000000
        1.776316       0.911995       0.088013       0.062737       0.025276       0.000000       0.000000       0.000000       0.000000       0.000000       0.000000       0.000000       0.000000       0.000000       0.000000       0.000000
        1.809211       0.911064       0.088936       0.063046       0.025890       0.000000       0.000000       0.000000       0.000000       0.000000       0.000000       0.000000       0.000000       0.000000       0.000000       0.000000
        1.842105       0.910164       0.089841       0.063349       0.026493       0.000000       0.000000       0.000000       0.000000       0.000000       0.000000       0.000000       0.000000       0.000000       0.000000       0.000000
        1.875000       0.909279       0.090729       0.063645       0.027084       0.000000       0.000000       0.000000       0.000000       0.000000       0.000000       0.000000       0.000000       0.000000       0.000000       0.000000
        1.907895       0.902840       0.093540       0.062978       0.026941       0.000000       0.000000       0.000000       0.000000       0.000000       0.000000       0.000000       0.000000       0.000000       0.003622       0.000000
        1.940789       0.891182       0.098149       0.061395       0.026096       0.000000       0.000000       0.000000       0.000000       0.000000       0.000000       0.000000       0.000000       0.000000       0.010658       0.000000
        1.973684       0.878792       0.102995       0.059657       0.025124       0.000000       0.000000       0.000000       0.000000       0.000000       0.000000       0.000000       0.000000       0.000000       0.018214       0.000000
        2.006579       0.866234       0.107869       0.057864       0.024103       0.000000       0.000000       0.000000       0.000000       0.000000       0.000000       0.000000       0.000000       0.000000       0.025900       0.000000
        2.039474       0.853722       0.112698       0.056061       0.023066       0.000000       0.000000       0.000000       0.000000       0.000000       0.000000       0.000000       0.000000       0.000000       0.033575       0.000000
        2.072368       0.841423       0.117433       0.054266       0.022028       0.000000       0.000000       0.000000       0.000000       0.000000       0.000000       0.000000       0.000000       0.000000       0.041141       0.000000
        2.105263       0.829369       0.122062       0.052493       0.021001       0.000000       0.000000       0.000000       0.000000       0.000000       0.000000       0.000000       0.000000       0.000000       0.048566       0.000000
        2.138158       0.817635       0.126550       0.050753       0.019992       0.000000       0.000000       0.000000       0.000000       0.000000       0.000000       0.000000       0.000000       0.000000       0.055804       0.000000
        2.171053       0.806221       0.130912       0.049048       0.019005       0.000000       0.000000       0.000000       0.000000       0.000000       0.000000       0.000000       0.000000       0.000000       0.062861       0.000000
        2.203947       0.795158       0.135131       0.047384       0.018044       0.000000       0.000000       0.000000       0.000000       0.000000       0.000000       0.000000       0.000000       0.000000       0.069698       0.000000
        2.236842       0.784462       0.139210       0.045764       0.017112       0.000000       0.000000       0.000000       0.000000       0.000000       0.000000       0.000000       0.000000       0.000000       0.076334       0.000000
        2.269737       0.773430       0.142639       0.044171       0.016196       0.001649       0.000000       0.000000       0.000000       0.000000       0.000000       0.000000       0.000000       0.000000       0.082268       0.000000
        2.302632       0.762108       0.145468       0.042610       0.015301       0.004884       0.000000       0.000000       0.000000       0.000000       0.000000       0.000000       0.000000       0.000000       0.087554       0.000000
        2.335526       0.750893       0.147968       0.041097       0.014439       0.008697       0.000000       0.000000       0.000000       0.000000       0.000000       0.000000       0.000000       0.000000       0.092428       0.000000
        2.368421       0.739861       0.150246       0.039631       0.013609       0.012897       0.000000       0.000000       0.000000       0.000000       0.000000       0.000000       0.000000       0.000000       0.097008       0.000000
        2.401316       0.729057       0.152318       0.038215       0.012814       0.017348       0.000000       0.000000       0.000000       0.000000       0.000000       0.000000       0.000000       0.000000       0.101286       0.000000
        2.434211       0.718498       0.154212       0.036850       0.012053       0.021991       0.000000       0.000000       0.000000       0.000000       0.000000       0.000000       0.000000       0.000000       0.105312       0.000000
        2.467105       0.708199       0.155949       0.035534       0.011327       0.026779       0.000000       0.000000       0.000000       0.000000       0.000000       0.000000       0.000000       0.000000       0.109088       0.000000
        2.500000       0.698143       0.157545       0.034266       0.010633       0.031681       0.000000       0.000000       0.000000       0.000000       0.000000       0.000000       0.000000       0.000000       0.112642       0.000000
        2.532895       0.688332       0.159007       0.033046       0.009973       0.036683       0.000000       0.000000       0.000000       0.000000       0.000000       0.000000       0.000000       0.000000       0.115994       0.000000
        2.565789       0.678764       0.160347       0.031873       0.009345       0.041751       0.000000       0.000000       0.000000       0.000000       0.000000       0.000000       0.000000       0.000000       0.119132       0.000000
        2.598684       0.669441       0.161583       0.030743       0.008747       0.046887       0.000000       0.000000       0.000000       0.000000       0.000000       0.000000       0.000000       0.000000       0.122087       0.000000
        2.631579       0.660347       0.162707       0.029659       0.008179       0.052075       0.000000       0.000000       0.000000       0.000000       0.000000       0.000000       0.000000       0.000000       0.124875       0.000000
        2.664474       0.651512       0.163735       0.028617       0.007641       0.057289       0.000000       0.000000       0.000000       0.000000       0.000000       0.000000       0.000000       0.000000       0.127483       0.000000
        2.697368       0.642876       0.164675       0.027615       0.007129       0.062540       0.000000       0.000000       0.000000       0.000000       0.000000       0.000000       0.000000       0.000000       0.129925       0.000000
        2.730263       0.634468       0.165518       0.026655       0.006646       0.067794       0.000000       0.000000       0.000000       0.000000       0.000000       0.000000       0.000000       0.000000       0.132215       0.000000
        2.763158       0.626274       0.166291       0.025731       0.006188       0.073083       0.000000       0.000000       0.000000       0.000000       0.000000       0.000000       0.000000       0.000000       0.134369       0.000000
        2.796053       0.618294       0.166980       0.024846       0.005755       0.078372       0.000000       0.000000       0.000000       0.000000       0.000000       0.000000       0.000000       0.000000       0.136372       0.000000
        2.828947       0.610497       0.167598       0.023996       0.005346       0.083662       0.000000       0.000000       0.000000       0.000000       0.000000       0.000000       0.000000       0.000000       0.138247       0.000000
        2.861842       0.602898       0.168148       0.023181       0.004960       0.088962       0.000000       0.000000       0.000000       0.000000       0.000000       0.000000       0.000000       0.000000       0.140015       0.000000
        2.894737       0.595467       0.168634       0.022398       0.004594       0.094267       0.000000       0.000000       0.000000       0.000000       0.000000       0.000000       0.000000       0.000000       0.141645       0.000000
        2.927632       0.588219       0.169060       0.021646       0.004250       0.099549       0.000000       0.000000       0.000000       0.000000       0.000000       0.000000       0.000000       0.000000       0.143164       0.000000
        2.960526       0.581184       0.169433       0.020927       0.003927       0.104826       0.000000       0.000000       0.000000       0.000000       0.000000       0.000000       0.000000       0.000000       0.144584       0.000000
        2.993421       0.574272       0.169750       0.020234       0.003621       0.110094       0.000000       0.000000       0.000000       0.000000       0.000000       0.000000       0.000000       0.000000       0.145887       0.000000
        3.026316       0.567543       0.170016       0.019571       0.003334       0.115348       0.000000       0.000000       0.000000       0.000000       0.000000       0.000000       0.000000       0.000000       0.147102       0.000000
        3.059211       0.560966       0.170227       0.018936       0.003064       0.120580       0.000000       0.000000       0.000000       0.000000       0.000000       0.000000       0.000000       0.000000       0.148230       0.000000
        3.092105       0.554543       0.170401       0.018325       0.002811       0.125804       0.000000       0.000000       0.000000       0.000000       0.000000       0.000000       0.000000       0.000000       0.149265       0.000000
        3.125000       0.548286       0.170527       0.017740       0.002573       0.130984       0.000000       0.000000       0.000000       0.000000       0.000000       0.000000       0.000000       0.000000       0.150216       0.000000
        3.157895       0.542152       0.170615       0.017178       0.002350       0.136157       0.000000       0.000000       0.000000       0.000000       0.000000       0.000000       0.000000       0.000000       0.151083       0.000000
        3.190789       0.536156       0.170666       0.016639       0.002141       0.141312       0.000000       0.000000       0.000000       0.000000       0.000000       0.000000       0.000000       0.000000       0.151879       0.000000
        3.223684       0.530296       0.170678       0.016121       0.001945       0.146430       0.000000       0.000000       0.000000       0.000000       0.000000       0.000000       0.000000       0.000000       0.152604       0.000000
        3.256579       0.524544       0.170647       0.015625       0.001763       0.151533       0.000000       0.000000       0.000000       0.000000       0.000000       0.000000       0.000000       0.000000       0.153261       0.000000
        3.289474       0.518913       0.170590       0.015148       0.001592       0.156619       0.000000       0.000000       0.000000       0.000000       0.000000       0.000000       0.000000       0.000000       0.153860       0.000000
        3.322368       0.513435       0.170506       0.014690       0.001433       0.161665       0.000000       0.000000       0.000000       0.000000       0.000000       0.000000       0.000000       0.000000       0.154389       0.000000
        3.355263       0.508064       0.170398       0.014250       0.001284       0.166684       0.000000       0.000000       0.000000       0.000000       0.000000       0.000000       0.000000       0.000000       0.154858       0.000000
        3.388158       0.502785       0.170247       0.013828       0.001146       0.171671       0.000000       0.000000       0.000000       0.000000       0.000000       0.000000       0.000000       0.000000       0.155279       0.000000
        3.421053       0.497658       0.170080       0.013423       0.001018       0.176611       0.000000       0.000000       0.000000       0.000000       0.000000       0.000000       0.000000       0.000000       0.155640       0.000000
        3.453947       0.492592       0.169894       0.013032       0.000899       0.181570       0.000000       0.000000       0.000000       0.000000       0.000000       0.000000       0.000000       0.000000       0.155955       0.000000
        3.486842       0.487633       0.169667       0.012658       0.000789       0.186456       0.000000       0.000000       0.000000       0.000000       0.000000       0.000000       0.000000       0.000000       0.156220       0.000000
        3.519737       0.482796       0.169430       0.012299       0.000688       0.191330       0.000000       0.000000       0.000000       0.000000       0.000000       0.000000       0.000000       0.000000       0.156449       0.000000
        3.552631       0.478035       0.169169       0.011952       0.000594       0.196156       0.000000       0.000000       0.000000       0.000000       0.000000       0.000000       0.000000       0.000000       0.156618       0.000000
        3.585527       0.473412       0.168898       0.011620       0.000509       0.200946       0.000000       0.000000       0.000000       0.000000       0.000000       0.000000       0.000000       0.000000       0.156760       0.000000
        3.618421       0.468819       0.168587       0.011301       0.000430       0.205722       0.000000       0.000000       0.000000       0.000000       0.000000       0.000000       0.000000       0.000000       0.156857       0.000000
        3.651316       0.464348       0.168276       0.010993       0.000359       0.210463       0.000000       0.000000       0.000000       0.000000       0.000000       0.000000       0.000000       0.000000       0.156917       0.000000
        3.684211       0.459953       0.167934       0.010698       0.000295       0.215142       0.000000       0.000000       0.000000       0.000000       0.000000       0.000000       0.000000       0.000000       0.156945       0.000000
        3.717105       0.456306       0.168701       0.010325       0.000212       0.218926       0.000000       0.000000       0.000000       0.000000       0.000157       0.000000       0.000000       0.000000       0.155891       0.002120
        3.750000       0.453300       0.170478       0.009889       0.000122       0.222145       0.000000       0.000000       0.000000       0.000000       0.000093       0.000000       0.000000       0.000000       0.153962       0.006411
        3.782895       0.450356       0.172216       0.009472       0.000053       0.225337       0.000000       0.000000       0.000000       0.000000       0.000048       0.000000       0.000000       0.000000       0.152050       0.010602
        3.815789       0.447441       0.173896       0.009074       0.000008       0.228516       0.000000       0.000000       0.000000       0.000000       0.000025       0.000000       0.000000       0.000000       0.150139       0.014641
        3.848684       0.444588       0.175536       0.008694       0.000000       0.231630       0.000000       0.000000       0.000000       0.000000       0.000009       0.000000       0.000000       0.000000       0.148233       0.018611
        3.881579       0.441765       0.177152       0.008328       0.000000       0.234759       0.000000       0.000000       0.000000       0.000000       0.000002       0.000000       0.000000       0.000000       0.146323       0.022487
        3.914474       0.439018       0.178707       0.007982       0.000000       0.237810       0.000000       0.000000       0.000000       0.000000       0.000000       0.000000       0.000000       0.000000       0.144459       0.026273
        3.947368       0.436302       0.180238       0.007648       0.000000       0.240863       0.000000       0.000000       0.000000       0.000000       0.000000       0.000000       0.000000       0.000000       0.142603       0.029996
        3.980263       0.433617       0.181721       0.007330       0.000000       0.243910       0.000000       0.000000       0.000000       0.000000       0.000004       0.000000       0.000000       0.000000       0.140774       0.033607
        4.013158       0.430977       0.183166       0.007026       0.000000       0.246888       0.000000       0.000000       0.000000       0.000000       0.000011       0.000000       0.000000       0.000000       0.138949       0.037184
        4.046053       0.428368       0.184599       0.006733       0.000000       0.249885       0.000000       0.000000       0.000000       0.000000       0.000024       0.000000       0.000000       0.000000       0.137137       0.040703
        4.078948       0.425804       0.185970       0.006455       0.000000       0.252815       0.000000       0.000000       0.000000       0.000000       0.000048       0.000000       0.000000       0.000000       0.135355       0.044115
        4.111842       0.423286       0.187324       0.006188       0.000000       0.255725       0.000000       0.000000       0.000000       0.000000       0.000079       0.000000       0.000000       0.000000       0.133590       0.047473
        4.144737       0.420799       0.188635       0.005933       0.000000       0.258606       0.000000       0.000000       0.000000       0.000000       0.000125       0.000000       0.000000       0.000000       0.131850       0.050729
        4.177632       0.418373       0.189916       0.005690       0.000000       0.261405       0.000000       0.000000       0.000000       0.000000       0.000177       0.000000       0.000000       0.000000       0.130123       0.053934
        4.210526       0.415947       0.191185       0.005454       0.000000       0.264228       0.000000       0.000000       0.000000       0.000000       0.000241       0.000000       0.000000       0.000000       0.128389       0.057089
        4.243421       0.413582       0.192401       0.005230       0.000000       0.266972       0.000000       0.000000       0.000000       0.000000       0.000323       0.000000       0.000000       0.000000       0.126699       0.060148
        4.276316       0.411217       0.193589       0.005015       0.000000       0.269733       0.000000       0.000000       0.000000       0.000000       0.000424       0.000000       0.000000       0.000000       0.125020       0.063136
        4.309210       0.408897       0.194743       0.004810       0.000000       0.272435       0.000000       0.000000       0.000000       0.000000       0.000540       0.000000       0.000000       0.000000       0.123373       0.066032
        4.342105       0.406639       0.195887       0.004612       0.000000       0.275088       0.000000       0.000000       0.000000       0.000000       0.000665       0.000000       0.000000       0.000000       0.121735       0.068884
        4.375000       0.404366       0.197016       0.004421       0.000000       0.277726       0.000000       0.000000       0.000000       0.000000       0.000791       0.000000       0.000000       0.000000       0.120081       0.071716
        4.407895       0.402184       0.198110       0.004240       0.000000       0.280304       0.000000       0.000000       0.000000       0.000000       0.000948       0.000000       0.000000       0.000000       0.118472       0.074438
        4.440790       0.399956       0.199144       0.004066       0.000000       0.282879       0.000000       0.000000       0.000000       0.000000       0.001131       0.000000       0.000000       0.000000       0.116883       0.077074
        4.473684       0.397789       0.200175       0.003899       0.000000       0.285413       0.000000       0.000000       0.000000       0.000000       0.001322       0.000000       0.000000       0.000000       0.115311       0.079649
        4.506579       0.395668       0.201194       0.003739       0.000000       0.287868       0.000000       0.000000       0.000000       0.000000       0.001509       0.000000       0.000000       0.000000       0.113743       0.082208
        4.539474       0.393562       0.202194       0.003585       0.000000       0.290331       0.000000       0.000000       0.000000       0.000000       0.001721       0.000000       0.000000       0.000000       0.112190       0.084686
        4.572369       0.391457       0.203149       0.003437       0.000000       0.292754       0.000000       0.000000       0.000000       0.000000       0.001951       0.000000       0.000000       0.000000       0.110660       0.087107
        4.605263       0.389412       0.204100       0.003295       0.000000       0.295154       0.000000       0.000000       0.000000       0.000000       0.002201       0.000000       0.000000       0.000000       0.109146       0.089449
        4.638158       0.387413       0.205023       0.003160       0.000000       0.297471       0.000000       0.000000       0.000000       0.000000       0.002456       0.000000       0.000000       0.000000       0.107661       0.091758
        4.671053       0.385399       0.205928       0.003029       0.000000       0.299777       0.000000       0.000000       0.000000       0.000000       0.002717       0.000000       0.000000       0.000000       0.106166       0.094013
        4.703947       0.383400       0.206822       0.002903       0.000000       0.302102       0.000000       0.000000       0.000000       0.000000       0.003005       0.000000       0.000000       0.000000       0.104688       0.096216
        4.736842       0.381432       0.207667       0.002783       0.000000       0.304343       0.000000       0.000000       0.000000       0.000000       0.003311       0.000000       0.000000       0.000000       0.103243       0.098324
        4.769737       0.379524       0.208532       0.002667       0.000000       0.306552       0.000000       0.000000       0.000000       0.000000       0.003609       0.000000       0.000000       0.000000       0.101802       0.100445
        4.802631       0.377602       0.209348       0.002557       0.000000       0.308741       0.000000       0.000000       0.000000       0.000000       0.003941       0.000000       0.000000       0.000000       0.100379       0.102474
        4.835526       0.375725       0.210149       0.002451       0.000000       0.310856       0.000000       0.000000       0.000000       0.000000       0.004267       0.000000       0.000000       0.000000       0.098980       0.104455
        4.868421       0.373848       0.210960       0.002347       0.000000       0.312994       0.000000       0.000000       0.000000       0.000000       0.004598       0.000000       0.000000       0.000000       0.097579       0.106430
        4.901316       0.372017       0.211731       0.002249       0.000000       0.315086       0.000000       0.000000       0.000000       0.000000       0.004971       0.000000       0.000000       0.000000       0.096202       0.108317
        4.934211       0.370155       0.212490       0.002154       0.000000       0.317170       0.000000       0.000000       0.000000       0.000000       0.005333       0.000000       0.000000       0.000000       0.094828       0.110179
        4.967105       0.368385       0.213251       0.002063       0.000000       0.319183       0.000000       0.000000       0.000000       0.000000       0.005700       0.000000       0.000000       0.000000       0.093490       0.111995
        5.000000       0.366600       0.213977       0.001976       0.000000       0.321181       0.000000       0.000000       0.000000       0.000000       0.006091       0.000000       0.000000       0.000000       0.092153       0.113768
        5.032895       0.364815       0.214703       0.001891       0.000000       0.323184       0.000000       0.000000       0.000000       0.000000       0.006487       0.000000       0.000000       0.000000       0.090807       0.115518
        5.065790       0.363091       0.215410       0.001811       0.000000       0.325116       0.000000       0.000000       0.000000       0.000000       0.006891       0.000000       0.000000       0.000000       0.089512       0.117186
        5.098684       0.361336       0.216095       0.001733       0.000000       0.327055       0.000000       0.000000       0.000000       0.000000       0.007309       0.000000       0.000000       0.000000       0.088209       0.118851
        5.131579       0.359657       0.216771       0.001659       0.000000       0.328908       0.000000       0.000000       0.000000       0.000000       0.007726       0.000000       0.000000       0.000000       0.086942       0.120456
        5.164474       0.357964       0.217444       0.001587       0.000000       0.330775       0.000000       0.000000       0.000000       0.000000       0.008149       0.000000       0.000000       0.000000       0.085659       0.122041
        5.197368       0.356285       0.218104       0.001518       0.000000       0.332636       0.000000       0.000000       0.000000       0.000000       0.008589       0.000000       0.000000       0.000000       0.084403       0.123587
        5.230263       0.354607       0.218740       0.001452       0.000000       0.334454       0.000000       0.000000       0.000000       0.000000       0.009032       0.000000       0.000000       0.000029       0.083152       0.125093
        5.263158       0.352928       0.219334       0.001388       0.000000       0.336197       0.000000       0.000000       0.000000       0.000000       0.009472       0.000000       0.000000       0.000147       0.081919       0.126562
        5.296053       0.351219       0.219930       0.001326       0.000000       0.337957       0.000000       0.000000       0.000000       0.000000       0.009902       0.000000       0.000000       0.000313       0.080660       0.128032
        5.328948       0.349495       0.220515       0.001265       0.000000       0.339722       0.000000       0.000000       0.000000       0.000000       0.010330       0.000000       0.000000       0.000517       0.079420       0.129502
        5.361842       0.347801       0.221072       0.001208       0.000000       0.341419       0.000000       0.000000       0.000000       0.000000       0.010772       0.000000       0.000000       0.000738       0.078188       0.130917
        5.394737       0.346138       0.221619       0.001153       0.000000       0.343071       0.000000       0.000000       0.000000       0.000000       0.011214       0.000000       0.000000       0.000974       0.076971       0.132277
        5.427632       0.344444       0.222159       0.001100       0.000000       0.344746       0.000000       0.000000       0.000000       0.000000       0.011653       0.000000       0.000000       0.001233       0.075758       0.133658
        5.460526       0.342751       0.222681       0.001048       0.000000       0.346402       0.000000       0.000000       0.000000       0.000000       0.012100       0.000000       0.000000       0.001501       0.074541       0.134985
        5.493421       0.341133       0.223212       0.000999       0.000000       0.347994       0.000000       0.000000       0.000000       0.000000       0.012541       0.000000       0.000000       0.001774       0.073362       0.136297
        5.526316       0.339439       0.223709       0.000951       0.000000       0.349630       0.000000       0.000000       0.000000       0.000000       0.013002       0.000000       0.000000       0.002064       0.072169       0.137574
        5.559211       0.337822       0.224197       0.000906       0.000000       0.351154       0.000000       0.000000       0.000000       0.000000       0.013439       0.000000       0.000000       0.002350       0.071016       0.138837
        5.592105       0.336159       0.224674       0.000862       0.000000       0.352742       0.000000       0.000000       0.000000       0.000000       0.013908       0.000000       0.000000       0.002648       0.069847       0.140067
        5.625000       0.334541       0.225143       0.000820       0.000000       0.354268       0.000000       0.000000       0.000000       0.000000       0.014377       0.000000       0.000000       0.002940       0.068692       0.141246
        5.657895       0.332985       0.225627       0.000780       0.000000       0.355768       0.000000       0.000000       0.000000       0.000000       0.014843       0.000000       0.000000       0.003235       0.067573       0.142430
        5.690790       0.331383       0.226073       0.000742       0.000000       0.357249       0.000000       0.000000       0.000000       0.000000       0.015301       0.000000       0.000000       0.003535       0.066454       0.143583
        5.723684       0.329796       0.226523       0.000704       0.000000       0.358723       0.000000       0.000000       0.000000       0.000000       0.015770       0.000000       0.000000       0.003832       0.065329       0.144722
        5.756579       0.328209       0.226955       0.000669       0.000000       0.360197       0.000000       0.000000       0.000000       0.000000       0.016251       0.000000       0.000000       0.004136       0.064233       0.145813
        5.789474       0.326683       0.227400       0.000635       0.000000       0.361614       0.000000       0.000000       0.000000       0.000000       0.016719       0.000000       0.000000       0.004430       0.063151       0.146892
        5.822369       0.325157       0.227828       0.000602       0.000000       0.363013       0.000000       0.000000       0.000000       0.000000       0.017200       0.000000       0.000000       0.004718       0.062066       0.147959
        5.855263       0.323631       0.228247       0.000571       0.000000       0.364406       0.000000       0.000000       0.000000       0.000000       0.017678       0.000000       0.000000       0.005010       0.061002       0.148996
        5.888158       0.322105       0.228656       0.000541       0.000000       0.365823       0.000000       0.000000       0.000000       0.000000       0.018192       0.000000       0.000000       0.005301       0.059943       0.149988
        5.921053       0.320610       0.229064       0.000512       0.000000       0.367155       0.000000       0.000000       0.000000       0.000000       0.018658       0.000000       0.000000       0.005583       0.058896       0.150986
        5.953947       0.319115       0.229462       0.000484       0.000000       0.368502       0.000000       0.000000       0.000000       0.000000       0.019143       0.000000       0.000000       0.005868       0.057867       0.151956
        5.986842       0.317665       0.229853       0.000459       0.000000       0.369805       0.000000       0.000000       0.000000       0.000000       0.019643       0.000000       0.000000       0.006138       0.056854       0.152898
        6.019737       0.316216       0.230244       0.000433       0.000000       0.371125       0.000000       0.000000       0.000000       0.000000       0.020157       0.000000       0.000000       0.006410       0.055849       0.153814
        6.052631       0.314781       0.230638       0.000409       0.000000       0.372417       0.000000       0.000000       0.000000       0.000000       0.020650       0.000000       0.000000       0.006678       0.054850       0.154736
        6.085526       0.313347       0.231032       0.000386       0.000000       0.373706       0.000000       0.000000       0.000000       0.000000       0.021132       0.000000       0.000000       0.006948       0.053862       0.155648
        6.118421       0.311928       0.231402       0.000364       0.000000       0.374962       0.000000       0.000000       0.000000       0.000000       0.021634       0.000000       0.000000       0.007207       0.052892       0.156501
        6.151316       0.310478       0.231764       0.000343       0.000000       0.376241       0.000000       0.000000       0.000000       0.000000       0.022136       0.000000       0.000000       0.007470       0.051917       0.157361
        6.184211       0.309090       0.232133       0.000323       0.000000       0.377458       0.000000       0.000000       0.000000       0.000000       0.022636       0.000000       0.000000       0.007714       0.050959       0.158213
        6.217105       0.307732       0.232490       0.000304       0.000000       0.378643       0.000000       0.000000       0.000000       0.000000       0.023147       0.000000       0.000000       0.007950       0.050023       0.159006
        6.250000       0.306358       0.232852       0.000286       0.000000       0.379859       0.000000       0.000000       0.000000       0.000000       0.023658       0.000000       0.000000       0.008191       0.049090       0.159824
        6.282895       0.305016       0.233213       0.000269       0.000000       0.381045       0.000000       0.000000       0.000000       0.000000       0.024173       0.000000       0.000000       0.008423       0.048172       0.160601
        6.315790       0.303642       0.233547       0.000252       0.000000       0.382213       0.000000       0.000000       0.000000       0.000000       0.024678       0.000000       0.000000       0.008650       0.047253       0.161354
        6.348684       0.302299       0.233889       0.000236       0.000000       0.383386       0.000000       0.000000       0.000000       0.000000       0.025200       0.000000       0.000000       0.008877       0.046359       0.162099
        6.381579       0.301003       0.234233       0.000221       0.000000       0.384499       0.000000       0.000000       0.000000       0.000000       0.025714       0.000000       0.000000       0.009085       0.045471       0.162836
        6.414474       0.299706       0.234586       0.000207       0.000000       0.385628       0.000000       0.000000       0.000000       0.000000       0.026205       0.000000       0.000000       0.009304       0.044607       0.163566
        6.447368       0.298393       0.234916       0.000194       0.000000       0.386733       0.000000       0.000000       0.000000       0.000000       0.026712       0.000000       0.000000       0.009506       0.043727       0.164273
        6.480263       0.297081       0.235246       0.000181       0.000000       0.387883       0.000000       0.000000       0.000000       0.000000       0.027252       0.000000       0.000000       0.009713       0.042865       0.164958
        6.513158       0.295799       0.235575       0.000168       0.000000       0.388960       0.000000       0.000000       0.000000       0.000000       0.027757       0.000000       0.000000       0.009904       0.042009       0.165635
        6.546053       0.294533       0.235898       0.000157       0.000000       0.390036       0.000000       0.000000       0.000000       0.000000       0.028273       0.000000       0.000000       0.010096       0.041178       0.166290
        6.578948       0.293312       0.236233       0.000146       0.000000       0.391065       0.000000       0.000000       0.000000       0.000000       0.028776       0.000000       0.000000       0.010273       0.040357       0.166954
        6.611842       0.292030       0.236542       0.000136       0.000000       0.392126       0.000000       0.000000       0.000000       0.000000       0.029284       0.000000       0.000000       0.010455       0.039528       0.167581
        6.644737       0.290779       0.236850       0.000126       0.000000       0.393180       0.000000       0.000000       0.000000       0.000000       0.029807       0.000000       0.000000       0.010635       0.038729       0.168202
        6.677632       0.289574       0.237188       0.000116       0.000000       0.394219       0.000000       0.000000       0.000000       0.000000       0.030338       0.000000       0.000000       0.010793       0.037915       0.168816
        6.710526       0.288383       0.237493       0.000108       0.000000       0.395174       0.000000       0.000000       0.000000       0.000000       0.030834       0.000000       0.000000       0.010948       0.037138       0.169425
        6.743421       0.287148       0.237813       0.000099       0.000000       0.396232       0.000000       0.000000       0.000000       0.000000       0.031352       0.000000       0.000000       0.011118       0.036353       0.169998
        6.776316       0.285973       0.238121       0.000092       0.000000       0.397195       0.000000       0.000000       0.000000       0.000000       0.031865       0.000000       0.000000       0.011263       0.035588       0.170565
        6.809211       0.284767       0.238430       0.000084       0.000000       0.398209       0.000000       0.000000       0.000000       0.000000       0.032388       0.000000       0.000000       0.011416       0.034823       0.171142
        6.842105       0.283562       0.238702       0.000077       0.000000       0.399137       0.000000       0.000000       0.000000       0.000000       0.032870       0.000000       0.000048       0.011559       0.034080       0.171727
        6.875000       0.282356       0.238955       0.000071       0.000000       0.400071       0.000000       0.000000       0.000000       0.000000       0.033359       0.000000       0.000202       0.011716       0.033378       0.172351
        6.907895       0.281029       0.239145       0.000065       0.000000       0.401035       0.000000       0.000000       0.000000       0.000000       0.033839       0.000000       0.000424       0.011880       0.032658       0.172998
        6.940789       0.279778       0.239337       0.000059       0.000000       0.401901       0.000000       0.000000       0.000000       0.000000       0.034281       0.000000       0.000679       0.012036       0.031981       0.173697
        6.973684       0.278450       0.239488       0.000054       0.000000       0.402836       0.000000       0.000000       0.000000       0.000012       0.034742       0.000000       0.000985       0.012210       0.031317       0.174375
        7.006579       0.277122       0.239544       0.000049       0.000000       0.403533       0.000000       0.000000       0.000000       0.000336       0.035028       0.000000       0.001312       0.012391       0.030729       0.175046
        7.039473       0.275810       0.239547       0.000045       0.000000       0.404125       0.000000       0.000000       0.000000       0.000822       0.035230       0.000000       0.001661       0.012588       0.030208       0.175740
        7.072368       0.274529       0.239529       0.000041       0.000000       0.404616       0.000000       0.000000       0.000000       0.001395       0.035384       0.000000       0.002018       0.012771       0.029707       0.176413
        7.105263       0.273201       0.239468       0.000037       0.000000       0.405117       0.000000       0.000000       0.000000       0.002047       0.035503       0.000000       0.002412       0.012979       0.029240       0.177094
        7.138158       0.271904       0.239385       0.000034       0.000000       0.405576       0.000000       0.000000       0.000000       0.002752       0.035632       0.000000       0.002809       0.013177       0.028795       0.177740
        7.171053       0.270592       0.239287       0.000031       0.000000       0.405986       0.000000       0.000000       0.000000       0.003487       0.035680       0.000000       0.003234       0.013390       0.028374       0.178423
        7.203948       0.269341       0.239185       0.000028       0.000000       0.406336       0.000000       0.000000       0.000000       0.004247       0.035747       0.000000       0.003644       0.013578       0.027960       0.179099
        7.236842       0.268013       0.239031       0.000026       0.000000       0.406710       0.000000       0.000000       0.000000       0.005061       0.035798       0.000000       0.004088       0.013784       0.027561       0.179742
        7.269737       0.266762       0.238898       0.000023       0.000000       0.407003       0.000000       0.000000       0.000000       0.005870       0.035824       0.000000       0.004519       0.013971       0.027171       0.180392
        7.302632       0.265480       0.238715       0.000021       0.000000       0.407301       0.000000       0.000000       0.000000       0.006698       0.035841       0.000044       0.004972       0.014177       0.026819       0.181105
        7.335527       0.264030       0.238347       0.000019       0.000000       0.407562       0.000000       0.000000       0.000000       0.007507       0.035807       0.000279       0.005473       0.014440       0.026551       0.182004
        7.368421       0.262581       0.237926       0.000017       0.000000       0.407791       0.000000       0.000000       0.000000       0.008301       0.035766       0.000613       0.005986       0.014722       0.026336       0.183017
        7.401316       0.260994       0.237374       0.000016       0.000000       0.408016       0.000000       0.000000       0.000000       0.009103       0.035698       0.001040       0.006540       0.015037       0.026159       0.184116
        7.434211       0.259438       0.236799       0.000014       0.000000       0.408223       0.000000       0.000000       0.000000       0.009902       0.035656       0.001517       0.007092       0.015355       0.026013       0.185246
        7.467105       0.257957       0.236223       0.000013       0.000000       0.408361       0.000000       0.000000       0.000000       0.010656       0.035613       0.002012       0.007622       0.015659       0.025892       0.186366
        7.500000       0.256371       0.235571       0.000012       0.000000       0.408515       0.000000       0.000000       0.000000       0.011419       0.035516       0.002583       0.008202       0.016000       0.025798       0.187609
