   4.9999998882412910E-003   8388410566152.3525        6.6153741155048407E-002   38.286430000000003     
   9.9999997764825821E-003   16790984624809.703        5.7880805082713600E-002   34.465330000000002     
   1.4999999664723873E-002   25202222709546.641        5.3155181252536189E-002   32.079009999999997     
   1.9999999552965164E-002   33619981086403.883        4.9257012471930733E-002   29.816220000000001     
   2.4999998509883881E-002   42043704797412.758        4.5786311486925725E-002   26.974499999999999     
   2.9999999329447746E-002   50474466637576.258        4.4046420971429495E-002   23.420290000000001     
   3.5000000149011612E-002   58912099562689.758        4.5996467386724874E-002   19.873349999999999     
   3.9999999105930328E-002   67356269484344.031        5.2275854234960610E-002   17.159340000000000     
   4.4999998062849045E-002   75807280794200.828        6.2255819559948619E-002   15.404159999999999     
   4.9999997019767761E-002   84266458709616.781        7.5071600603204044E-002   14.346010000000000     
   5.4999999701976776E-002   92731917487126.422        8.9938694916138526E-002   13.722920000000000     
   5.9999998658895493E-002   101205349841336.56       0.10618657618903879        13.359140000000000     
   6.4999997615814209E-002   109687787734222.41       0.12317739198845409        13.149340000000000     
   7.0000000298023224E-002   118175407709544.88       0.14036627215967140        13.030419999999999     
   7.4999995529651642E-002   126672411857073.48       0.15731172113303976        12.964660000000000     
   7.9999998211860657E-002   135177634579469.41       0.17366541507261135        12.929410000000001     
   8.5000000894069672E-002   143689568766797.56       0.18918207274594348        12.911040000000000     
   8.9999996125698090E-002   152211139548685.56       0.20371797840042982        12.901330000000000     
   9.4999998807907104E-002   160740075123950.53       0.21721482456266092        12.895470000000000     
   9.9999994039535522E-002   169275692467400.25       0.22966577564032439        12.890700000000001     
  0.10499999672174454        177822980632612.75       0.24113887291678179        12.885490000000001     
  0.10999999940395355        186377202988363.66       0.25171587558790853        12.879049999999999     
  0.11499999463558197        194941759812240.31       0.26141343583635407        12.871100000000000     
  0.11999999731779099        203516250198151.69       0.27026696018247037        12.861560000000001     
  0.12500000000000000        212102678676553.22       0.27852086335915710        12.850250000000001     
  0.12999999523162842        220696085890614.34       0.28633038981450970        12.837109999999999     
  0.13499999046325684        229302945731287.50       0.29384639197853091        12.822039999999999     
  0.14000000059604645        237917333697448.81       0.30118517577077819        12.805000000000000     
  0.14499999582767487        246548633961304.50       0.30848847345707614        12.785860000000000     
  0.14999999105930328        255190565660760.88       0.31585085053090256        12.764590000000000     
  0.15500000119209290        263847553611193.53       0.32338646232728430        12.741110000000001     
  0.15999999642372131        272515291784216.81       0.33119142961624720        12.715450000000001     
  0.16499999165534973        281200283767530.56       0.33937590918205690        12.687640000000000     
  0.17000000178813934        289904222275741.62       0.34804239988224167        12.657830000000001     
  0.17499999701976776        298622920067454.06       0.35728377832856939        12.626300000000001     
  0.17999999225139618        307364187387257.38       0.36721068916947597        12.593360000000001     
  0.18500000238418579        316117214619065.81       0.37790040955923149        12.559559999999999     
  0.18999999761581421        324896493775653.62       0.38947042369769097        12.525350000000000     
  0.19499999284744263        333697718828634.88       0.40200160783558264        12.491370000000000     
  0.19999998807907104        342515128608997.06       0.41556301204338525        12.458320000000001     
  0.20499999821186066        351359324855593.31       0.43024416642957797        12.426790000000000     
  0.20999999344348907        360227219106684.88       0.44610287737937904        12.397420000000000     
  0.21499998867511749        369125255556476.69       0.46319766951662483        12.370760000000001     
  0.21999999880790710        378046306985571.50       0.48154665360686311        12.347340000000001     
  0.22499999403953552        386999638779185.69       0.50119172561596537        12.327489999999999     
  0.22999998927116394        395978539472386.94       0.52212040243561997        12.311520000000000     
  0.23499999940395355        404984731476529.56       0.54432583122309952        12.299560000000000     
  0.23999999463558197        414027747447557.12       0.56781293405448297        12.291660000000000     
  0.24499998986721039        423100786830294.88       0.59252452265712252        12.287770000000000     
  0.25000000000000000        432205067191389.94       0.61841593566819963        12.287750000000001     
  0.25499999523162842        441351101179453.00       0.64546264574832013        12.291380000000000     
  0.25999999046325684        450531227033632.06       0.67357317669254646        12.298410000000001     
  0.26499998569488525        459746573230331.75       0.70267554566450463        12.308520000000000     
  0.26999998092651367        469002811848322.19       0.73270026158671986        12.321370000000000     
  0.27500000596046448        478297418664067.12       0.76357632155639521        12.336639999999999     
  0.28000000119209290        487635204550659.25       0.79520902512778247        12.353970000000000     
  0.28499999642372131        497013615587814.88       0.82750447005767314        12.372999999999999     
  0.28999999165534973        506427722115451.00       0.85362953624298787        12.389049999999999     
  0.29499998688697815        515874257491343.75       0.87377797384954914        12.401460000000000     
  0.29999998211860657        525349420531814.88       0.89301105666377623        12.413010000000000     
  0.30500000715255737        534847153100376.75       0.91201336352023865        12.423959999999999     
  0.31000000238418579        544378442993600.00       0.93106098791989467        12.434340000000001     
  0.31499999761581421        553933906039278.25       0.95027942362177087        12.444160000000000     
  0.31999999284744263        563523520344567.62       0.96973975999025519        12.453379999999999     
  0.32499998807907104        573134635095038.25       0.98950928987121545        12.461990000000000     
  0.32999998331069946        582787325291991.88        1.0096148116939205        12.469970000000000     
  0.33499997854232788        592465614085280.00        1.0300787708422148        12.477309999999999     
  0.34000000357627869        602183755913696.88        1.0508844269966648        12.484000000000000     
  0.34499999880790710        611925417566124.25        1.0705155981344043        12.489599999999999     
  0.34999999403953552        621719701855100.00        1.0888890516453469        12.494190000000000     
  0.35499998927116394        631510957075832.12        1.1068058811258319        12.497990000000000     
  0.35999998450279236        641370455422291.25        1.1245387188761435        12.501080000000000     
  0.36499997973442078        651243436092110.00        1.1420796459125087        12.503439999999999     
  0.37000000476837158        661149320758145.25        1.1594809002529267        12.505080000000000     
  0.37500000000000000        671083654908273.88        1.1767681027696291        12.506030000000001     
  0.37999999523162842        681045785214051.12        1.1939271281808232        12.506290000000000     
  0.38499999046325684        691054480019889.38        1.2110008621619759        12.505860000000000     
  0.38999998569488525        701081111661210.25        1.2279506318095521        12.504770000000001     
  0.39499998092651367        711155079918026.88        1.2447831147876640        12.503040000000000     
  0.39999997615814209        721273058754620.50        1.2615193255936825        12.500670000000000     
  0.40500000119209290        731410162296596.38        1.2781076677090051        12.497690000000000     
  0.40999999642372131        741590444909419.50        1.2945666305681653        12.494109999999999     
  0.41499999165534973        751785991650451.50        1.3108534525321203        12.489970000000000     
  0.41999998688697815        762043070052278.38        1.3270145445650310        12.485260000000000     
  0.42499998211860657        772325153115490.00        1.3430297014161865        12.480020000000000     
  0.42999997735023499        782637823828614.12        1.3588535943645355        12.474270000000001     
  0.43500000238418579        793004008080711.38        1.3745047385958196        12.468030000000001     
  0.43999999761581421        803414084125595.75        1.3900151500477500        12.461290000000000     
  0.44499999284744263        813839543085678.88        1.4052851515361144        12.454120000000000     
  0.44999998807907104        824316555599400.88        1.4203752582745994        12.446510000000000     
  0.45499998331069946        834825699993904.88        1.4352649701509888        12.438480000000000     
  0.45999997854232788        845380874347014.88        1.4499516896135733        12.430040000000000     
  0.46500000357627869        855968536941876.75        1.4644263635503945        12.421230000000000     
  0.46999999880790710        866610010043186.75        1.4786916714665117        12.412039999999999     
  0.47499999403953552        877262055186602.25        1.4927121910624355        12.402530000000000     
  0.47999998927116394        887968564164910.62        1.5065233026359000        12.392670000000001     
  0.48499998450279236        898725498220453.38        1.5201204248128306        12.382479999999999     
  0.48999997973442078        909505833313016.50        1.5334644470131256        12.372019999999999     
  0.49499997496604919        920342176471341.75        1.5466100354583723        12.361240000000000     
  0.50000000000000000        931230073183306.12        1.5595140028868970        12.350190000000000     
  0.50499999523162842        942149270267122.62        1.5721871885039471        12.338880000000000     
  0.50999999046325684        953105588285299.00        1.5846064785147005        12.327340000000000     
  0.51499998569488525        964101165403654.12        1.5967972766971950        12.315560000000000     
  0.51999998092651367        975120084165534.88        1.6087392430510605        12.303570000000001     
  0.52499997615814209        986243951233037.75        1.6204965304855776        12.291309999999999     
  0.52999997138977051        997353979616211.38        1.6319832319705685        12.278900000000000     
  0.53499996662139893        1008534805045396.1        1.6432434389647532        12.266290000000000     
  0.53999996185302734        1019734755179963.0        1.6542674626388327        12.253500000000001     
  0.54500001668930054        1030975330465093.2        1.6650457099443390        12.240570000000000     
  0.55000001192092896        1042283733121485.6        1.6756376203975971        12.227420000000000     
  0.55500000715255737        1053635017881250.8        1.6859929455365554        12.214130000000001     
  0.56000000238418579        1064987609297905.4        1.6960937722411960        12.200749999999999     
  0.56499999761581421        1076416224388128.8        1.7052105990092519        12.188280000000001     
  0.56999999284744263        1087872041699051.1        1.7134482214928617        12.176650000000000     
  0.57499998807907104        1099383807682240.8        1.7215128881236734        12.164910000000001     
  0.57999998331069946        1110940118786662.0        1.7294415052042960        12.152979999999999     
  0.58499997854232788        1122495242021183.9        1.7371706489027723        12.140950000000000     
  0.58999997377395630        1134141356090008.5        1.7447646526256051        12.128740000000001     
  0.59499996900558472        1145758367346295.0        1.7521484585611260        12.116460000000000     
  0.59999996423721313        1157452352572070.2        1.7593804534436293        12.104030000000000     
  0.60499995946884155        1169192902297906.5        1.7664569068574414        12.091450000000000     
  0.61000001430511475        1180934045958692.2        1.7733539109936862        12.078790000000000     
  0.61500000953674316        1192789700277791.2        1.7801191545499440        12.065950000000001     
  0.62000000476837158        1204616608145322.0        1.7867018288657719        12.053050000000001     
  0.62500000000000000        1216508967644316.5        1.7931291809999481        12.040030000000000     
  0.62999999523162842        1228433162056617.5        1.7994080996466888        12.026910000000001     
  0.63499999046325684        1240333242709958.2        1.8055084886177253        12.013750000000000     
  0.63999998569488525        1252351516418301.2        1.8114889150131279        12.000430000000000     
  0.64499998092651367        1264356842344739.0        1.8173136940415027        11.987060000000000     
  0.64999997615814209        1276476441355510.2        1.8230232291288770        11.973530000000000     
  0.65499997138977051        1288583805306316.8        1.8285658225809200        11.959989999999999     
  0.65999996662139893        1300723954466349.8        1.8339686858285857        11.946380000000000     
  0.66499996185302734        1312924684991258.0        1.8392413643653767        11.932689999999999     
  0.66999995708465576        1325142520842719.2        1.8443807460742760        11.918939999999999     
  0.67500001192092896        1337440894273367.5        1.8494054049184678        11.905090000000000     
  0.68000000715255737        1349769914747423.2        1.8542965242820419        11.891200000000000     
  0.68500000238418579        1362056884627036.5        1.8590307558025256        11.877359999999999     
  0.68999999761581421        1374463116644560.5        1.8636723238090187        11.863379999999999     
  0.69499999284744263        1386902490232281.2        1.8681930658025312        11.849349999999999     
  0.69999998807907104        1399403157906817.0        1.8726004649185464        11.835279999999999     
  0.70499998331069946        1411865932531558.2        1.8768678613099237        11.821249999999999     
  0.70999997854232788        1424382042514787.8        1.8810313087704875        11.807160000000000     
  0.71499997377395630        1437047942892346.0        1.8851074147312663        11.792960000000001     
  0.71999996900558472        1449655162496868.2        1.8890566135511446        11.778810000000000     
  0.72499996423721313        1462318568347637.8        1.8928954251669616        11.764640000000000     
  0.72999995946884155        1475040773758432.8        1.8966395828108777        11.750430000000000     
  0.73499995470046997        1487704060822212.2        1.9002591869282981        11.736280000000001     
  0.74000000953674316        1500490292420591.2        1.9037848529781483        11.722110000000001     
  0.74500000476837158        1513349459230800.8        1.9072342549706438        11.707839999999999     
  0.75000000000000000        1526241530037226.5        1.9105815566437252        11.693580000000001     
  0.75499999523162842        1539108774362752.5        1.9138166166725319        11.679410000000001     
  0.75999999046325684        1552060238664154.2        1.9169761351601273        11.665160000000000     
  0.76499998569488525        1565115760368753.5        1.9200581726738621        11.650850000000000     
  0.76999998092651367        1578107731033728.8        1.9230273726511380        11.636659999999999     
  0.77499997615814209        1591212905700127.5        1.9259205292474462        11.622430000000000     
  0.77999997138977051        1604257974149611.0        1.9287172956371990        11.608269999999999     
  0.78499996662139893        1617415890239548.2        1.9314470559856878        11.594040000000000     
  0.78999996185302734        1630656006926532.2        1.9340945113596151        11.579820000000000     
  0.79499995708465576        1643885195210440.5        1.9366525111195345        11.565680000000000     
  0.79999995231628418        1657082786155021.5        1.9391212949801822        11.551620000000000     
  0.80500000715255737        1670414487611258.0        1.9415314974069566        11.537480000000000     
  0.81000000238418579        1683825538776782.0        1.9438582954977790        11.523410000000000     
  0.81499999761581421        1697196915087662.2        1.9461061663211410        11.509399999999999     
  0.81999999284744263        1710563896279914.2        1.9482798439659690        11.495440000000000     
  0.82499998807907104        1724057860764424.5        1.9503881502216396        11.481470000000000     
  0.82999998331069946        1737631768893172.0        1.9524432436390875        11.467430000000000     
  0.83499997854232788        1751136424206777.8        1.9544085746875368        11.453569999999999     
  0.83999997377395630        1764810350981064.5        1.9563245061079553        11.439620000000000     
  0.84499996900558472        1778333418278112.8        1.9581576310579223        11.425850000000001     
  0.84999996423721313        1792091327454295.0        1.9599465920059163        11.411960000000001     
  0.85499995946884155        1805781409259215.0        1.9616651589268674        11.398180000000000     
  0.85999995470046997        1819541812962186.5        1.9633232341578526        11.384430000000000     
  0.86500000953674316        1833321341370540.2        1.9649268942880682        11.370680000000000     
  0.87000000476837158        1847169647446075.8        1.9664740350286054        11.356949999999999     
  0.87500000000000000        1861084236662004.0        1.9679629253001598        11.343280000000000     
  0.87999999523162842        1874930048210750.5        1.9693863660823470        11.329739999999999     
  0.88499999046325684        1888883955920352.8        1.9707683249250716        11.316110000000000     
  0.88999998569488525        1902872311857041.2        1.9720938513781845        11.302560000000000     
  0.89499998092651367        1917043005823304.8        1.9733781368431562        11.288930000000001     
  0.89999997615814209        1931036113239591.5        1.9745990304276917        11.275480000000000     
  0.90499997138977051        1945133040485095.0        1.9757699921443759        11.262070000000000     
  0.90999996662139893        1959270355307182.8        1.9768956322584754        11.248659999999999     
  0.91499996185302734        1973513509337317.0        1.9779750508338494        11.235279999999999     
  0.91999995708465576        1987772105676144.8        1.9790086937255469        11.221920000000001     
  0.92499995231628418        2002065150242058.8        1.9799947646694600        11.208640000000001     
  0.93000000715255737        2016374468625596.0        1.9809365387479423        11.195390000000000     
  0.93500000238418579        2030831082876673.0        1.9818408321804586        11.182090000000001     
  0.93999999761581421        2045209535288362.2        1.9826949491980124        11.168939999999999     
  0.94499999284744263        2059603430008745.0        1.9835079802922797        11.155820000000000     
  0.94999998807907104        2074152460538004.0        1.9842825725186748        11.142700000000000     
  0.95499998331069946        2088686286332549.8        1.9850143354661127        11.129670000000001     
  0.95999997854232788        2103265251183276.8        1.9857113458308080        11.116590000000000     
  0.96499997377395630        2117891493256004.5        1.9863642275004973        11.103669999999999     
  0.96999996900558472        2132493977930742.2        1.9869801243976395        11.090780000000001     
  0.97499996423721313        2147167497225470.8        1.9875594606328399        11.077930000000000     
  0.97999995946884155        2161875939895245.0        1.9881045699482025        11.065090000000000     
  0.98499995470046997        2176810552993887.0        1.9886167765777556        11.052220000000000     
  0.98999994993209839        2191611174367863.5        1.9890922031904510        11.039440000000001     
  0.99500000476837158        2206470001366916.2        1.9895319990199178        11.026750000000000     
   1.0000000000000000        2221266583983234.8        1.9899363189125041        11.014189999999999     
   1.0049999952316284        2236225904775786.5        1.9903126386389469        11.001530000000001     
   1.0099999904632568        2251245094211274.0        1.9906553072983779        10.988970000000000     
   1.0149999856948853        2266353373889225.0        1.9909683203040083        10.976390000000000     
   1.0199999809265137        2281241660061785.5        1.9912469252629437        10.964020000000000     
   1.0249999761581421        2296474666079185.5        1.9914994057292814        10.951530000000000     
   1.0299999713897705        2311534480665236.5        1.9917201222077094        10.939209999999999     
   1.0349999666213989        2326849687279683.0        1.9919143280556659        10.926800000000000     
   1.0399999618530273        2341971271100509.0        1.9920786557806820        10.914560000000000     
   1.0449999570846558        2357225183628140.5        1.9922147315242291        10.902460000000000     
   1.0499999523162842        2372663928712136.0        1.9923254214643471        10.890260000000000     
   1.0549999475479126        2387866525260108.5        1.9924080698081328        10.878360000000001     
   1.0599999427795410        2403450903193785.5        1.9924664177995244        10.866289999999999     
   1.0649999380111694        2418819563953710.0        1.9924986571962899        10.854620000000001     
   1.0699999332427979        2434294182708671.5        1.9925070825442928        10.843050000000000     
   1.0749999284744263        2449638135774686.0        1.9924925687878317        10.831670000000001     
   1.0799999237060547        2465274542409961.5        1.9924552699985509        10.820250000000000     
   1.0849999189376831        2481044228047962.5        1.9923952457233922        10.808830000000000     
   1.0900000333786011        2496598196512211.5        1.9923147950636773        10.797680000000000     
   1.0950000286102295        2512200867642341.0        1.9922130862599294        10.786569999999999     
   1.1000000238418579        2528031372219197.0        1.9920895140345405        10.775410000000001     
   1.1050000190734863        2543617888318692.5        1.9919474844630574        10.764469999999999     
   1.1100000143051147        2559466923665981.0        1.9917841470533943        10.753480000000000     
   1.1150000095367432        2575292676763239.0        1.9916041848646089        10.742720000000000     
   1.1200000047683716        2591106076013542.5        1.9914089631792702        10.732189999999999     
   1.1250000000000000        2607058456042088.5        1.9911951425539425        10.721690000000001     
   1.1299999952316284        2623076168915108.5        1.9909653668146843        10.711330000000000     
   1.1349999904632568        2638915701303200.5        1.9907193377398549        10.701060000000000     
   1.1399999856948853        2654835533696500.0        1.9904584629848292        10.690920000000000     
