        0.065789       0.996956       0.003037       0.003037       0.000000       0.000000       0.000000       0.000000       0.000000       0.000000       0.000000       0.000000       0.000000       0.000000       0.000000       0.000000
        0.131579       0.992058       0.007948       0.007948       0.000000       0.000000       0.000000       0.000000       0.000000       0.000000       0.000000       0.000000       0.000000       0.000000       0.000000       0.000000
        0.197368       0.986595       0.013401       0.013401       0.000000       0.000000       0.000000       0.000000       0.000000       0.000000       0.000000       0.000000       0.000000       0.000000       0.000000       0.000000
        0.263158       0.981178       0.018821       0.018821       0.000000       0.000000       0.000000       0.000000       0.000000       0.000000       0.000000       0.000000       0.000000       0.000000       0.000000       0.000000
        0.328947       0.976067       0.023935       0.023935       0.000000       0.000000       0.000000       0.000000       0.000000       0.000000       0.000000       0.000000       0.000000       0.000000       0.000000       0.000000
        0.394737       0.971367       0.028627       0.028627       0.000000       0.000000       0.000000       0.000000       0.000000       0.000000       0.000000       0.000000       0.000000       0.000000       0.000000       0.000000
        0.460526       0.967125       0.032869       0.032869       0.000000       0.000000       0.000000       0.000000       0.000000       0.000000       0.000000       0.000000       0.000000       0.000000       0.000000       0.000000
        0.526316       0.963326       0.036677       0.036677       0.000000       0.000000       0.000000       0.000000       0.000000       0.000000       0.000000       0.000000       0.000000       0.000000       0.000000       0.000000
        0.592105       0.959923       0.040085       0.040085       0.000000       0.000000       0.000000       0.000000       0.000000       0.000000       0.000000       0.000000       0.000000       0.000000       0.000000       0.000000
        0.657895       0.956856       0.043139       0.043139       0.000000       0.000000       0.000000       0.000000       0.000000       0.000000       0.000000       0.000000       0.000000       0.000000       0.000000       0.000000
        0.723684       0.954109       0.045887       0.045887       0.000000       0.000000       0.000000       0.000000       0.000000       0.000000       0.000000       0.000000       0.000000       0.000000       0.000000       0.000000
        0.789474       0.950996       0.049001       0.048133       0.000868       0.000000       0.000000       0.000000       0.000000       0.000000       0.000000       0.000000       0.000000       0.000000       0.000000       0.000000
        0.855263       0.947533       0.052469       0.049905       0.002564       0.000000       0.000000       0.000000       0.000000       0.000000       0.000000       0.000000       0.000000       0.000000       0.000000       0.000000
        0.921053       0.944130       0.055862       0.051409       0.004454       0.000000       0.000000       0.000000       0.000000       0.000000       0.000000       0.000000       0.000000       0.000000       0.000000       0.000000
        0.986842       0.940895       0.059107       0.052722       0.006384       0.000000       0.000000       0.000000       0.000000       0.000000       0.000000       0.000000       0.000000       0.000000       0.000000       0.000000
        1.052632       0.937813       0.062182       0.053893       0.008290       0.000000       0.000000       0.000000       0.000000       0.000000       0.000000       0.000000       0.000000       0.000000       0.000000       0.000000
        1.118421       0.934898       0.065099       0.054955       0.010143       0.000000       0.000000       0.000000       0.000000       0.000000       0.000000       0.000000       0.000000       0.000000       0.000000       0.000000
        1.184211       0.932137       0.067869       0.055935       0.011934       0.000000       0.000000       0.000000       0.000000       0.000000       0.000000       0.000000       0.000000       0.000000       0.000000       0.000000
        1.250000       0.929497       0.070503       0.056845       0.013657       0.000000       0.000000       0.000000       0.000000       0.000000       0.000000       0.000000       0.000000       0.000000       0.000000       0.000000
        1.315789       0.926979       0.073017       0.057703       0.015314       0.000000       0.000000       0.000000       0.000000       0.000000       0.000000       0.000000       0.000000       0.000000       0.000000       0.000000
        1.381579       0.924568       0.075424       0.058517       0.016907       0.000000       0.000000       0.000000       0.000000       0.000000       0.000000       0.000000       0.000000       0.000000       0.000000       0.000000
        1.447368       0.922264       0.077734       0.059294       0.018440       0.000000       0.000000       0.000000       0.000000       0.000000       0.000000       0.000000       0.000000       0.000000       0.000000       0.000000
        1.513158       0.920052       0.079954       0.060039       0.019915       0.000000       0.000000       0.000000       0.000000       0.000000       0.000000       0.000000       0.000000       0.000000       0.000000       0.000000
        1.578947       0.917915       0.082086       0.060754       0.021333       0.000000       0.000000       0.000000       0.000000       0.000000       0.000000       0.000000       0.000000       0.000000       0.000000       0.000000
        1.644737       0.915855       0.084136       0.061440       0.022697       0.000000       0.000000       0.000000       0.000000       0.000000       0.000000       0.000000       0.000000       0.000000       0.000000       0.000000
        1.710526       0.913887       0.086113       0.062102       0.024012       0.000000       0.000000       0.000000       0.000000       0.000000       0.000000       0.000000       0.000000       0.000000       0.000000       0.000000
        1.776316       0.911980       0.088013       0.062737       0.025276       0.000000       0.000000       0.000000       0.000000       0.000000       0.000000       0.000000       0.000000       0.000000       0.000000       0.000000
        1.842105       0.910164       0.089841       0.063349       0.026493       0.000000       0.000000       0.000000       0.000000       0.000000       0.000000       0.000000       0.000000       0.000000       0.000000       0.000000
        1.907895       0.908409       0.091597       0.063934       0.027662       0.000000       0.000000       0.000000       0.000000       0.000000       0.000000       0.000000       0.000000       0.000000       0.000000       0.000000
        1.973684       0.906715       0.093279       0.064493       0.028786       0.000000       0.000000       0.000000       0.000000       0.000000       0.000000       0.000000       0.000000       0.000000       0.000000       0.000000
        2.039474       0.905098       0.094895       0.065029       0.029866       0.000000       0.000000       0.000000       0.000000       0.000000       0.000000       0.000000       0.000000       0.000000       0.000000       0.000000
        2.105263       0.903557       0.096446       0.065541       0.030905       0.000000       0.000000       0.000000       0.000000       0.000000       0.000000       0.000000       0.000000       0.000000       0.000000       0.000000
        2.171053       0.899208       0.097387       0.065724       0.031663       0.003413       0.000000       0.000000       0.000000       0.000000       0.000000       0.000000       0.000000       0.000000       0.000000       0.000000
        2.236842       0.888649       0.097106       0.065237       0.031868       0.014253       0.000000       0.000000       0.000000       0.000000       0.000000       0.000000       0.000000       0.000000       0.000000       0.000000
        2.302632       0.876717       0.096535       0.064606       0.031930       0.026755       0.000000       0.000000       0.000000       0.000000       0.000000       0.000000       0.000000       0.000000       0.000000       0.000000
        2.368421       0.864235       0.095838       0.063919       0.031920       0.039934       0.000000       0.000000       0.000000       0.000000       0.000000       0.000000       0.000000       0.000000       0.000000       0.000000
        2.434211       0.851524       0.095080       0.063211       0.031868       0.053402       0.000000       0.000000       0.000000       0.000000       0.000000       0.000000       0.000000       0.000000       0.000000       0.000000
        2.500000       0.838737       0.094289       0.062500       0.031788       0.066963       0.000000       0.000000       0.000000       0.000000       0.000000       0.000000       0.000000       0.000000       0.000000       0.000000
        2.565789       0.825035       0.094565       0.061158       0.031181       0.078191       0.000000       0.000000       0.000000       0.000000       0.002225       0.000000       0.000000       0.000000       0.000000       0.000000
        2.631579       0.810204       0.096341       0.058958       0.029866       0.085941       0.000000       0.000000       0.000000       0.000000       0.007515       0.000000       0.000000       0.000000       0.000000       0.000000
        2.697368       0.795586       0.098265       0.056728       0.028507       0.093125       0.000000       0.000000       0.000000       0.000000       0.013033       0.000000       0.000000       0.000000       0.000000       0.000000
        2.763158       0.781273       0.100217       0.054537       0.027161       0.099995       0.000000       0.000000       0.000000       0.000000       0.018524       0.000000       0.000000       0.000000       0.000000       0.000000
        2.828947       0.767326       0.102147       0.052408       0.025849       0.106617       0.000000       0.000000       0.000000       0.000000       0.023888       0.000000       0.000000       0.000000       0.000000       0.000000
        2.894737       0.753746       0.104053       0.050350       0.024578       0.113078       0.000000       0.000000       0.000000       0.000000       0.029126       0.000000       0.000000       0.000000       0.000000       0.000000
        2.960526       0.740501       0.105917       0.048365       0.023351       0.119389       0.000000       0.000000       0.000000       0.000000       0.034205       0.000000       0.000000       0.000000       0.000000       0.000000
        3.026316       0.727623       0.107729       0.046453       0.022169       0.125543       0.000000       0.000000       0.000000       0.000000       0.039101       0.000000       0.000000       0.000000       0.000000       0.000000
        3.092105       0.714989       0.109528       0.044598       0.021021       0.131585       0.000000       0.000000       0.000160       0.000000       0.043750       0.000000       0.000000       0.000000       0.000000       0.000000
        3.157895       0.701988       0.111532       0.042694       0.019827       0.137450       0.000000       0.000000       0.001602       0.000000       0.047417       0.000000       0.000000       0.000000       0.000000       0.000000
        3.223684       0.689110       0.113566       0.040822       0.018649       0.143220       0.000000       0.000000       0.003426       0.000000       0.050673       0.000000       0.000000       0.000000       0.000000       0.000000
        3.289474       0.676521       0.115563       0.039007       0.017510       0.148883       0.000000       0.000000       0.005371       0.000000       0.053680       0.000000       0.000000       0.000000       0.000000       0.000000
        3.355263       0.664207       0.117502       0.037256       0.016413       0.154452       0.000000       0.000000       0.007330       0.000000       0.056510       0.000000       0.000000       0.000000       0.000000       0.000000
        3.421053       0.652245       0.119383       0.035570       0.015362       0.159926       0.000000       0.000000       0.009259       0.000000       0.059189       0.000000       0.000000       0.000000       0.000000       0.000000
        3.486842       0.640587       0.121203       0.033948       0.014357       0.165330       0.000000       0.000000       0.011127       0.000000       0.061766       0.000000       0.000000       0.000000       0.000000       0.000000
        3.552631       0.629265       0.122954       0.032393       0.013398       0.170636       0.000000       0.000000       0.012918       0.000000       0.064240       0.000000       0.000000       0.000000       0.000000       0.000000
        3.618421       0.618279       0.124637       0.030903       0.012486       0.175846       0.000000       0.000000       0.014623       0.000000       0.066629       0.000000       0.000000       0.000000       0.000000       0.000000
        3.684211       0.607582       0.126256       0.029475       0.011617       0.180981       0.000000       0.000000       0.016228       0.000000       0.068946       0.000000       0.000000       0.000000       0.000000       0.000000
        3.750000       0.597176       0.127823       0.028105       0.010791       0.186055       0.000000       0.000000       0.017731       0.000000       0.071207       0.000000       0.000000       0.000000       0.000000       0.000000
        3.815789       0.587090       0.129336       0.026793       0.010006       0.191046       0.000000       0.000000       0.019135       0.000000       0.073398       0.000000       0.000000       0.000000       0.000000       0.000000
        3.881579       0.577293       0.130793       0.025537       0.009262       0.195956       0.000000       0.000000       0.020440       0.000000       0.075548       0.000000       0.000000       0.000000       0.000000       0.000000
        3.947368       0.567741       0.132184       0.024337       0.008558       0.200778       0.000000       0.000000       0.021640       0.000000       0.077641       0.000000       0.000000       0.000000       0.000000       0.000000
        4.013158       0.558479       0.133534       0.023189       0.007892       0.205536       0.000000       0.000000       0.022749       0.000000       0.079699       0.000000       0.000000       0.000000       0.000000       0.000000
        4.078948       0.549477       0.134825       0.022092       0.007263       0.210192       0.000000       0.000000       0.023759       0.000000       0.081714       0.000000       0.000000       0.000000       0.000000       0.000000
        4.144737       0.540718       0.136088       0.021040       0.006666       0.214813       0.000000       0.000000       0.024678       0.000000       0.083699       0.000000       0.000000       0.000000       0.000000       0.000000
        4.210526       0.532188       0.137299       0.020036       0.006105       0.219359       0.000000       0.000000       0.025512       0.000000       0.085657       0.000000       0.000000       0.000000       0.000000       0.000000
        4.276316       0.523888       0.138469       0.019076       0.005575       0.223820       0.000000       0.000000       0.026252       0.000000       0.087562       0.000000       0.000000       0.000000       0.000000       0.000000
        4.342105       0.515816       0.139598       0.018158       0.005077       0.228209       0.000000       0.000000       0.026916       0.000000       0.089454       0.000000       0.000000       0.000000       0.000000       0.000000
        4.407895       0.507942       0.140700       0.017279       0.004606       0.232549       0.000000       0.000000       0.027492       0.000000       0.091306       0.000000       0.000000       0.000000       0.000000       0.000000
        4.473684       0.500298       0.141758       0.016441       0.004166       0.236801       0.000000       0.000000       0.028009       0.000000       0.093150       0.000000       0.000000       0.000000       0.000000       0.000000
        4.539474       0.492851       0.142792       0.015639       0.003752       0.240988       0.000000       0.000000       0.028445       0.000000       0.094953       0.000000       0.000000       0.000000       0.000000       0.000000
        4.605263       0.485558       0.143778       0.014874       0.003365       0.245112       0.000000       0.000000       0.028819       0.000000       0.096737       0.000000       0.000000       0.000000       0.000000       0.000000
        4.671053       0.478493       0.144745       0.014143       0.003003       0.249143       0.000000       0.000000       0.029125       0.000000       0.098481       0.000000       0.000000       0.000000       0.000000       0.000000
        4.736842       0.471581       0.145697       0.013442       0.002664       0.253155       0.000000       0.000000       0.029366       0.000000       0.100208       0.000000       0.000000       0.000000       0.000000       0.000000
        4.802631       0.464851       0.146601       0.012775       0.002349       0.257056       0.000000       0.000000       0.029563       0.000000       0.101912       0.000000       0.000000       0.000000       0.000000       0.000000
        4.868421       0.458260       0.147494       0.012136       0.002056       0.260950       0.000000       0.000000       0.029704       0.000000       0.103614       0.000000       0.000000       0.000000       0.000000       0.000000
        4.934211       0.451851       0.148364       0.011525       0.001784       0.264746       0.000000       0.000000       0.029788       0.000000       0.105276       0.000000       0.000000       0.000000       0.000000       0.000000
        5.000000       0.445580       0.149206       0.010942       0.001532       0.268475       0.000000       0.000000       0.029822       0.000000       0.106903       0.000000       0.000000       0.000000       0.000000       0.000000
        5.065790       0.439476       0.150027       0.010387       0.001302       0.272145       0.000000       0.000000       0.029827       0.000000       0.108529       0.000000       0.000000       0.000000       0.000000       0.000000
        5.131579       0.433495       0.150842       0.009853       0.001089       0.275785       0.000000       0.000000       0.029777       0.000000       0.110134       0.000000       0.000000       0.000000       0.000000       0.000000
        5.197368       0.427666       0.151622       0.009346       0.000896       0.279311       0.000000       0.000000       0.029690       0.000000       0.111687       0.000000       0.000000       0.000000       0.000000       0.000000
        5.263158       0.421944       0.152395       0.008860       0.000720       0.282830       0.000000       0.000000       0.029563       0.000000       0.113237       0.000000       0.000000       0.000000       0.000000       0.000000
        5.328948       0.416481       0.153351       0.008382       0.000556       0.286432       0.000000       0.000000       0.029249       0.000000       0.114486       0.000000       0.000000       0.000000       0.000000       0.000678
        5.394737       0.411613       0.155195       0.007865       0.000389       0.290677       0.000000       0.000000       0.028174       0.000000       0.114361       0.000000       0.000000       0.000000       0.000000       0.004392
        5.460526       0.406792       0.156998       0.007371       0.000247       0.294856       0.000000       0.000000       0.027098       0.000000       0.114249       0.000000       0.000000       0.000000       0.000000       0.008015
        5.526316       0.402061       0.158707       0.006908       0.000132       0.298884       0.000000       0.000000       0.026093       0.000000       0.114237       0.000000       0.000000       0.000000       0.000000       0.011335
        5.592105       0.397423       0.160415       0.006466       0.000047       0.302873       0.000000       0.000000       0.025085       0.000000       0.114233       0.000000       0.000000       0.000000       0.000000       0.014577
        5.657895       0.392815       0.162067       0.006046       0.000000       0.306784       0.000000       0.000000       0.024090       0.000000       0.114254       0.000000       0.000000       0.000000       0.000000       0.017672
        5.723684       0.388313       0.163673       0.005649       0.000000       0.310578       0.000000       0.000000       0.023134       0.000000       0.114334       0.000000       0.000000       0.000000       0.000000       0.020556
        5.789474       0.383858       0.165193       0.005277       0.000000       0.314241       0.000000       0.000000       0.022220       0.000000       0.114467       0.000000       0.000000       0.000000       0.000000       0.023235
        5.855263       0.379509       0.166745       0.004922       0.000000       0.317895       0.000000       0.000000       0.021290       0.000000       0.114554       0.000000       0.000000       0.000000       0.000000       0.025991
        5.921053       0.375191       0.168198       0.004588       0.000000       0.321434       0.000000       0.000000       0.020425       0.000000       0.114762       0.000000       0.000000       0.000000       0.000000       0.028415
        5.986842       0.371010       0.169658       0.004274       0.000000       0.324879       0.000000       0.000000       0.019561       0.000000       0.114914       0.000000       0.000000       0.000000       0.000000       0.030920
        6.052631       0.366829       0.171048       0.003976       0.000000       0.328264       0.000000       0.000000       0.018725       0.000000       0.115121       0.000000       0.000000       0.000000       0.000000       0.033238
        6.118421       0.362755       0.172438       0.003696       0.000000       0.331589       0.000000       0.000000       0.017905       0.000000       0.115323       0.000000       0.000000       0.000000       0.000000       0.035505
        6.184211       0.358742       0.173748       0.003434       0.000000       0.334787       0.000000       0.000000       0.017135       0.000000       0.115579       0.000000       0.000000       0.000000       0.000000       0.037595
        6.250000       0.354790       0.175054       0.003186       0.000000       0.337942       0.000000       0.000000       0.016368       0.000000       0.115842       0.000000       0.000000       0.000000       0.000000       0.039641
        6.315790       0.350914       0.176341       0.002952       0.000000       0.341046       0.000000       0.000000       0.015624       0.000000       0.116108       0.000000       0.000000       0.000000       0.000000       0.041644
        6.381579       0.347084       0.177593       0.002732       0.000000       0.344075       0.000000       0.000000       0.014892       0.000000       0.116364       0.000000       0.000000       0.000000       0.000000       0.043606
        6.447368       0.343330       0.178793       0.002527       0.000000       0.346976       0.000000       0.000000       0.014195       0.000000       0.116679       0.000000       0.000000       0.000000       0.000000       0.045403
        6.513158       0.339622       0.179991       0.002333       0.000000       0.349887       0.000000       0.000000       0.013512       0.000000       0.116986       0.000000       0.000000       0.000000       0.000000       0.047164
        6.578948       0.335976       0.181174       0.002151       0.000000       0.352721       0.000000       0.000000       0.012834       0.000000       0.117282       0.000000       0.000000       0.000000       0.000000       0.048889
        6.644737       0.332390       0.182326       0.001981       0.000000       0.355485       0.000000       0.000000       0.012181       0.000000       0.117593       0.000000       0.000000       0.000000       0.000000       0.050581
        6.710526       0.328865       0.183445       0.001822       0.000000       0.358193       0.000000       0.000000       0.011562       0.000000       0.117952       0.000000       0.000000       0.000000       0.000000       0.052119
        6.776316       0.325371       0.184540       0.001672       0.000000       0.360848       0.000000       0.000000       0.010949       0.000000       0.118289       0.000000       0.000000       0.000000       0.000000       0.053628
        6.842105       0.321953       0.185625       0.001533       0.000000       0.363441       0.000000       0.000000       0.010355       0.000000       0.118637       0.000000       0.000000       0.000000       0.000000       0.055108
        6.907895       0.318565       0.186702       0.001401       0.000000       0.366004       0.000000       0.000000       0.009764       0.000000       0.118968       0.000000       0.000000       0.000000       0.000000       0.056559
        6.973684       0.315224       0.187724       0.001280       0.000000       0.368505       0.000000       0.000000       0.009215       0.000000       0.119368       0.000000       0.000000       0.000000       0.000000       0.057868
        7.039473       0.311958       0.188771       0.001166       0.000000       0.370930       0.000000       0.000000       0.008652       0.000000       0.119674       0.000000       0.000000       0.000000       0.000000       0.059267
        7.105263       0.308723       0.189775       0.001061       0.000000       0.373336       0.000000       0.000000       0.008128       0.000000       0.120061       0.000000       0.000000       0.000000       0.000000       0.060527
        7.171053       0.305534       0.190768       0.000962       0.000000       0.375674       0.000000       0.000000       0.007608       0.000000       0.120419       0.000000       0.000000       0.000000       0.000000       0.061763
        7.236842       0.302391       0.191740       0.000871       0.000000       0.377981       0.000000       0.000000       0.007112       0.000000       0.120791       0.000000       0.000000       0.000000       0.000000       0.062977
        7.302632       0.299294       0.192710       0.000786       0.000000       0.380217       0.000000       0.000000       0.006614       0.000000       0.121122       0.000000       0.000000       0.000000       0.000000       0.064169
        7.368421       0.296272       0.193677       0.000708       0.000000       0.382435       0.000000       0.000000       0.006148       0.000000       0.121496       0.000000       0.000000       0.000000       0.000000       0.065340
        7.434211       0.293236       0.194632       0.000635       0.000000       0.384626       0.000000       0.000000       0.005671       0.000000       0.121820       0.000000       0.000000       0.000000       0.000000       0.066491
        7.500000       0.290291       0.195535       0.000569       0.000000       0.386720       0.000000       0.000000       0.005246       0.000000       0.122220       0.000000       0.000000       0.000000       0.000000       0.067513
