        0.065789      13.525059       0.625392       0.000000      19.053101     485.426230       0.995868       0.955320
        0.131579      13.242256       0.625392       0.000000      33.073181     478.053451       0.991946       0.914722
        0.197368      12.971988       0.625392       0.000000      45.058594     470.853645       0.988217       0.877788
        0.263158      12.717549       0.625392       0.000000      55.537476     463.809231       0.984665       0.844073
        0.328947      12.480697       0.625392       0.000000      64.815613     456.901742       0.981274       0.813141
        0.394737      12.262049       0.625392       0.000000      73.111389     450.112084       0.978028       0.784587
        0.460526      12.061426       0.625392       0.000000      80.594055     443.419279       0.974911       0.758048
        0.526316      11.878125       0.625392       0.000000      87.397827     436.803928       0.971909       0.733216
        0.592105      11.711130       0.625392       0.000000      93.629761     430.247260       0.969012       0.709840
        0.657895      11.559260       0.625392       0.000000      99.379211     423.733514       0.966210       0.687709
        0.723684      11.421271       0.625392       0.000000     104.720825     417.249059       0.963496       0.666653
        0.789474      11.295927       0.625392       0.000000     109.533081     410.749475       0.960862       0.646522
        0.855263      11.182040       0.625392       0.000000     113.859070     404.222406       0.958303       0.627206
        0.921053      11.078497       0.625392       0.000000     117.867004     397.681727       0.955817       0.608636
        0.986842      10.984268       0.625392       0.000000     121.627563     391.130405       0.953401       0.590755
        1.052632      10.898417       0.625392       0.000000     125.185303     384.568276       0.951056       0.573519
        1.118421      10.820094       0.625392       0.000000     128.575012     377.990221       0.948780       0.556890
        1.184211      10.748537       0.625392       0.000000     131.821899     371.400145       0.946572       0.540844
        1.250000      10.683060       0.625392       0.000000     134.943848     364.796392       0.944433       0.525370
        1.315789      10.623053       0.625392       0.000000     137.958008     358.178638       0.942362       0.510448
        1.381579      10.567970       0.625392       0.000000     140.875732     351.548379       0.940360       0.496069
        1.447368      10.517325       0.625392       0.000000     143.708252     344.904969       0.938425       0.482218
        1.513158      10.470685       0.625392       0.000000     146.461792     338.254252       0.936559       0.468890
        1.578947      10.427663       0.625392       0.000000     149.141174     331.593395       0.934761       0.456082
        1.644737      10.387916       0.625392       0.000000     151.751282     324.926446       0.933030       0.443781
        1.710526      10.351137       0.625392       0.000000     154.298706     318.254333       0.931365       0.431969
        1.776316      10.317052       0.625392       0.000000     156.783081     311.580736       0.929766       0.420643
        1.842105      10.285416       0.625392       0.000000     159.208984     304.901595       0.928230       0.409790
        1.907895      10.256010       0.625392       0.000000     161.576782     298.221866       0.926756       0.399396
        1.973684      10.228637       0.625392       0.000000     163.888245     291.540926       0.925344       0.389452
        2.039474      10.203121       0.625392       0.000000     166.146545     284.861685       0.923991       0.379933
        2.105263      10.179305       0.625392       0.000000     168.353943     278.183939       0.922694       0.370824
        2.171053      10.157045       0.625392       0.000000     170.247803     271.868297       0.921462       0.362197
        2.236842      10.136212       0.625392       0.000000     171.524658     266.391768       0.920296       0.354053
        2.302632      10.116692       0.625392       0.000000     172.629456     261.178191       0.919171       0.346200
        2.368421      10.098380       0.625392       0.000000     173.638489     256.131241       0.918082       0.338591
        2.434211      10.081179       0.625392       0.000000     174.582031     251.217336       0.917025       0.331200
        2.500000      10.065006       0.625392       0.000000     175.478027     246.405219       0.915998       0.324003
        2.565789      10.049780       0.625392       0.000000     175.728088     242.021736       0.915022       0.317187
        2.631579      10.035432       0.625392       0.000000     175.066223     238.201814       0.914106       0.310813
        2.697368      10.021897       0.625392       0.000000     174.258911     234.502062       0.913216       0.304609
        2.763158      10.009116       0.625392       0.000000     173.373108     230.892201       0.912347       0.298545
        2.828947       9.997035       0.625392       0.000000     172.434937     227.345712       0.911503       0.292643
        2.894737       9.985605       0.625392       0.000000     171.456482     223.857413       0.910678       0.286864
        2.960526       9.974780       0.625392       0.000000     170.444702     220.423791       0.909871       0.281200
        3.026316       9.964521       0.625392       0.000000     169.404541     217.034670       0.909085       0.275679
        3.092105       9.954787       0.625392       0.000000     168.321167     213.704669       0.908314       0.270250
        3.157895       9.945546       0.625392       0.000000     167.059814     210.447765       0.907551       0.264859
        3.223684       9.936764       0.625392       0.000000     165.716187     207.230035       0.906799       0.259537
        3.289474       9.928413       0.625392       0.000000     164.326416     204.044344       0.906064       0.254323
        3.355263       9.920465       0.625392       0.000000     162.900635     200.878721       0.905342       0.249192
        3.421053       9.912895       0.625392       0.000000     161.446777     197.747243       0.904637       0.244178
        3.486842       9.905679       0.625392       0.000000     159.968262     194.628866       0.903944       0.239241
        3.552631       9.898796       0.625392       0.000000     158.472046     191.539344       0.903268       0.234418
        3.618421       9.892227       0.625392       0.000000     156.960815     188.469393       0.902609       0.229709
        3.684211       9.885952       0.625392       0.000000     155.435547     185.414218       0.901961       0.225079
        3.750000       9.879955       0.625392       0.000000     153.893311     182.384665       0.901326       0.220530
        3.815789       9.874220       0.625392       0.000000     152.342041     179.373608       0.900705       0.216084
        3.881579       9.868731       0.625392       0.000000     150.780640     176.382826       0.900100       0.211741
        3.947368       9.863476       0.625392       0.000000     149.213989     173.415351       0.899505       0.207471
        4.013158       9.858440       0.625392       0.000000     147.641113     170.464551       0.898923       0.203292
        4.078948       9.853613       0.625392       0.000000     146.063843     167.537127       0.898357       0.199224
        4.144737       9.848983       0.625392       0.000000     144.476562     164.625218       0.897800       0.195212
        4.210526       9.844539       0.625392       0.000000     142.889404     161.735206       0.897253       0.191271
        4.276316       9.840272       0.625392       0.000000     141.296997     158.865009       0.896719       0.187416
        4.342105       9.836172       0.625392       0.000000     139.703735     156.015965       0.896196       0.183646
        4.407895       9.832232       0.625392       0.000000     138.101807     153.183924       0.895682       0.179931
        4.473684       9.828442       0.625392       0.000000     136.505737     150.375323       0.895182       0.176312
        4.539474       9.824796       0.625392       0.000000     134.903931     147.585940       0.894691       0.172765
        4.605263       9.821286       0.625392       0.000000     133.305054     144.820377       0.894206       0.169251
        4.671053       9.817906       0.625392       0.000000     131.705688     142.059065       0.893737       0.165854
        4.736842       9.814649       0.625392       0.000000     130.096436     139.332576       0.893272       0.162481
        4.802631       9.811509       0.625392       0.000000     128.499878     136.613655       0.892819       0.159198
        4.868421       9.808482       0.625392       0.000000     126.893311     133.918438       0.892369       0.155932
        4.934211       9.805561       0.625392       0.000000     125.288208     131.242024       0.891933       0.152765
        5.000000       9.802742       0.625392       0.000000     123.684082     128.581583       0.891504       0.149644
        5.065790       9.800021       0.625392       0.000000     122.085205     125.928813       0.891084       0.146590
        5.131579       9.797392       0.625392       0.000000     120.474365     123.306374       0.890670       0.143571
        5.197368       9.794852       0.625392       0.000000     118.875610     120.691649       0.890266       0.140633
        5.263158       9.792396       0.625392       0.000000     117.266479     118.103277       0.889865       0.137708
        5.328948       9.790022       0.625392       0.000549     115.598633     115.615369       0.889471       0.134830
        5.394737       9.787725       0.625392       0.003601     113.631836     113.634530       0.889066       0.131868
        5.460526       9.785502       0.625392       0.006653     111.654297     111.678331       0.888666       0.128935
        5.526316       9.783350       0.625392       0.009521     109.702759     109.697632       0.888279       0.126099
        5.592105       9.781267       0.625392       0.012390     107.732910     107.736890       0.887900       0.123319
        5.657895       9.779248       0.625392       0.015198     105.759155     105.782190       0.887524       0.120562
        5.723684       9.777293       0.625392       0.017883     103.795532     103.815643       0.887162       0.117908
        5.789474       9.775397       0.625392       0.020447     101.851318     101.838331       0.886807       0.115307
        5.855263       9.773559       0.625392       0.023132      99.885742      99.900305       0.886458       0.112742
        5.921053       9.771776       0.625392       0.025574      97.942261      97.924942       0.886115       0.110225
        5.986842       9.770046       0.625392       0.028137      96.003418      96.001893       0.885784       0.107798
        6.052631       9.768368       0.625392       0.030579      94.066650      94.061057       0.885453       0.105364
        6.118421       9.766738       0.625392       0.033020      92.129395      92.136876       0.885130       0.102993
        6.184211       9.765156       0.625392       0.035339      90.222168      90.218989       0.884815       0.100677
        6.250000       9.763619       0.625392       0.037659      88.304443      88.292171       0.884505       0.098402
        6.315790       9.762126       0.625392       0.039978      86.391602      86.388699       0.884200       0.096158
        6.381579       9.760674       0.625392       0.042297      84.483765      84.504427       0.883898       0.093937
        6.447368       9.759264       0.625392       0.044495      82.598755      82.585424       0.883609       0.091812
        6.513158       9.757892       0.625392       0.046692      80.702271      80.706167       0.883318       0.089666
        6.578948       9.756558       0.625392       0.048889      78.806152      78.813738       0.883034       0.087574
        6.644737       9.755260       0.625392       0.051086      76.922974      76.934597       0.882754       0.085517
        6.710526       9.753997       0.625392       0.053162      75.051392      75.050304       0.882480       0.083498
        6.776316       9.752767       0.625392       0.055237      73.178101      73.178010       0.882208       0.081487
        6.842105       9.751571       0.625392       0.057312      71.313477      71.300757       0.881942       0.079530
        6.907895       9.750405       0.625392       0.059387      69.437866      69.447413       0.881678       0.077580
        6.973684       9.749270       0.625392       0.061340      67.585938      67.580397       0.881417       0.075656
        7.039473       9.748164       0.625392       0.063416      65.725830      65.731303       0.881165       0.073792
        7.105263       9.747087       0.625392       0.065369      63.877441      63.867783       0.880912       0.071929
        7.171053       9.746037       0.625392       0.067322      62.029785      62.029301       0.880665       0.070103
        7.236842       9.745013       0.625392       0.069275      60.190186      60.167526       0.880419       0.068284
        7.302632       9.744014       0.625392       0.071228      58.347046      58.329573       0.880180       0.066512
        7.368421       9.743041       0.625392       0.073181      56.515259      56.507683       0.879945       0.064775
        7.434211       9.742091       0.625392       0.075134      54.660889      54.688992       0.879707       0.063017
        7.500000       9.741164       0.625392       0.076965      52.855347      52.831199       0.879479       0.061330
