        0.010000       0.996040       0.003957       0.003957       0.000000       0.000000       0.000000       0.000000       0.000000       0.000000       0.000000       0.000000       0.000000       0.000000       0.000000       0.000000
        0.020000       0.990547       0.009451       0.009451       0.000000       0.000000       0.000000       0.000000       0.000000       0.000000       0.000000       0.000000       0.000000       0.000000       0.000000       0.000000
        0.030000       0.984749       0.015258       0.015258       0.000000       0.000000       0.000000       0.000000       0.000000       0.000000       0.000000       0.000000       0.000000       0.000000       0.000000       0.000000
        0.040000       0.979195       0.020808       0.020808       0.000000       0.000000       0.000000       0.000000       0.000000       0.000000       0.000000       0.000000       0.000000       0.000000       0.000000       0.000000
        0.050000       0.974129       0.025867       0.025867       0.000000       0.000000       0.000000       0.000000       0.000000       0.000000       0.000000       0.000000       0.000000       0.000000       0.000000       0.000000
        0.060000       0.969627       0.030370       0.030370       0.000000       0.000000       0.000000       0.000000       0.000000       0.000000       0.000000       0.000000       0.000000       0.000000       0.000000       0.000000
        0.070000       0.965675       0.034330       0.034330       0.000000       0.000000       0.000000       0.000000       0.000000       0.000000       0.000000       0.000000       0.000000       0.000000       0.000000       0.000000
        0.080000       0.962212       0.037793       0.037794       0.000000       0.000000       0.000000       0.000000       0.000000       0.000000       0.000000       0.000000       0.000000       0.000000       0.000000       0.000000
        0.090000       0.959175       0.040825       0.040825       0.000000       0.000000       0.000000       0.000000       0.000000       0.000000       0.000000       0.000000       0.000000       0.000000       0.000000       0.000000
        0.100000       0.956505       0.043490       0.043490       0.000000       0.000000       0.000000       0.000000       0.000000       0.000000       0.000000       0.000000       0.000000       0.000000       0.000000       0.000000
        0.110000       0.954155       0.045852       0.045852       0.000000       0.000000       0.000000       0.000000       0.000000       0.000000       0.000000       0.000000       0.000000       0.000000       0.000000       0.000000
        0.120000       0.951485       0.048522       0.047752       0.000770       0.000000       0.000000       0.000000       0.000000       0.000000       0.000000       0.000000       0.000000       0.000000       0.000000       0.000000
        0.130000       0.948463       0.051532       0.049220       0.002312       0.000000       0.000000       0.000000       0.000000       0.000000       0.000000       0.000000       0.000000       0.000000       0.000000       0.000000
        0.140000       0.945503       0.054493       0.050456       0.004038       0.000000       0.000000       0.000000       0.000000       0.000000       0.000000       0.000000       0.000000       0.000000       0.000000       0.000000
        0.150000       0.942665       0.057340       0.051535       0.005804       0.000000       0.000000       0.000000       0.000000       0.000000       0.000000       0.000000       0.000000       0.000000       0.000000       0.000000
        0.160000       0.939949       0.060057       0.052504       0.007554       0.000000       0.000000       0.000000       0.000000       0.000000       0.000000       0.000000       0.000000       0.000000       0.000000       0.000000
        0.170000       0.937340       0.062654       0.053392       0.009262       0.000000       0.000000       0.000000       0.000000       0.000000       0.000000       0.000000       0.000000       0.000000       0.000000       0.000000
        0.180000       0.934853       0.065149       0.054226       0.010923       0.000000       0.000000       0.000000       0.000000       0.000000       0.000000       0.000000       0.000000       0.000000       0.000000       0.000000
        0.190000       0.932457       0.067550       0.055019       0.012532       0.000000       0.000000       0.000000       0.000000       0.000000       0.000000       0.000000       0.000000       0.000000       0.000000       0.000000
        0.200000       0.930138       0.069870       0.055781       0.014089       0.000000       0.000000       0.000000       0.000000       0.000000       0.000000       0.000000       0.000000       0.000000       0.000000       0.000000
        0.210000       0.927879       0.072119       0.056521       0.015598       0.000000       0.000000       0.000000       0.000000       0.000000       0.000000       0.000000       0.000000       0.000000       0.000000       0.000000
        0.220000       0.925697       0.074305       0.057245       0.017061       0.000000       0.000000       0.000000       0.000000       0.000000       0.000000       0.000000       0.000000       0.000000       0.000000       0.000000
        0.230000       0.923576       0.076431       0.057952       0.018479       0.000000       0.000000       0.000000       0.000000       0.000000       0.000000       0.000000       0.000000       0.000000       0.000000       0.000000
        0.240000       0.921501       0.078499       0.058645       0.019854       0.000000       0.000000       0.000000       0.000000       0.000000       0.000000       0.000000       0.000000       0.000000       0.000000       0.000000
        0.250000       0.919487       0.080513       0.059325       0.021188       0.000000       0.000000       0.000000       0.000000       0.000000       0.000000       0.000000       0.000000       0.000000       0.000000       0.000000
        0.260000       0.917534       0.082473       0.059991       0.022482       0.000000       0.000000       0.000000       0.000000       0.000000       0.000000       0.000000       0.000000       0.000000       0.000000       0.000000
        0.270000       0.915627       0.084376       0.060641       0.023735       0.000000       0.000000       0.000000       0.000000       0.000000       0.000000       0.000000       0.000000       0.000000       0.000000       0.000000
        0.280000       0.913780       0.086224       0.061275       0.024949       0.000000       0.000000       0.000000       0.000000       0.000000       0.000000       0.000000       0.000000       0.000000       0.000000       0.000000
        0.290000       0.911980       0.088012       0.061890       0.026123       0.000000       0.000000       0.000000       0.000000       0.000000       0.000000       0.000000       0.000000       0.000000       0.000000       0.000000
        0.300000       0.910255       0.089748       0.062489       0.027260       0.000000       0.000000       0.000000       0.000000       0.000000       0.000000       0.000000       0.000000       0.000000       0.000000       0.000000
        0.310000       0.908577       0.091423       0.063066       0.028357       0.000000       0.000000       0.000000       0.000000       0.000000       0.000000       0.000000       0.000000       0.000000       0.000000       0.000000
        0.320000       0.906960       0.093041       0.063624       0.029417       0.000000       0.000000       0.000000       0.000000       0.000000       0.000000       0.000000       0.000000       0.000000       0.000000       0.000000
        0.330000       0.900932       0.094311       0.063622       0.030021       0.004100       0.000000       0.000000       0.000000       0.000000       0.000000       0.000000       0.000000       0.000000       0.000668       0.000000
        0.340000       0.878990       0.098488       0.060934       0.028503       0.013474       0.000000       0.000000       0.000000       0.000000       0.000000       0.000000       0.000000       0.000000       0.009049       0.000000
        0.350000       0.855247       0.102796       0.057920       0.026702       0.023779       0.000000       0.000000       0.000000       0.000000       0.000000       0.000000       0.000000       0.000000       0.018173       0.000000
        0.360000       0.831612       0.106820       0.054920       0.024889       0.034561       0.000000       0.000000       0.000000       0.000000       0.000000       0.000000       0.000000       0.000000       0.027012       0.000000
        0.370000       0.808540       0.110492       0.052020       0.023132       0.045609       0.000000       0.000000       0.000000       0.000000       0.000000       0.000000       0.000000       0.000000       0.035343       0.000000
        0.380000       0.786293       0.113805       0.049253       0.021460       0.056794       0.000000       0.000000       0.000000       0.000000       0.000000       0.000000       0.000000       0.000000       0.043096       0.000000
        0.390000       0.764900       0.116781       0.046630       0.019882       0.068068       0.000000       0.000000       0.000000       0.000000       0.000000       0.000000       0.000000       0.000000       0.050265       0.000000
        0.400000       0.744377       0.119413       0.044157       0.018405       0.079349       0.000000       0.000000       0.000000       0.000000       0.000000       0.000000       0.000000       0.000000       0.056850       0.000000
        0.410000       0.724754       0.121747       0.041831       0.017027       0.090619       0.000000       0.000000       0.000000       0.000000       0.000000       0.000000       0.000000       0.000000       0.062884       0.000000
        0.420000       0.705986       0.123787       0.039650       0.015747       0.101844       0.000000       0.000000       0.000000       0.000000       0.000000       0.000000       0.000000       0.000000       0.068395       0.000000
        0.430000       0.688042       0.125564       0.037605       0.014559       0.112993       0.000000       0.000000       0.000000       0.000000       0.000000       0.000000       0.000000       0.000000       0.073401       0.000000
        0.440000       0.671288       0.127388       0.035597       0.013391       0.122946       0.000000       0.000000       0.000000       0.000000       0.001199       0.000000       0.000000       0.000000       0.077197       0.000000
        0.450000       0.655769       0.129388       0.033600       0.012227       0.131307       0.000000       0.000000       0.000000       0.000000       0.003976       0.000000       0.000000       0.000000       0.079589       0.000000
        0.460000       0.641106       0.131297       0.031709       0.011138       0.139154       0.000000       0.000000       0.000000       0.000000       0.007071       0.000000       0.000000       0.000000       0.081380       0.000000
        0.470000       0.627205       0.133104       0.029930       0.010127       0.146669       0.000000       0.000000       0.000000       0.000000       0.010310       0.000000       0.000000       0.000000       0.082731       0.000000
        0.480000       0.613960       0.134794       0.028262       0.009192       0.153915       0.000000       0.000000       0.000000       0.000000       0.013636       0.000000       0.000000       0.000000       0.083717       0.000000
        0.490000       0.601311       0.136387       0.026693       0.008327       0.160958       0.000000       0.000000       0.000000       0.000000       0.017023       0.000000       0.000000       0.000000       0.084351       0.000000
        0.500000       0.589256       0.137874       0.025224       0.007531       0.167750       0.000000       0.000000       0.000000       0.000000       0.020398       0.000000       0.000000       0.000000       0.084710       0.000000
        0.510000       0.577782       0.139267       0.023850       0.006800       0.174334       0.000000       0.000000       0.000000       0.000000       0.023784       0.000000       0.000000       0.000000       0.084837       0.000000
        0.520000       0.566765       0.140575       0.022559       0.006126       0.180747       0.000000       0.000000       0.000000       0.000000       0.027169       0.000000       0.000000       0.000000       0.084716       0.000000
        0.530000       0.556221       0.141814       0.021347       0.005505       0.187016       0.000000       0.000000       0.000000       0.000000       0.030558       0.000000       0.000000       0.000000       0.084413       0.000000
        0.540000       0.546150       0.142972       0.020212       0.004937       0.193065       0.000000       0.000000       0.000000       0.000000       0.033903       0.000000       0.000000       0.000000       0.083918       0.000000
        0.550000       0.536461       0.144065       0.019145       0.004414       0.198965       0.000000       0.000000       0.000000       0.000000       0.037208       0.000000       0.000000       0.000000       0.083283       0.000000
        0.560000       0.527184       0.145096       0.018143       0.003934       0.204716       0.000000       0.000000       0.000000       0.000000       0.040528       0.000000       0.000000       0.000000       0.082495       0.000000
        0.570000       0.518227       0.146076       0.017198       0.003493       0.210334       0.000000       0.000000       0.000000       0.000000       0.043792       0.000000       0.000000       0.000000       0.081577       0.000000
        0.580000       0.509651       0.146991       0.016313       0.003091       0.215769       0.000000       0.000000       0.000000       0.000000       0.047023       0.000000       0.000000       0.000000       0.080575       0.000000
        0.590000       0.501411       0.147864       0.015480       0.002722       0.221049       0.000000       0.000000       0.000000       0.000000       0.050194       0.000000       0.000000       0.000000       0.079471       0.000000
        0.600000       0.493462       0.148697       0.014693       0.002385       0.226216       0.000000       0.000000       0.000000       0.000000       0.053349       0.000000       0.000000       0.000000       0.078268       0.000000
        0.610000       0.485817       0.149488       0.013953       0.002077       0.231223       0.000000       0.000000       0.000000       0.000000       0.056430       0.000000       0.000000       0.000000       0.077014       0.000000
        0.620000       0.478401       0.150236       0.013254       0.001796       0.236134       0.000000       0.000000       0.000000       0.000000       0.059501       0.000000       0.000000       0.000000       0.075695       0.000000
        0.630000       0.471306       0.150970       0.012593       0.001540       0.240903       0.000000       0.000000       0.000000       0.000000       0.062506       0.000000       0.000000       0.000000       0.074314       0.000000
        0.640000       0.464424       0.151664       0.011969       0.001308       0.245523       0.000000       0.000000       0.000085       0.000000       0.065430       0.000000       0.000000       0.000000       0.072859       0.000000
        0.650000       0.457787       0.152348       0.011377       0.001096       0.249969       0.000000       0.000000       0.000409       0.000000       0.068200       0.000000       0.000000       0.000000       0.071286       0.000000
        0.660000       0.451317       0.153021       0.010812       0.000904       0.254312       0.000000       0.000000       0.000821       0.000000       0.070864       0.000000       0.000000       0.000000       0.069629       0.000000
        0.670000       0.445045       0.153690       0.010273       0.000729       0.258590       0.000000       0.000000       0.001282       0.000000       0.073513       0.000000       0.000000       0.000000       0.067883       0.000000
        0.680000       0.438988       0.154320       0.009765       0.000575       0.262696       0.000000       0.000000       0.001776       0.000000       0.076060       0.000000       0.000000       0.000000       0.066153       0.000000
        0.690000       0.433113       0.154950       0.009281       0.000438       0.266730       0.000000       0.000000       0.002280       0.000000       0.078569       0.000000       0.000000       0.000000       0.064366       0.000000
        0.700000       0.427406       0.155545       0.008823       0.000319       0.270634       0.000000       0.000000       0.002792       0.000000       0.081006       0.000000       0.000000       0.000000       0.062599       0.000000
        0.710000       0.421883       0.156123       0.008389       0.000218       0.274431       0.000000       0.000000       0.003307       0.000000       0.083416       0.000000       0.000000       0.000000       0.060802       0.000000
        0.720000       0.416512       0.156711       0.007974       0.000132       0.278189       0.000000       0.000000       0.003812       0.000000       0.085771       0.000000       0.000000       0.000000       0.059010       0.000000
        0.730000       0.411308       0.157268       0.007582       0.000065       0.281813       0.000000       0.000000       0.004314       0.000000       0.088064       0.000000       0.000000       0.000000       0.057238       0.000000
        0.740000       0.406258       0.157817       0.007209       0.000018       0.285352       0.000000       0.000000       0.004805       0.000000       0.090306       0.000000       0.000000       0.000000       0.055481       0.000000
        0.750000       0.401314       0.158354       0.006852       0.000000       0.288830       0.000000       0.000000       0.005276       0.000000       0.092539       0.000000       0.000000       0.000000       0.053682       0.000000
        0.760000       0.396492       0.158878       0.006512       0.000000       0.292233       0.000000       0.000000       0.005732       0.000000       0.094750       0.000000       0.000000       0.000000       0.051878       0.000000
        0.770000       0.391853       0.159397       0.006191       0.000000       0.295522       0.000000       0.000000       0.006182       0.000000       0.096895       0.000000       0.000000       0.000000       0.050127       0.000000
        0.780000       0.387260       0.159902       0.005883       0.000000       0.298799       0.000000       0.000000       0.006606       0.000000       0.099017       0.000000       0.000000       0.000000       0.048377       0.000000
        0.790000       0.382835       0.160392       0.005592       0.000000       0.301966       0.000000       0.000000       0.007031       0.000000       0.101117       0.000000       0.000000       0.000000       0.046674       0.000000
        0.800000       0.378502       0.160866       0.005314       0.000000       0.305040       0.000000       0.000000       0.007430       0.000000       0.103169       0.000000       0.000000       0.000000       0.044968       0.000000
        0.810000       0.374275       0.161343       0.005049       0.000000       0.308089       0.000000       0.000000       0.007817       0.000000       0.105193       0.000000       0.000000       0.000000       0.043301       0.000000
        0.820000       0.370171       0.161805       0.004797       0.000000       0.311016       0.000000       0.000000       0.008186       0.000000       0.107173       0.000000       0.000000       0.000000       0.041638       0.000000
        0.830000       0.366112       0.162247       0.004556       0.000000       0.313931       0.000000       0.000000       0.008541       0.000000       0.109126       0.000000       0.000000       0.000000       0.040035       0.000000
        0.840000       0.362206       0.162693       0.004328       0.000000       0.316727       0.000000       0.000000       0.008883       0.000000       0.111033       0.000000       0.000000       0.000000       0.038438       0.000000
        0.850000       0.358360       0.163133       0.004110       0.000000       0.319503       0.000000       0.000000       0.009208       0.000000       0.112920       0.000000       0.000000       0.000000       0.036873       0.000000
        0.860000       0.354607       0.163560       0.003902       0.000000       0.322202       0.000000       0.000000       0.009520       0.000000       0.114785       0.000000       0.000000       0.000000       0.035330       0.000000
        0.870000       0.350929       0.163970       0.003704       0.000000       0.324836       0.000000       0.000000       0.009821       0.000000       0.116630       0.000000       0.000000       0.000000       0.033824       0.000000
        0.880000       0.347328       0.164389       0.003515       0.000000       0.327440       0.000000       0.000000       0.010102       0.000000       0.118414       0.000000       0.000000       0.000000       0.032350       0.000000
        0.890000       0.343773       0.164782       0.003334       0.000000       0.329978       0.000000       0.000000       0.010366       0.000000       0.120198       0.000000       0.000000       0.000000       0.030886       0.000000
        0.900000       0.340309       0.165181       0.003161       0.000000       0.332472       0.000000       0.000000       0.010618       0.000000       0.121946       0.000000       0.000000       0.000000       0.029463       0.000000
        0.910000       0.336922       0.165574       0.002997       0.000000       0.334892       0.000000       0.000000       0.010853       0.000000       0.123683       0.000000       0.000000       0.000000       0.028044       0.000000
        0.920000       0.333595       0.165972       0.002839       0.000000       0.337305       0.000000       0.000000       0.011077       0.000000       0.125376       0.000000       0.000000       0.000000       0.026670       0.000000
        0.930000       0.330360       0.166361       0.002690       0.000000       0.339630       0.000000       0.000000       0.011293       0.000000       0.127064       0.000000       0.000000       0.000000       0.025325       0.000000
        0.940000       0.327171       0.166743       0.002547       0.000000       0.341921       0.000000       0.000000       0.011493       0.000000       0.128693       0.000000       0.000000       0.000000       0.024022       0.000000
        0.950000       0.323997       0.167117       0.002409       0.000000       0.344190       0.000000       0.000000       0.011666       0.000000       0.130284       0.000000       0.000000       0.000000       0.022735       0.000000
        0.960000       0.320915       0.167483       0.002279       0.000000       0.346384       0.000000       0.000000       0.011839       0.000000       0.131914       0.000000       0.000000       0.000000       0.021467       0.000000
        0.970000       0.317909       0.167853       0.002155       0.000000       0.348514       0.000000       0.000000       0.011998       0.000000       0.133436       0.000000       0.000000       0.000000       0.020255       0.000000
        0.980000       0.314888       0.168223       0.002035       0.000000       0.350708       0.000000       0.000000       0.012137       0.000000       0.135016       0.000000       0.000000       0.000000       0.019050       0.000000
        0.990000       0.311989       0.168587       0.001922       0.000000       0.352762       0.000000       0.000000       0.012275       0.000000       0.136525       0.000000       0.000000       0.000000       0.017889       0.000000
        1.000000       0.309120       0.168958       0.001814       0.000000       0.354800       0.000000       0.000000       0.012387       0.000000       0.138009       0.000000       0.000000       0.000000       0.016740       0.000000
        1.010000       0.306252       0.169318       0.001709       0.000000       0.356846       0.000000       0.000000       0.012483       0.000000       0.139476       0.000000       0.000000       0.000000       0.015628       0.000000
        1.020000       0.303444       0.169669       0.001610       0.000000       0.358831       0.000000       0.000000       0.012574       0.000000       0.140911       0.000000       0.000000       0.000000       0.014556       0.000000
        1.030000       0.300697       0.170020       0.001516       0.000000       0.360770       0.000000       0.000000       0.012657       0.000000       0.142359       0.000000       0.000000       0.000000       0.013503       0.000000
        1.040000       0.298012       0.170373       0.001427       0.000000       0.362644       0.000000       0.000000       0.012727       0.000000       0.143743       0.000000       0.000000       0.000000       0.012490       0.000000
        1.050000       0.295311       0.170736       0.001340       0.000000       0.364576       0.000000       0.000000       0.012771       0.000000       0.145144       0.000000       0.000000       0.000000       0.011490       0.000000
        1.060000       0.292656       0.171076       0.001258       0.000000       0.366410       0.000000       0.000000       0.012804       0.000000       0.146486       0.000000       0.000000       0.000000       0.010527       0.000000
        1.070000       0.290062       0.171437       0.001180       0.000000       0.368244       0.000000       0.000000       0.012832       0.000000       0.147797       0.000000       0.000000       0.000000       0.009611       0.000000
        1.080000       0.287483       0.171792       0.001105       0.000000       0.370059       0.000000       0.000000       0.012843       0.000000       0.149120       0.000000       0.000000       0.000000       0.008713       0.000000
        1.090000       0.284966       0.172148       0.001034       0.000000       0.371802       0.000000       0.000000       0.012842       0.000000       0.150409       0.000000       0.000000       0.000000       0.007841       0.000000
        1.100000       0.282417       0.172473       0.000966       0.000000       0.373545       0.000000       0.000000       0.012826       0.000000       0.151684       0.000000       0.000000       0.000000       0.007013       0.000000
        1.110000       0.279976       0.172855       0.000902       0.000000       0.375270       0.000000       0.000000       0.012800       0.000000       0.152932       0.000000       0.000000       0.000000       0.006211       0.000000
        1.120000       0.277489       0.173199       0.000840       0.000000       0.376992       0.000000       0.000000       0.012753       0.000000       0.154159       0.000000       0.000000       0.000000       0.005447       0.000000
        1.130000       0.275047       0.173549       0.000782       0.000000       0.378668       0.000000       0.000000       0.012694       0.000000       0.155366       0.000000       0.000000       0.000000       0.004716       0.000000
        1.140000       0.272621       0.173894       0.000726       0.000000       0.380309       0.000000       0.000000       0.012616       0.000000       0.156504       0.000000       0.000000       0.000000       0.004027       0.000000
        1.150000       0.270226       0.174239       0.000673       0.000000       0.381942       0.000000       0.000000       0.012534       0.000074       0.157646       0.000000       0.000000       0.000000       0.003379       0.000000
        1.160000       0.267937       0.174359       0.000630       0.000000       0.383052       0.000000       0.000000       0.012527       0.000932       0.158288       0.000000       0.000000       0.000000       0.002920       0.000000
        1.170000       0.265648       0.174380       0.000591       0.000000       0.384005       0.000000       0.000000       0.012534       0.002169       0.158722       0.000000       0.000000       0.000000       0.002541       0.000000
        1.180000       0.263420       0.174355       0.000554       0.000000       0.384822       0.000000       0.000000       0.012556       0.003599       0.159010       0.000000       0.000000       0.000000       0.002214       0.000000
        1.190000       0.261253       0.174293       0.000521       0.000000       0.385523       0.000000       0.000000       0.012593       0.005159       0.159230       0.000000       0.000000       0.000000       0.001926       0.000000
        1.200000       0.259102       0.174185       0.000491       0.000000       0.386163       0.000000       0.000000       0.012641       0.006819       0.159380       0.000000       0.000000       0.000000       0.001676       0.000000
        1.210000       0.257011       0.174070       0.000462       0.000000       0.386733       0.000000       0.000000       0.012695       0.008541       0.159451       0.000000       0.000000       0.000000       0.001455       0.000000
        1.220000       0.254967       0.173940       0.000435       0.000000       0.387249       0.000000       0.000000       0.012755       0.010329       0.159510       0.000000       0.000000       0.000000       0.001248       0.000000
        1.230000       0.252953       0.173800       0.000410       0.000000       0.387711       0.000000       0.000000       0.012810       0.012169       0.159521       0.000000       0.000000       0.000000       0.001059       0.000000
        1.240000       0.250923       0.173621       0.000386       0.000000       0.388161       0.000000       0.000000       0.012867       0.014050       0.159471       0.000000       0.000000       0.000000       0.000896       0.000000
        1.250000       0.249001       0.173453       0.000363       0.000000       0.388522       0.000000       0.000000       0.012940       0.015928       0.159424       0.000000       0.000000       0.000000       0.000746       0.000000
        1.260000       0.247032       0.173253       0.000342       0.000000       0.388903       0.000000       0.000000       0.013000       0.017854       0.159296       0.000000       0.000000       0.000000       0.000616       0.000000
        1.270000       0.245125       0.173065       0.000322       0.000000       0.389256       0.000000       0.000000       0.013065       0.019816       0.159196       0.000000       0.000000       0.000000       0.000494       0.000000
        1.280000       0.243248       0.172868       0.000303       0.000000       0.389563       0.000000       0.000000       0.013129       0.021771       0.159042       0.000000       0.000000       0.000000       0.000387       0.000000
        1.290000       0.241432       0.172663       0.000285       0.000000       0.389791       0.000000       0.000000       0.013198       0.023717       0.158908       0.000000       0.000000       0.000000       0.000287       0.000000
        1.300000       0.239586       0.172442       0.000268       0.000000       0.390096       0.000000       0.000000       0.013272       0.025700       0.158712       0.000000       0.000000       0.000000       0.000211       0.000000
        1.310000       0.237816       0.172240       0.000252       0.000000       0.390308       0.000000       0.000000       0.013335       0.027670       0.158514       0.000000       0.000000       0.000000       0.000137       0.000000
        1.320000       0.236046       0.172006       0.000237       0.000000       0.390486       0.000000       0.000000       0.013401       0.029635       0.158307       0.000000       0.000000       0.000000       0.000076       0.000000
        1.330000       0.234291       0.171795       0.000223       0.000000       0.390722       0.000000       0.000000       0.013462       0.031640       0.158059       0.000000       0.000000       0.000000       0.000032       0.000000
        1.340000       0.232567       0.171565       0.000209       0.000000       0.390913       0.000000       0.000000       0.013532       0.033631       0.157835       0.000000       0.000000       0.000000       0.000004       0.000000
        1.350000       0.230827       0.171325       0.000196       0.000000       0.391082       0.000000       0.000000       0.013578       0.035636       0.157554       0.000000       0.000000       0.000000       0.000000       0.000000
        1.360000       0.229134       0.171093       0.000183       0.000000       0.391242       0.000000       0.000000       0.013633       0.037634       0.157281       0.000000       0.000000       0.000000       0.000000       0.000000
        1.370000       0.227455       0.170854       0.000172       0.000000       0.391387       0.000000       0.000000       0.013686       0.039619       0.156976       0.000000       0.000000       0.000000       0.000000       0.000000
        1.380000       0.225838       0.170629       0.000161       0.000000       0.391510       0.000000       0.000000       0.013750       0.041589       0.156695       0.000000       0.000000       0.000000       0.000000       0.000000
        1.390000       0.224205       0.170385       0.000150       0.000000       0.391648       0.000000       0.000000       0.013812       0.043573       0.156402       0.000000       0.000000       0.000000       0.000000       0.000000
        1.400000       0.222633       0.170136       0.000141       0.000000       0.391695       0.000000       0.000000       0.013879       0.045496       0.156122       0.000000       0.000000       0.000000       0.000000       0.000000
