   9.9999997764825821E-003   16802206283266.686        8.4998930244157347E-002   42.695790000000002     
   1.9999999552965164E-002   33643437804825.875        6.9964195748551325E-002   38.021619999999999     
   2.9999999329447746E-002   50511862266850.359        5.6542872367784651E-002   29.681380000000001     
   3.9999999105930328E-002   67406182292684.281        6.1208455815635679E-002   20.376490000000000     
   4.9999997019767761E-002   84327381587088.156        8.4830497049312337E-002   16.214880000000001     
   5.9999998658895493E-002   101276636883681.20       0.11661932458758574        14.705810000000000     
   7.0000000298023224E-002   118254037272705.88       0.14979523920496979        14.112180000000000     
   7.9999998211860657E-002   135258112765161.55       0.18018794299865068        13.845230000000001     
   8.9999996125698090E-002   152289316236447.38       0.20586024414955031        13.700640000000000     
   9.9999994039535522E-002   169349206765806.50       0.22660891314723142        13.603619999999999     
  0.10999999940395355        186443426735261.59       0.24325991844847025        13.525510000000001     
  0.11999999731779099        203569511314771.22       0.25672285726356298        13.455460000000000     
  0.12999999523162842        220730341088841.59       0.26825079081245229        13.386310000000000     
  0.14000000059604645        237935641742275.12       0.27913981810671223        13.311230000000000     
  0.14999999105930328        255190595357508.34       0.29038144656821419        13.224990000000000     
  0.15999999642372131        272499017966593.47       0.30287811571645878        13.124060000000000     
  0.17000000178813934        289865646200754.81       0.31755134700236026        13.007709999999999     
  0.17999999225139618        307309218707657.31       0.33540200581108115        12.878970000000001     
  0.18999999761581421        324832734858797.12       0.35742665545817315        12.745089999999999     
  0.19999998807907104        342442134003671.88       0.38453312744837215        12.616040000000000     
  0.20999999344348907        360150839072146.06       0.41746118787807923        12.501899999999999     
  0.21999999880790710        377972005723356.81       0.45663389256862991        12.410769999999999     
  0.22999998927116394        395911781184034.19       0.50215065760266187        12.347099999999999     
  0.23999999463558197        413979460536141.81       0.55380018414744403        12.311570000000000     
  0.25000000000000000        432188407316049.25       0.61113311932174219        12.301920000000001     
  0.25999999046325684        450550708099984.12       0.67349998451776372        12.314150000000000     
  0.26999998092651367        469067610151340.81       0.74008075674507523        12.343500000000001     
  0.28000000119209290        487756872125117.06       0.81004535507467479        12.385220000000000     
  0.28999999165534973        506617246757918.56       0.88247246135288160        12.434990000000001     
  0.29999998211860657        525679470183395.12       0.95658003320367391        12.489200000000000     
  0.31000000238418579        544928901905035.25        1.0314641999087764        12.544820000000000     
  0.31999999284744263        564384844808705.88        1.1064213615382859        12.599600000000001     
  0.32999998331069946        584048130403337.12        1.1734667954271933        12.646530000000000     
  0.34000000357627869        603877123848950.50        1.2189927911698624        12.676170000000001     
  0.34999999403953552        623834347850216.50        1.2599846776016794        12.699990000000000     
  0.35999998450279236        643927523561482.12        1.2986412887166541        12.719220000000000     
  0.37000000476837158        664153740701493.38        1.3355975169898611        12.734180000000000     
  0.37999999523162842        684509435660551.75        1.3711090400498329        12.745080000000000     
  0.38999998569488525        705024067612165.38        1.4053600735872862        12.752100000000000     
  0.39999997615814209        725661287737408.75        1.4384092565198983        12.755450000000000     
  0.40999999642372131        746451921260174.50        1.4702895517149459        12.755340000000000     
  0.41999998688697815        767388722174075.62        1.5010559050946402        12.751989999999999     
  0.42999997735023499        788459336632157.12        1.5306978565589036        12.745620000000001     
  0.43999999761581421        809684611751155.38        1.5588227996647426        12.736610000000001     
  0.44999998807907104        831081355890148.62        1.5853353501764549        12.725320000000000     
  0.45999997854232788        852597718528023.12        1.6106644692633241        12.711810000000000     
  0.46999999880790710        874259595228588.25        1.6348529364598405        12.696289999999999     
  0.47999998927116394        896086170090721.00        1.6579868053907756        12.678890000000001     
  0.48999997973442078        918096270852328.88        1.6800976815936357        12.659780000000000     
  0.50000000000000000        940203301797737.00        1.7011833031895849        12.639139999999999     
  0.50999999046325684        962475149691703.12        1.7212955759850608        12.617130000000000     
  0.51999998092651367        984912230288691.75        1.7404862057520247        12.593850000000000     
  0.52999997138977051        1007590210901301.9        1.7588101428000595        12.569400000000000     
  0.53999996185302734        1030331980127515.9        1.7762140447456667        12.544000000000000     
  0.55000001192092896        1053258819484074.4        1.7928070896979138        12.517680000000000     
  0.56000000238418579        1076387002788600.6        1.8085802110266305        12.490580000000000     
  0.56999999284744263        1099680418796149.5        1.8235853605705141        12.462759999999999     
  0.57999998331069946        1123117923422509.6        1.8378371532262268        12.434329999999999     
  0.58999997377395630        1146675878056680.5        1.8513556792468060        12.405400000000000     
  0.59999996423721313        1170447649272764.0        1.8642001743684717        12.375970000000001     
  0.61000001430511475        1194332268129301.5        1.8763714625795314        12.346180000000000     
  0.62000000476837158        1218439137444038.0        1.8879051052202691        12.316050000000001     
  0.62999999523162842        1242679879696450.0        1.8988366907805270        12.285620000000000     
  0.63999998569488525        1267068749325331.8        1.9091758061597435        12.254989999999999     
  0.64999997615814209        1291609666301351.2        1.9189458027800168        12.224209999999999     
  0.65999996662139893        1316306669382167.0        1.9281816216628558        12.193289999999999     
  0.66999995708465576        1341315131950635.5        1.9369467286847770        12.162120000000000     
  0.68000000715255737        1366358874255119.8        1.9451867194180368        12.130990000000001     
  0.68999999761581421        1391622016130044.2        1.9529744359247516        12.099760000000000     
  0.69999998807907104        1416985414224488.0        1.9602990873084374        12.068580000000001     
  0.70999997854232788        1442532457005396.5        1.9672083824179831        12.037350000000000     
  0.71999996900558472        1468299968439655.2        1.9737114115030061        12.006130000000001     
  0.72999995946884155        1494174625738850.0        1.9798243020867234        11.974959999999999     
  0.74000000953674316        1520202280681102.5        1.9855587761811120        11.943880000000000     
  0.75000000000000000        1546434486820051.5        1.9909475065697844        11.912820000000000     
  0.75999999046325684        1572865304806199.2        1.9960022286987109        11.881810000000000     
  0.76999998092651367        1599377254306484.0        2.0007128645350556        11.851020000000000     
  0.77999997138977051        1626189853678335.8        2.0051367602443833        11.820180000000001     
  0.78999996185302734        1653154737971305.5        2.0092506267023653        11.789550000000000     
  0.79999995231628418        1680169512800054.8        2.0130692830972023        11.759140000000000     
  0.81000000238418579        1707498479217226.0        2.0166307351891675        11.728750000000000     
  0.81999999284744263        1734827326847407.0        2.0199163713789265        11.698650000000001     
  0.82999998331069946        1762461694615743.5        2.0229616324399471        11.668640000000000     
  0.83999997377395630        1790145834132869.5        2.0257638024540450        11.638840000000000     
  0.84999996423721313        1818082039642672.8        2.0283410506778958        11.609190000000000     
  0.85999995470046997        1846178607588910.0        2.0307001656449488        11.579720000000000     
  0.87000000476837158        1874421758680748.0        2.0328449923248586        11.550509999999999     
  0.87999999523162842        1902864947063664.2        2.0347962836526419        11.521400000000000     
  0.88999998569488525        1931485365635587.8        2.0365566714067240        11.492480000000000     
  0.89999997615814209        1960252604927091.8        2.0381292605917976        11.463830000000000     
  0.90999996662139893        1989140531800386.0        2.0395254543682433        11.435420000000001     
  0.91999995708465576        2018357023487886.8        2.0407623512015518        11.407030000000001     
  0.93000000715255737        2047625425089995.5        2.0418305098415304        11.379030000000000     
  0.93999999761581421        2077072244751011.8        2.0427477380239414        11.351170000000000     
  0.94999998807907104        2106682040162241.5        2.0435184881840405        11.323499999999999     
  0.95999997854232788        2136492348012509.8        2.0441466123949188        11.296099999999999     
  0.96999996900558472        2166325225390868.2        2.0446400240007723        11.268929999999999     
  0.97999995946884155        2196667223808159.2        2.0450064831300234        11.241830000000000     
  0.98999994993209839        2226908966005930.8        2.0452473890931206        11.215080000000000     
   1.0000000000000000        2257325562652911.0        2.0453703540132113        11.188530000000000     
   1.0099999904632568        2288026772927815.5        2.0453801570293124        11.162120000000000     
   1.0199999809265137        2318858411317686.0        2.0452812272783416        11.135940000000000     
   1.0299999713897705        2349918833450203.5        2.0450781265480993        11.109970000000001     
   1.0399999618530273        2380963338126067.5        2.0447767573278486        11.084310000000000     
   1.0499999523162842        2412432149930038.0        2.0443784536969747        11.058730000000001     
   1.0599999427795410        2443859861435485.5        2.0438899630367602        11.033440000000001     
   1.0699999332427979        2475524671772876.5        2.0433143541756902        11.008350000000000     
   1.0799999237060547        2507439172363145.0        2.0426544768480355        10.983449999999999     
   1.0900000333786011        2539421856685645.5        2.0419147879110704        10.958769999999999     
   1.1000000238418579        2571628098123235.5        2.0410980805232590        10.934279999999999     
   1.1100000143051147        2603979259688566.0        2.0402108069044727        10.910069999999999     
   1.1200000047683716        2636607907662423.0        2.0392479663503242        10.885930000000000     
   1.1299999952316284        2669314242327708.5        2.0382213701107394        10.862080000000001     
   1.1399999856948853        2702035781727707.5        2.0371324664890613        10.838469999999999     
   1.1499999761581421        2735295901340147.0        2.0359751356136089        10.814920000000001     
   1.1599999666213989        2768360497567126.0        2.0347914396376301        10.792190000000000     
   1.1699999570846558        2801736078133798.0        2.0335618796799175        10.769810000000000     
   1.1799999475479126        2835373227652343.5        2.0322774980901341        10.747579999999999     
   1.1899999380111694        2869035322438778.5        2.0309580121883299        10.725780000000000     
   1.1999999284744263        2903021943281761.0        2.0295866755875451        10.704110000000000     
   1.2099999189376831        2936969839566019.5        2.0281816393209526        10.682810000000000     
   1.2200000286102295        2971323987355912.0        2.0267250652533955        10.661590000000000     
   1.2300000190734863        3005651289286075.5        2.0252401867216601        10.640739999999999     
   1.2400000095367432        3040302404550847.0        2.0237056305985157        10.619949999999999     
   1.2500000000000000        3074904579575758.0        2.0221463183126724        10.599520000000000     
   1.2599999904632568        3109839595746513.5        2.0205380537069564        10.579110000000000     
   1.2699999809265137        3145044020810479.0        2.0189013252609911        10.558970000000000     
   1.2799999713897705        3180213284925418.5        2.0172353670753647        10.539059999999999     
   1.2899999618530273        3215460710879746.5        2.0155414277164820        10.519370000000000     
   1.2999999523162842        3251174969704583.5        2.0138065521027300        10.499730000000000     
   1.3099999427795410        3286749772603217.5        2.0120543986288544        10.480399999999999     
   1.3199999332427979        3322512021371995.0        2.0102695121183061        10.461190000000000     
   1.3299999237060547        3358587630220264.5        2.0084612713405234        10.442170000000001     
   1.3399999141693115        3394970897372509.0        2.0066174801955330        10.423220000000001     
   1.3500000238418579        3431292395289978.0        2.0047574812856368        10.404520000000000     
   1.3600000143051147        3467905158906808.5        2.0028705495445878        10.385940000000000     
   1.3700000047683716        3504588244421690.0        2.0009616192990300        10.367520000000001     
   1.3799999952316284        3541334287041246.0        1.9990469517938301        10.349399999999999     
   1.3899999856948853        3578579710166558.0        1.9970900921344865        10.331230000000000     
   1.3999999761581421        3615441688888306.5        1.9951410397558669        10.313450000000000     
