        0.064725       0.996094       0.003418       0.004170       0.000000       0.000000       0.000000       0.000000       0.000000       0.000000       0.000000       0.000000       0.000000       0.000000       0.000000       0.000000
        0.129450       0.988281       0.011536       0.011324       0.000000       0.000000       0.000000       0.000000       0.000000       0.000000       0.000000       0.000000       0.000000       0.000000       0.000000       0.000000
        0.194175       0.980469       0.019226       0.019103       0.000000       0.000000       0.000000       0.000000       0.000000       0.000000       0.000000       0.000000       0.000000       0.000000       0.000000       0.000000
        0.258900       0.973877       0.026072       0.026192       0.000000       0.000000       0.000000       0.000000       0.000000       0.000000       0.000000       0.000000       0.000000       0.000000       0.000000       0.000000
        0.323625       0.968018       0.031920       0.031982       0.000000       0.000000       0.000000       0.000000       0.000000       0.000000       0.000000       0.000000       0.000000       0.000000       0.000000       0.000000
        0.388350       0.963379       0.036550       0.036470       0.000000       0.000000       0.000000       0.000000       0.000000       0.000000       0.000000       0.000000       0.000000       0.000000       0.000000       0.000000
        0.453074       0.959961       0.039961       0.039880       0.000000       0.000000       0.000000       0.000000       0.000000       0.000000       0.000000       0.000000       0.000000       0.000000       0.000000       0.000000
        0.517799       0.957520       0.042397       0.042457       0.000000       0.000000       0.000000       0.000000       0.000000       0.000000       0.000000       0.000000       0.000000       0.000000       0.000000       0.000000
        0.582524       0.955566       0.044347       0.044352       0.000000       0.000000       0.000000       0.000000       0.000000       0.000000       0.000000       0.000000       0.000000       0.000000       0.000000       0.000000
        0.647249       0.954102       0.045809       0.045838       0.000000       0.000000       0.000000       0.000000       0.000000       0.000000       0.000000       0.000000       0.000000       0.000000       0.000000       0.000000
        0.711974       0.953003       0.047066       0.047051       0.000000       0.000000       0.000000       0.000000       0.000000       0.000000       0.000000       0.000000       0.000000       0.000000       0.000000       0.000000
        0.776699       0.951416       0.048655       0.047920       0.000813       0.000000       0.000000       0.000000       0.000000       0.000000       0.000000       0.000000       0.000000       0.000000       0.000000       0.000000
        0.841424       0.949463       0.050611       0.048562       0.002079       0.000000       0.000000       0.000000       0.000000       0.000000       0.000000       0.000000       0.000000       0.000000       0.000000       0.000000
        0.906149       0.947327       0.052660       0.049159       0.003490       0.000000       0.000000       0.000000       0.000000       0.000000       0.000000       0.000000       0.000000       0.000000       0.000000       0.000000
        0.970874       0.945190       0.054796       0.049783       0.004974       0.000000       0.000000       0.000000       0.000000       0.000000       0.000000       0.000000       0.000000       0.000000       0.000000       0.000000
        1.035599       0.942993       0.056993       0.050444       0.006494       0.000000       0.000000       0.000000       0.000000       0.000000       0.000000       0.000000       0.000000       0.000000       0.000000       0.000000
        1.100324       0.940918       0.059068       0.051094       0.008002       0.000000       0.000000       0.000000       0.000000       0.000000       0.000000       0.000000       0.000000       0.000000       0.000000       0.000000
        1.165049       0.939209       0.060776       0.051479       0.009339       0.000000       0.000000       0.000000       0.000000       0.000000       0.000000       0.000000       0.000000       0.000000       0.000000       0.000000
        1.229774       0.937988       0.061997       0.051566       0.010462       0.000000       0.000000       0.000000       0.000000       0.000000       0.000000       0.000000       0.000000       0.000000       0.000000       0.000000
        1.294498       0.937012       0.062973       0.051491       0.011432       0.000000       0.000000       0.000000       0.000000       0.000000       0.000000       0.000000       0.000000       0.000000       0.000000       0.000000
        1.359223       0.936279       0.063705       0.051387       0.012329       0.000000       0.000000       0.000000       0.000000       0.000000       0.000000       0.000000       0.000000       0.000000       0.000000       0.000000
        1.423948       0.935547       0.064437       0.051246       0.013148       0.000000       0.000000       0.000000       0.000000       0.000000       0.000000       0.000000       0.000000       0.000000       0.000000       0.000000
        1.488673       0.934937       0.065048       0.051147       0.013943       0.000000       0.000000       0.000000       0.000000       0.000000       0.000000       0.000000       0.000000       0.000000       0.000000       0.000000
        1.553398       0.934326       0.065714       0.051033       0.014682       0.000000       0.000000       0.000000       0.000000       0.000000       0.000000       0.000000       0.000000       0.000000       0.000000       0.000000
        1.618123       0.933655       0.066329       0.050943       0.015394       0.000000       0.000000       0.000000       0.000000       0.000000       0.000000       0.000000       0.000000       0.000000       0.000000       0.000000
        1.682848       0.933044       0.066939       0.050875       0.016080       0.000000       0.000000       0.000000       0.000000       0.000000       0.000000       0.000000       0.000000       0.000000       0.000000       0.000000
        1.747573       0.932434       0.067549       0.050823       0.016742       0.000000       0.000000       0.000000       0.000000       0.000000       0.000000       0.000000       0.000000       0.000000       0.000000       0.000000
        1.812298       0.931824       0.068160       0.050787       0.017380       0.000000       0.000000       0.000000       0.000000       0.000000       0.000000       0.000000       0.000000       0.000000       0.000000       0.000000
        1.877023       0.931213       0.068770       0.050765       0.017998       0.000000       0.000000       0.000000       0.000000       0.000000       0.000000       0.000000       0.000000       0.000000       0.000000       0.000000
        1.941748       0.930603       0.069380       0.050757       0.018596       0.000000       0.000000       0.000000       0.000000       0.000000       0.000000       0.000000       0.000000       0.000000       0.000000       0.000000
        2.006473       0.930054       0.069959       0.050777       0.019189       0.000000       0.000000       0.000000       0.000000       0.000000       0.000000       0.000000       0.000000       0.000000       0.000000       0.000000
        2.071197       0.929443       0.070539       0.050801       0.019760       0.000000       0.000000       0.000000       0.000000       0.000000       0.000000       0.000000       0.000000       0.000000       0.000000       0.000000
        2.135922       0.928833       0.071150       0.050825       0.020307       0.000000       0.000000       0.000000       0.000000       0.000000       0.000000       0.000000       0.000000       0.000000       0.000000       0.000000
        2.200647       0.928284       0.071729       0.050872       0.020851       0.000000       0.000000       0.000000       0.000000       0.000000       0.000000       0.000000       0.000000       0.000000       0.000000       0.000000
        2.265372       0.923309       0.071692       0.050578       0.021119       0.005007       0.000000       0.000000       0.000000       0.000000       0.000000       0.000000       0.000000       0.000000       0.000000       0.000000
        2.330097       0.914490       0.071132       0.049981       0.021137       0.014354       0.000000       0.000000       0.000000       0.000000       0.000000       0.000000       0.000000       0.000000       0.000000       0.000000
        2.394822       0.904968       0.070444       0.049342       0.021101       0.024596       0.000000       0.000000       0.000000       0.000000       0.000000       0.000000       0.000000       0.000000       0.000000       0.000000
        2.459547       0.895203       0.069714       0.048692       0.021035       0.035060       0.000000       0.000000       0.000000       0.000000       0.000000       0.000000       0.000000       0.000000       0.000000       0.000000
        2.524272       0.883209       0.071205       0.047270       0.020365       0.041994       0.000000       0.000000       0.000000       0.000000       0.003580       0.000000       0.000000       0.000000       0.000000       0.000000
        2.588997       0.870743       0.073545       0.045614       0.019498       0.047271       0.000000       0.000000       0.000000       0.000000       0.008441       0.000000       0.000000       0.000000       0.000000       0.000000
        2.653722       0.858643       0.075961       0.044001       0.018646       0.052097       0.000000       0.000000       0.000000       0.000000       0.013316       0.000000       0.000000       0.000000       0.000000       0.000000
        2.718447       0.846985       0.078368       0.042459       0.017831       0.056610       0.000000       0.000000       0.000000       0.000000       0.018059       0.000000       0.000000       0.000000       0.000000       0.000000
        2.783172       0.835754       0.080699       0.040998       0.017062       0.060863       0.000000       0.000000       0.000000       0.000000       0.022661       0.000000       0.000000       0.000000       0.000000       0.000000
        2.847897       0.825027       0.083017       0.039610       0.016335       0.064916       0.000000       0.000000       0.000000       0.000000       0.027050       0.000000       0.000000       0.000000       0.000000       0.000000
        2.912621       0.814713       0.085239       0.038303       0.015654       0.068767       0.000000       0.000000       0.000000       0.000000       0.031282       0.000000       0.000000       0.000000       0.000000       0.000000
        2.977346       0.804825       0.087411       0.037062       0.015011       0.072448       0.000000       0.000000       0.000000       0.000000       0.035316       0.000000       0.000000       0.000000       0.000000       0.000000
        3.042071       0.795334       0.089498       0.035893       0.014411       0.075973       0.000000       0.000000       0.000000       0.000000       0.039214       0.000000       0.000000       0.000000       0.000000       0.000000
        3.106796       0.786224       0.091540       0.034782       0.013844       0.079346       0.000000       0.000000       0.000000       0.000000       0.042900       0.000000       0.000000       0.000000       0.000000       0.000000
        3.171521       0.777481       0.093502       0.033736       0.013314       0.082571       0.000000       0.000000       0.000000       0.000000       0.046432       0.000000       0.000000       0.000000       0.000000       0.000000
        3.236246       0.769104       0.095394       0.032747       0.012818       0.085675       0.000000       0.000000       0.000000       0.000000       0.049840       0.000000       0.000000       0.000000       0.000000       0.000000
        3.300971       0.761047       0.097229       0.031809       0.012350       0.088651       0.000000       0.000000       0.000000       0.000000       0.053083       0.000000       0.000000       0.000000       0.000000       0.000000
        3.365696       0.753296       0.099013       0.030917       0.011908       0.091515       0.000000       0.000000       0.000000       0.000000       0.056182       0.000000       0.000000       0.000000       0.000000       0.000000
        3.430421       0.745850       0.100726       0.030075       0.011495       0.094263       0.000000       0.000000       0.000000       0.000000       0.059158       0.000000       0.000000       0.000000       0.000000       0.000000
        3.495146       0.738693       0.102390       0.029274       0.011106       0.096911       0.000000       0.000000       0.000000       0.000000       0.062008       0.000000       0.000000       0.000000       0.000000       0.000000
        3.559871       0.731796       0.103990       0.028516       0.010740       0.099457       0.000000       0.000000       0.000000       0.000000       0.064750       0.000000       0.000000       0.000000       0.000000       0.000000
        3.624596       0.725159       0.105550       0.027792       0.010394       0.101913       0.000000       0.000000       0.000000       0.000000       0.067362       0.000000       0.000000       0.000000       0.000000       0.000000
        3.689321       0.718796       0.107063       0.027107       0.010069       0.104282       0.000000       0.000000       0.000000       0.000000       0.069871       0.000000       0.000000       0.000000       0.000000       0.000000
        3.754045       0.712631       0.108504       0.026455       0.009763       0.106556       0.000000       0.000000       0.000000       0.000000       0.072299       0.000000       0.000000       0.000000       0.000000       0.000000
        3.818770       0.706711       0.109917       0.025833       0.009473       0.108757       0.000000       0.000000       0.000000       0.000000       0.074615       0.000000       0.000000       0.000000       0.000000       0.000000
        3.883495       0.700989       0.111287       0.025241       0.009200       0.110882       0.000000       0.000000       0.000000       0.000000       0.076843       0.000000       0.000000       0.000000       0.000000       0.000000
        3.948220       0.695473       0.112609       0.024677       0.008942       0.112928       0.000000       0.000000       0.000000       0.000000       0.078981       0.000000       0.000000       0.000000       0.000000       0.000000
        4.012945       0.690155       0.113888       0.024139       0.008698       0.114908       0.000000       0.000000       0.000000       0.000000       0.081048       0.000000       0.000000       0.000000       0.000000       0.000000
        4.077670       0.685020       0.115128       0.023627       0.008469       0.116817       0.000000       0.000000       0.000000       0.000000       0.083028       0.000000       0.000000       0.000000       0.000000       0.000000
        4.142395       0.680069       0.116331       0.023137       0.008250       0.118666       0.000000       0.000000       0.000000       0.000000       0.084941       0.000000       0.000000       0.000000       0.000000       0.000000
        4.207120       0.675278       0.117492       0.022670       0.008045       0.120448       0.000000       0.000000       0.000000       0.000000       0.086777       0.000000       0.000000       0.000000       0.000000       0.000000
        4.271845       0.670654       0.118620       0.022223       0.007850       0.122175       0.000000       0.000000       0.000000       0.000000       0.088554       0.000000       0.000000       0.000000       0.000000       0.000000
        4.336570       0.666183       0.119713       0.021796       0.007665       0.123844       0.000000       0.000000       0.000000       0.000000       0.090262       0.000000       0.000000       0.000000       0.000000       0.000000
        4.401295       0.661865       0.120774       0.021388       0.007491       0.125457       0.000000       0.000000       0.000000       0.000000       0.091904       0.000000       0.000000       0.000000       0.000000       0.000000
        4.466020       0.657684       0.121811       0.020996       0.007324       0.127026       0.000000       0.000000       0.000000       0.000000       0.093493       0.000000       0.000000       0.000000       0.000000       0.000000
        4.530744       0.653641       0.122805       0.020623       0.007168       0.128532       0.000000       0.000000       0.000000       0.000000       0.095016       0.000000       0.000000       0.000000       0.000000       0.000000
        4.595469       0.649719       0.123775       0.020263       0.007019       0.130001       0.000000       0.000000       0.000000       0.000000       0.096503       0.000000       0.000000       0.000000       0.000000       0.000000
        4.660194       0.645935       0.124715       0.019920       0.006878       0.131418       0.000000       0.000000       0.000000       0.000000       0.097926       0.000000       0.000000       0.000000       0.000000       0.000000
        4.724919       0.642265       0.125635       0.019589       0.006743       0.132798       0.000000       0.000000       0.000000       0.000000       0.099302       0.000000       0.000000       0.000000       0.000000       0.000000
        4.789644       0.638725       0.126521       0.019275       0.006617       0.134126       0.000000       0.000000       0.000000       0.000000       0.100625       0.000000       0.000000       0.000000       0.000000       0.000000
        4.854369       0.635277       0.127388       0.018970       0.006495       0.135422       0.000000       0.000000       0.000000       0.000000       0.101911       0.000000       0.000000       0.000000       0.000000       0.000000
        4.919094       0.631943       0.128228       0.018678       0.006380       0.136680       0.000000       0.000000       0.000000       0.000000       0.103159       0.000000       0.000000       0.000000       0.000000       0.000000
        4.983819       0.628716       0.129035       0.018401       0.006273       0.137886       0.000000       0.000000       0.000000       0.000000       0.104354       0.000000       0.000000       0.000000       0.000000       0.000000
        5.048544       0.625587       0.129823       0.018133       0.006170       0.139067       0.000000       0.000000       0.000000       0.000000       0.105530       0.000000       0.000000       0.000000       0.000000       0.000000
        5.113269       0.622551       0.130593       0.017875       0.006072       0.140211       0.000000       0.000000       0.000000       0.000000       0.106650       0.000000       0.000000       0.000000       0.000000       0.000000
        5.177993       0.619606       0.131338       0.017627       0.005980       0.141318       0.000000       0.000000       0.000000       0.000000       0.107736       0.000000       0.000000       0.000000       0.000000       0.000000
        5.242719       0.616753       0.132067       0.017389       0.005891       0.142398       0.000000       0.000000       0.000000       0.000000       0.108791       0.000000       0.000000       0.000000       0.000000       0.000000
        5.307444       0.613983       0.132774       0.017160       0.005808       0.143440       0.000000       0.000000       0.000000       0.000000       0.109799       0.000000       0.000000       0.000000       0.000000       0.000000
        5.372168       0.611290       0.133462       0.016939       0.005728       0.144458       0.000000       0.000000       0.000000       0.000000       0.110791       0.000000       0.000000       0.000000       0.000000       0.000000
        5.436893       0.608681       0.134128       0.016727       0.005652       0.145446       0.000000       0.000000       0.000000       0.000000       0.111756       0.000000       0.000000       0.000000       0.000000       0.000000
        5.501618       0.606148       0.134775       0.016524       0.005581       0.146399       0.000000       0.000000       0.000000       0.000000       0.112676       0.000000       0.000000       0.000000       0.000000       0.000000
        5.566343       0.603683       0.135417       0.016325       0.005512       0.147337       0.000000       0.000000       0.000000       0.000000       0.113572       0.000000       0.000000       0.000000       0.000000       0.000000
        5.631068       0.601295       0.136031       0.016135       0.005447       0.148239       0.000000       0.000000       0.000000       0.000000       0.114441       0.000000       0.000000       0.000000       0.000000       0.000000
        5.695793       0.598969       0.136622       0.015955       0.005387       0.149112       0.000000       0.000000       0.000000       0.000000       0.115287       0.000000       0.000000       0.000000       0.000000       0.000000
        5.760518       0.596733       0.137211       0.015780       0.005330       0.149966       0.000000       0.000000       0.000000       0.000000       0.116092       0.000000       0.000000       0.000000       0.000000       0.000000
        5.825243       0.594536       0.137774       0.015610       0.005274       0.150797       0.000000       0.000000       0.000000       0.000000       0.116895       0.000000       0.000000       0.000000       0.000000       0.000000
        5.889968       0.592407       0.138334       0.015446       0.005222       0.151607       0.000000       0.000000       0.000000       0.000000       0.117657       0.000000       0.000000       0.000000       0.000000       0.000000
        5.954693       0.590340       0.138872       0.015288       0.005172       0.152392       0.000000       0.000000       0.000000       0.000000       0.118405       0.000000       0.000000       0.000000       0.000000       0.000000
        6.019418       0.588326       0.139390       0.015137       0.005126       0.153152       0.000000       0.000000       0.000000       0.000000       0.119131       0.000000       0.000000       0.000000       0.000000       0.000000
        6.084143       0.586372       0.139902       0.014991       0.005082       0.153894       0.000000       0.000000       0.000000       0.000000       0.119831       0.000000       0.000000       0.000000       0.000000       0.000000
        6.148868       0.584404       0.140429       0.014846       0.005037       0.154613       0.000000       0.000000       0.000092       0.000000       0.120445       0.000000       0.000000       0.000000       0.000000       0.000000
        6.213592       0.582359       0.141009       0.014697       0.004989       0.155317       0.000000       0.000000       0.000396       0.000000       0.120924       0.000000       0.000000       0.000000       0.000000       0.000000
        6.278317       0.580307       0.141601       0.014552       0.004941       0.155995       0.000000       0.000000       0.000785       0.000000       0.121318       0.000000       0.000000       0.000000       0.000000       0.000000
        6.343042       0.578255       0.142192       0.014406       0.004893       0.156652       0.000000       0.000000       0.001225       0.000000       0.121666       0.000000       0.000000       0.000000       0.000000       0.000000
        6.407767       0.576241       0.142786       0.014266       0.004847       0.157294       0.000000       0.000000       0.001705       0.000000       0.121973       0.000000       0.000000       0.000000       0.000000       0.000000
        6.472492       0.574242       0.143380       0.014127       0.004801       0.157918       0.000000       0.000000       0.002210       0.000000       0.122239       0.000000       0.000000       0.000000       0.000000       0.000000
        6.537217       0.572289       0.143969       0.013993       0.004758       0.158526       0.000000       0.000000       0.002741       0.000000       0.122479       0.000000       0.000000       0.000000       0.000000       0.000000
        6.601942       0.570351       0.144552       0.013860       0.004714       0.159117       0.000000       0.000000       0.003287       0.000000       0.122693       0.000000       0.000000       0.000000       0.000000       0.000000
        6.666667       0.568459       0.145126       0.013733       0.004674       0.159683       0.000000       0.000000       0.003849       0.000000       0.122867       0.000000       0.000000       0.000000       0.000000       0.000000
        6.731392       0.566582       0.145699       0.013606       0.004632       0.160250       0.000000       0.000000       0.004420       0.000000       0.123049       0.000000       0.000000       0.000000       0.000000       0.000000
        6.796117       0.564751       0.146262       0.013484       0.004593       0.160790       0.000000       0.000000       0.005002       0.000000       0.123188       0.000000       0.000000       0.000000       0.000000       0.000000
        6.860841       0.562950       0.146821       0.013364       0.004555       0.161320       0.000000       0.000000       0.005592       0.000000       0.123313       0.000000       0.000000       0.000000       0.000000       0.000000
        6.925566       0.561180       0.147371       0.013247       0.004518       0.161835       0.000000       0.000000       0.006186       0.000000       0.123420       0.000000       0.000000       0.000000       0.000000       0.000000
        6.990291       0.559456       0.147918       0.013134       0.004483       0.162337       0.000000       0.000000       0.006790       0.000000       0.123506       0.000000       0.000000       0.000000       0.000000       0.000000
        7.055017       0.557747       0.148448       0.013024       0.004449       0.162819       0.000000       0.000000       0.007394       0.000000       0.123578       0.000000       0.000000       0.000000       0.000000       0.000000
        7.119742       0.556084       0.148979       0.012916       0.004416       0.163296       0.000000       0.000000       0.008005       0.000000       0.123638       0.000000       0.000000       0.000000       0.000000       0.000000
        7.184466       0.554443       0.149497       0.012811       0.004384       0.163755       0.000000       0.000000       0.008616       0.000000       0.123687       0.000000       0.000000       0.000000       0.000000       0.000000
        7.249191       0.552834       0.150016       0.012707       0.004353       0.164208       0.000000       0.000000       0.009227       0.000000       0.123720       0.000000       0.000000       0.000000       0.000000       0.000000
        7.313916       0.551262       0.150513       0.012610       0.004324       0.164638       0.000000       0.000000       0.009847       0.000000       0.123738       0.000000       0.000000       0.000000       0.000000       0.000000
        7.378641       0.549713       0.151015       0.012512       0.004295       0.165064       0.000000       0.000000       0.010461       0.000000       0.123745       0.000000       0.000000       0.000000       0.000000       0.000000
        7.443366       0.548195       0.151506       0.012417       0.004268       0.165477       0.000000       0.000000       0.011078       0.000000       0.123743       0.000000       0.000000       0.000000       0.000000       0.000000
        7.508091       0.546700       0.151995       0.012323       0.004240       0.165888       0.000000       0.000000       0.011693       0.000000       0.123742       0.000000       0.000000       0.000000       0.000000       0.000000
        7.572816       0.545242       0.152466       0.012234       0.004215       0.166272       0.000000       0.000000       0.012312       0.000000       0.123712       0.000000       0.000000       0.000000       0.000000       0.000000
        7.637540       0.543808       0.152937       0.012146       0.004191       0.166651       0.000000       0.000000       0.012928       0.000000       0.123673       0.000000       0.000000       0.000000       0.000000       0.000000
        7.702265       0.542397       0.153401       0.012060       0.004166       0.167022       0.000000       0.000000       0.013541       0.000000       0.123631       0.000000       0.000000       0.000000       0.000000       0.000000
        7.766990       0.541023       0.153859       0.011977       0.004144       0.167383       0.000000       0.000000       0.014158       0.000000       0.123580       0.000000       0.000000       0.000000       0.000000       0.000000
