   9.9999997764825821E-003   16797534613677.498       0.24816394831424932        73.337840000000000     
   1.9999999552965164E-002   33667729744270.953       0.19382928789174078        64.503119999999996     
   2.9999999329447746E-002   50566144209164.758       0.16793511367665695        57.989609999999999     
   3.9999999105930328E-002   67510484694048.555       0.15764032441696318        54.967810000000000     
   4.9999997019767761E-002   84452605347057.641       0.15397553194822564        53.993490000000001     
   5.9999998658895493E-002   101400219898352.00       0.15250629489019751        53.724249999999998     
   7.0000000298023224E-002   118353848041012.61       0.15133728092899365        53.676870000000001     
   7.9999998211860657E-002   135316555964217.69       0.14953508271311700        53.835580000000000     
   8.9999996125698090E-002   152288722301497.62       0.14545548210647463        53.937109999999997     
   9.9999994039535522E-002   169280102434402.22       0.13543880646445433        52.607100000000003     
  0.10999999940395355        186325545496108.50       0.11683265294605774        46.771349999999998     
  0.11999999731779099        203379823340192.41       0.10062791397619751        35.416020000000003     
  0.12999999523162842        220470212429221.56       0.10159800055546783        24.944890000000001     
  0.14000000059604645        237585294363786.91       0.11654057416129684        18.918759999999999     
  0.14999999105930328        254772583939869.00       0.14005879953923894        15.775219999999999     
  0.15999999642372131        272020722151553.78       0.17107098183880928        14.034810000000000     
  0.17000000178813934        289347764621313.81       0.21738558182557630        12.919560000000001     
  0.17999999225139618        306788812904679.81       0.30181643524220697        12.246840000000001     
  0.18999999761581421        324409526510347.44       0.42964307082554676        12.128539999999999     
  0.19999998807907104        342253737837608.81       0.58002522196745265        12.329829999999999     
  0.20999999344348907        360349153951870.06       0.73525381689893510        12.624800000000000     
  0.21999999880790710        378694171228767.00       0.88562635916683141        12.918650000000000     
  0.22999998927116394        397303251984326.06        1.0268035645145430        13.180850000000000     
  0.23999999463558197        416186285235460.75        1.1570520655691350        13.404510000000000     
  0.25000000000000000        435274315134504.25        1.2756245527231675        13.590460000000000     
  0.25999999046325684        454638079333972.62        1.3833453136954736        13.743570000000000     
  0.26999998092651367        474247673209145.69        1.4807547451725376        13.868130000000001     
  0.28000000119209290        494099176789354.88        1.5686802420641748        13.968410000000000     
  0.28999999165534973        514188610710437.00        1.6479817970413748        14.048180000000000     
  0.29999998211860657        534511758034248.69        1.7194891401314998        14.110650000000000     
  0.31000000238418579        555088871942576.62        1.7840589489561849        14.158569999999999     
  0.31999999284744263        575852540818623.50        1.8422150413882450        14.194080000000000     
  0.32999998331069946        596852952165643.62        1.8947652106634323        14.219200000000001     
  0.34000000357627869        618098718040408.50        1.9422996749769557        14.235490000000000     
  0.34999999403953552        639528841323578.25        1.9817035733972863        14.243650000000001     
  0.35999998450279236        661117070090373.38        2.0143411478633704        14.245910000000000     
  0.37000000476837158        682932835336420.62        2.0431443783974492        14.243679999999999     
  0.37999999523162842        704861923370881.50        2.0687433624116673        14.237640000000001     
  0.38999998569488525        726980833015284.88        2.0900312896218245        14.229080000000000     
  0.39999997615814209        749245494296358.88        2.1086344806420709        14.218270000000000     
  0.40999999642372131        771652640571879.62        2.1253736126271576        14.205240000000000     
  0.41999998688697815        794171743585429.62        2.1404525377166399        14.190239999999999     
  0.42999997735023499        816818186252207.62        2.1540929383461962        14.173410000000001     
  0.43999999761581421        839619645940872.25        2.1664001203080852        14.154990000000000     
  0.44999998807907104        862553374942848.00        2.1775092087485191        14.135130000000000     
  0.45999997854232788        885592705578890.62        2.1875250986365993        14.114020000000000     
  0.46999999880790710        908816156049358.12        2.1965496448058741        14.091770000000000     
  0.47999998927116394        932109156302442.12        2.2046537895663323        14.068550000000000     
  0.48999997973442078        955518864773153.38        2.2119133995977562        14.044490000000000     
  0.50000000000000000        979109485829561.00        2.2184186205702234        14.019629999999999     
  0.50999999046325684        1002791335294251.1        2.2242097435915889        13.994140000000000     
  0.51999998092651367        1026584369381536.1        2.2293477768169776        13.968100000000000     
  0.52999997138977051        1050495358949842.9        2.2338838548237510        13.941580000000000     
  0.53999996185302734        1074546279592312.4        2.2378718684186345        13.914619999999999     
  0.55000001192092896        1098708978792326.4        2.2413447247828229        13.887330000000000     
  0.56000000238418579        1122971340276909.5        2.2443446767597313        13.859750000000000     
  0.56999999284744263        1147373157687695.8        2.2469076637037366        13.831930000000000     
  0.57999998331069946        1171862283536096.5        2.2490630321274123        13.803940000000001     
  0.58999997377395630        1196488014422941.2        2.2508460653647342        13.775760000000000     
  0.59999996423721313        1221228612329069.2        2.2522773089924772        13.747520000000000     
  0.61000001430511475        1246059488347560.2        2.2533854817190404        13.719200000000001     
  0.62000000476837158        1271025306386636.2        2.2541936056423419        13.690820000000000     
  0.62999999523162842        1296095181828909.8        2.2547219904898808        13.662450000000000     
  0.63999998569488525        1321278023698627.0        2.2549911035854024        13.634060000000000     
  0.64999997615814209        1346539621342682.2        2.2550184889881817        13.605750000000000     
  0.65999996662139893        1371941981569830.0        2.2548212312597609        13.577460000000000     
  0.66999995708465576        1397436164140210.2        2.2544150235856129        13.549270000000000     
  0.68000000715255737        1423039987102315.8        2.2538140232221053        13.521160000000000     
  0.68999999761581421        1448765091581161.8        2.2530311257001729        13.493140000000000     
  0.69999998807907104        1474548876833043.8        2.2520809780961657        13.465280000000000     
  0.70999997854232788        1500472949520058.5        2.2509729255761193        13.437540000000000     
  0.71999996900558472        1526484924579637.2        2.2497189215613176        13.409950000000000     
  0.72999995946884155        1552595255266896.0        2.2483278518162098        13.382500000000000     
  0.74000000953674316        1578822353565277.0        2.2468090899712463        13.355200000000000     
  0.75000000000000000        1605137354236222.0        2.2451719461284751        13.328080000000000     
  0.75999999046325684        1631562826807821.8        2.2434227187653359        13.301100000000000     
  0.76999998092651367        1658072638142287.5        2.2415752228955546        13.274369999999999     
  0.77999997138977051        1684713709100649.5        2.2396281760825913        13.247769999999999     
  0.78999996185302734        1711427002548901.8        2.2375935212379878        13.221380000000000     
  0.79999995231628418        1738228792304668.2        2.2354769043027551        13.195200000000000     
  0.81000000238418579        1765158990796572.0        2.2332809019098372        13.169180000000001     
  0.81999999284744263        1792147513700542.0        2.2310166880500106        13.143409999999999     
  0.82999998331069946        1819249121818946.0        2.2286822376518276        13.117800000000001     
  0.83999997377395630        1846462508494894.2        2.2262857781845833        13.092400000000000     
  0.84999996423721313        1873728280233411.2        2.2238360687164658        13.067250000000000     
  0.85999995470046997        1901138378164719.0        2.2213277073832343        13.042240000000000     
  0.87000000476837158        1928590407903479.8        2.2187680430512517        13.017429999999999     
  0.87999999523162842        1956157185874534.0        2.2161737523606266        12.992929999999999     
  0.88999998569488525        1983827902461795.5        2.2135312227934221        12.968590000000001     
  0.89999997615814209        2011584977190751.8        2.2108469947481999        12.944430000000001     
  0.90999996662139893        2039428885209362.5        2.2081282376076303        12.920489999999999     
  0.91999995708465576        2067353093233180.5        2.2053733932751745        12.896730000000000     
  0.93000000715255737        2095376607180597.8        2.2025975512090210        12.873260000000000     
  0.93999999761581421        2123505366401112.2        2.1997909482927027        12.849980000000000     
  0.94999998807907104        2151662159351255.5        2.1969591054332143        12.826900000000000     
  0.95999997854232788        2180003784857762.8        2.1941099182133965        12.804069999999999     
  0.96999996900558472        2208388411254633.0        2.1912507495402154        12.781540000000000     
  0.97999995946884155        2236807723452569.0        2.1883709662982587        12.759200000000000     
  0.98999994993209839        2265385259921120.0        2.1854783565899250        12.737090000000000     
   1.0000000000000000        2293995106450938.5        2.1825731892943230        12.715199999999999     
   1.0099999904632568        2322769591748829.0        2.1796531366968175        12.693500000000000     
   1.0199999809265137        2351554767875815.5        2.1767222822871579        12.672020000000000     
   1.0299999713897705        2380442100814160.5        2.1737849259079107        12.650760000000000     
   1.0399999618530273        2409438480209280.5        2.1708353672474279        12.629670000000001     
   1.0499999523162842        2438465031499848.5        2.1678825860981941        12.608820000000000     
   1.0599999427795410        2467609181910468.5        2.1649233992098686        12.588150000000001     
   1.0699999332427979        2496842422563551.5        2.1619517990996777        12.567640000000001     
   1.0799999237060547        2526188748431069.0        2.1589832358145680        12.547359999999999     
   1.0900000333786011        2555548616015441.0        2.1560163236694345        12.527300000000000     
   1.1000000238418579        2585034635383141.0        2.1530407153655191        12.507389999999999     
   1.1100000143051147        2614575771914179.0        2.1500657296295898        12.487679999999999     
   1.1200000047683716        2644199346616243.0        2.1470873274525868        12.468130000000000     
   1.1299999952316284        2673948122805716.5        2.1441143605483495        12.448800000000000     
   1.1399999856948853        2703720893967159.5        2.1411419153295745        12.429639999999999     
   1.1499999761581421        2733595109218021.0        2.1381737497921662        12.410679999999999     
   1.1599999666213989        2763561028025125.5        2.1352024058808485        12.391859999999999     
   1.1699999570846558        2793583014291487.0        2.1322427217143947        12.373270000000000     
   1.1799999475479126        2823688151450814.5        2.1292809442136438        12.354810000000001     
   1.1899999380111694        2853841040980102.5        2.1263262601348250        12.336539999999999     
   1.1999999284744263        2884161895313182.0        2.1233731074508158        12.318420000000000     
