        0.064725       4.344033       0.600417       0.000000      21.175171     490.043386       0.996243       3.084507       0.967245
        0.129450       4.344033       0.600417       0.000000      37.215149     486.741269       0.992662       6.025039       0.936020
        0.194175       4.344033       0.600417       0.000000      50.709961     482.861377       0.989239       8.835809       0.906172
        0.258900       4.344033       0.600417       0.000000      62.004822     478.342816       0.985952      11.534448       0.877515
        0.323625       4.344033       0.600417       0.000000      71.389709     473.229694       0.982798      14.124770       0.850008
        0.388350       4.344033       0.600417       0.000000      79.257080     467.601109       0.979763      16.616421       0.823549
        0.453074       4.344033       0.600417       0.000000      85.959045     461.522506       0.976841      19.015364       0.798075
        0.517799       4.344033       0.600417       0.000000      91.767273     455.086823       0.974027      21.326543       0.773532
        0.582524       4.344033       0.600417       0.000000      96.840820     448.397689       0.971313      23.554392       0.749874
        0.647249       4.344033       0.600417       0.000000     101.410217     441.521911       0.968698      25.702311       0.727066
        0.711974       4.344033       0.600417       0.000000     105.598633     434.527757       0.966171      27.777143       0.705033
        0.776699       4.344033       0.600417       0.000000     109.371765     427.456126       0.963737      29.775574       0.683811
        0.841424       4.344033       0.600417       0.000000     112.827942     420.393042       0.961389      31.703581       0.663338
        0.906149       4.344033       0.600417       0.000000     116.122070     413.390160       0.959127      33.560356       0.643620
        0.970874       4.344033       0.600417       0.000000     119.323975     406.486167       0.956948      35.350180       0.624614
        1.035599       4.344033       0.600417       0.000000     122.456360     399.728335       0.954870      37.056235       0.606498
        1.100324       4.344033       0.600417       0.000000     125.490479     393.201606       0.953013      38.580463       0.590312
        1.165049       4.344033       0.600417       0.000000     128.224243     387.097036       0.951663      39.689623       0.578533
        1.229774       4.344033       0.600417       0.000000     130.630066     381.430438       0.950838      40.366350       0.571347
        1.294498       4.344033       0.600417       0.000000     132.817810     376.080485       0.950316      40.795491       0.566790
        1.359223       4.344033       0.600417       0.000000     134.905212     370.955205       0.949950      41.095783       0.563601
        1.423948       4.344033       0.600417       0.000000     136.888000     366.008247       0.949674      41.322622       0.561192
        1.488673       4.344033       0.600417       0.000000     138.841797     361.219349       0.949454      41.503095       0.559276
        1.553398       4.344033       0.600417       0.000000     140.720154     356.585448       0.949272      41.652794       0.557686
        1.618123       4.344033       0.600417       0.000000     142.564209     352.092274       0.949117      41.779576       0.556340
        1.682848       4.344033       0.600417       0.000000     144.376099     347.715786       0.948983      41.889913       0.555168
        1.747573       4.344033       0.600417       0.000000     146.153992     343.464655       0.948864      41.987172       0.554136
        1.812298       4.344033       0.600417       0.000000     147.901245     339.329833       0.948759      42.074099       0.553212
        1.877023       4.344033       0.600417       0.000000     149.619934     335.298329       0.948663      42.152634       0.552379
        1.941748       4.344033       0.600417       0.000000     151.312134     331.368788       0.948576      42.224323       0.551617
        2.006473       4.344033       0.600417       0.000000     152.995300     327.535826       0.948495      42.290185       0.550918
        2.071197       4.344033       0.600417       0.000000     154.648132     323.793595       0.948421      42.350925       0.550273
        2.135922       4.344033       0.600417       0.000000     156.266357     320.145558       0.948353      42.407433       0.549673
        2.200647       4.344033       0.600417       0.000000     157.878418     316.574039       0.948288      42.460344       0.549111
        2.265372       4.344033       0.600417       0.000000     159.103149     313.543799       0.948230      42.508065       0.548604
        2.330097       4.344033       0.600417       0.000000     159.969849     311.020765       0.948178      42.550939       0.548149
        2.394822       4.344033       0.600417       0.000000     160.746216     308.700772       0.948128      42.591586       0.547717
        2.459547       4.344033       0.600417       0.000000     161.466431     306.518311       0.948082      42.629776       0.547312
        2.524272       4.344033       0.600417       0.000000     161.269653     304.878721       0.948039      42.664583       0.546942
        2.588997       4.344033       0.600417       0.000000     160.714233     303.472447       0.947999      42.697645       0.546591
        2.653722       4.344033       0.600417       0.000000     160.109863     302.155285       0.947961      42.729082       0.546257
        2.718447       4.344033       0.600417       0.000000     159.492798     300.897029       0.947924      42.759546       0.545934
        2.783172       4.344033       0.600417       0.000000     158.883545     299.685611       0.947890      42.787551       0.545636
        2.847897       4.344033       0.600417       0.000000     158.278442     298.525732       0.947855      42.816135       0.545333
        2.912621       4.344033       0.600417       0.000000     157.694824     297.401481       0.947821      42.844200       0.545035
        2.977346       4.344033       0.600417       0.000000     157.119629     296.315956       0.947790      42.869735       0.544764
        3.042071       4.344033       0.600417       0.000000     156.569336     295.263632       0.947757      42.896152       0.544483
        3.106796       4.344033       0.600417       0.000000     156.028076     294.245581       0.947728      42.920568       0.544224
        3.171521       4.344033       0.600417       0.000000     155.512085     293.259652       0.947698      42.945011       0.543964
        3.236246       4.344033       0.600417       0.000000     155.018799     292.304064       0.947670      42.968163       0.543718
        3.300971       4.344033       0.600417       0.000000     154.540649     291.372962       0.947642      42.990977       0.543476
        3.365696       4.344033       0.600417       0.000000     154.076172     290.472684       0.947615      43.013182       0.543240
        3.430421       4.344033       0.600417       0.000000     153.636719     289.594797       0.947589      43.034860       0.543010
        3.495146       4.344033       0.600417       0.000000     153.213135     288.746575       0.947563      43.055978       0.542786
        3.559871       4.344033       0.600417       0.000000     152.809937     287.917305       0.947537      43.076908       0.542564
        3.624596       4.344033       0.600417       0.000000     152.418945     287.113147       0.947513      43.096859       0.542352
        3.689321       4.344033       0.600417       0.000000     152.049683     286.333553       0.947489      43.116183       0.542147
        3.754045       4.344033       0.600417       0.000000     151.698853     285.569318       0.947467      43.134967       0.541947
        3.818770       4.344033       0.600417       0.000000     151.359741     284.830996       0.947445      43.152846       0.541757
        3.883495       4.344033       0.600417       0.000000     151.038208     284.109939       0.947421      43.172277       0.541551
        3.948220       4.344033       0.600417       0.000000     150.732910     283.409539       0.947399      43.190160       0.541361
        4.012945       4.344033       0.600417       0.000000     150.443726     282.725821       0.947378      43.207557       0.541176
        4.077670       4.344033       0.600417       0.000000     150.171143     282.058911       0.947356      43.225881       0.540982
        4.142395       4.344033       0.600417       0.000000     149.910400     281.412850       0.947337      43.241696       0.540814
        4.207120       4.344033       0.600417       0.000000     149.666016     280.780687       0.947316      43.258260       0.540638
        4.271845       4.344033       0.600417       0.000000     149.435547     280.166806       0.947297      43.274223       0.540468
        4.336570       4.344033       0.600417       0.000000     149.218140     279.568716       0.947278      43.290074       0.540300
        4.401295       4.344033       0.600417       0.000000     149.015503     278.985066       0.947258      43.305997       0.540131
        4.466020       4.344033       0.600417       0.000000     148.821045     278.418699       0.947240      43.321013       0.539971
        4.530744       4.344033       0.600417       0.000000     148.645142     277.866372       0.947221      43.336513       0.539807
        4.595469       4.344033       0.600417       0.000000     148.476562     277.323814       0.947203      43.351171       0.539651
        4.660194       4.344033       0.600417       0.000000     148.324219     276.798457       0.947185      43.366264       0.539491
        4.724919       4.344033       0.600417       0.000000     148.177856     276.284932       0.947168      43.379808       0.539347
        4.789644       4.344033       0.600417       0.000000     148.050903     275.787262       0.947150      43.394786       0.539188
        4.854369       4.344033       0.600417       0.000000     147.926392     275.299426       0.947134      43.407906       0.539049
        4.919094       4.344033       0.600417       0.000000     147.814453     274.823900       0.947119      43.420035       0.538920
        4.983819       4.344033       0.600417       0.000000     147.721558     274.362903       0.947101      43.435228       0.538759
        5.048544       4.344033       0.600417       0.000000     147.634766     273.909275       0.947086      43.447781       0.538625
        5.113269       4.344033       0.600417       0.000000     147.556274     273.473059       0.947070      43.461018       0.538485
        5.177993       4.344033       0.600417       0.000000     147.489502     273.041492       0.947054      43.473960       0.538347
        5.242719       4.344033       0.600417       0.000000     147.430542     272.626330       0.947038      43.486695       0.538212
        5.307444       4.344033       0.600417       0.000000     147.383179     272.217755       0.947022      43.500197       0.538069
        5.372168       4.344033       0.600417       0.000000     147.340942     271.821429       0.947008      43.511610       0.537947
        5.436893       4.344033       0.600417       0.000000     147.310791     271.434949       0.946994      43.523233       0.537824
        5.501618       4.344033       0.600417       0.000000     147.291138     271.058252       0.946978      43.535808       0.537691
        5.566343       4.344033       0.600417       0.000000     147.272583     270.688028       0.946964      43.547488       0.537566
        5.631068       4.344033       0.600417       0.000000     147.265503     270.329223       0.946953      43.556800       0.537468
        5.695793       4.344033       0.600417       0.000000     147.273560     269.980410       0.946936      43.570713       0.537320
        5.760518       4.344033       0.600417       0.000000     147.287354     269.639637       0.946921      43.582811       0.537191
        5.825243       4.344033       0.600417       0.000000     147.305176     269.309232       0.946909      43.593006       0.537083
        5.889968       4.344033       0.600417       0.000000     147.328369     268.984003       0.946896      43.603883       0.536968
        5.954693       4.344033       0.600417       0.000000     147.359985     268.669228       0.946884      43.613093       0.536870
        6.019418       4.344033       0.600417       0.000000     147.405640     268.361606       0.946869      43.625566       0.536737
        6.084143       4.344033       0.600417       0.000000     147.455200     268.064111       0.946854      43.637580       0.536610
        6.148868       4.344033       0.600417       0.000000     147.494629     267.771489       0.946843      43.646851       0.536511
        6.213592       4.344033       0.600417       0.000000     147.516602     267.492048       0.946831      43.657153       0.536402
        6.278317       4.344033       0.600417       0.000000     147.535400     267.220234       0.946816      43.668808       0.536278
        6.343042       4.344033       0.600417       0.000000     147.546387     266.953747       0.946806      43.677107       0.536190
        6.407767       4.344033       0.600417       0.000000     147.564087     266.694926       0.946793      43.688051       0.536074
        6.472492       4.344033       0.600417       0.000000     147.576660     266.443595       0.946781      43.697819       0.535970
        6.537217       4.344033       0.600417       0.000000     147.597900     266.199364       0.946768      43.708938       0.535852
        6.601942       4.344033       0.600417       0.000000     147.612915     265.959385       0.946757      43.717494       0.535761
        6.666667       4.344033       0.600417       0.000000     147.640137     265.725157       0.946743      43.728958       0.535639
        6.731392       4.344033       0.600417       0.000000     147.657837     265.496106       0.946733      43.736967       0.535554
        6.796117       4.344033       0.600417       0.000000     147.684570     265.276131       0.946722      43.746044       0.535458
        6.860841       4.344033       0.600417       0.000000     147.712646     265.061116       0.946711      43.755520       0.535357
        6.925566       4.344033       0.600417       0.000000     147.742065     264.851206       0.946701      43.763727       0.535270
        6.990291       4.344033       0.600417       0.000000     147.779297     264.645042       0.946688      43.774184       0.535159
        7.055017       4.344033       0.600417       0.000000     147.818726     264.446596       0.946676      43.784132       0.535054
        7.119742       4.344033       0.600417       0.000000     147.858276     264.250570       0.946666      43.792510       0.534965
        7.184466       4.344033       0.600417       0.000000     147.901855     264.061427       0.946656      43.800834       0.534876
        7.249191       4.344033       0.600417       0.000000     147.942993     263.873596       0.946647      43.808120       0.534799
        7.313916       4.344033       0.600417       0.000000     148.000122     263.695045       0.946634      43.819018       0.534683
        7.378641       4.344033       0.600417       0.000000     148.050415     263.520108       0.946624      43.827148       0.534597
        7.443366       4.344033       0.600417       0.000000     148.106201     263.349328       0.946613      43.836172       0.534501
        7.508091       4.344033       0.600417       0.000000     148.157715     263.181948       0.946605      43.842815       0.534430
        7.572816       4.344033       0.600417       0.000000     148.225464     263.021948       0.946592      43.853106       0.534321
        7.637540       4.344033       0.600417       0.000000     148.288330     262.860807       0.946581      43.861727       0.534230
        7.702265       4.344033       0.600417       0.000000     148.352539     262.707896       0.946572      43.869401       0.534148
        7.766990       4.344033       0.600417       0.000000     148.424927     262.558626       0.946561      43.878750       0.534049
