        0.064725       0.984375       0.013672       0.003788       0.000000       0.000000       0.000000       0.000000       0.000000       0.000000       0.000000       0.000000       0.000000       0.000000       0.000000       0.000000
        0.129450       0.984375       0.013672       0.011076       0.000000       0.000000       0.000000       0.000000       0.000000       0.000000       0.000000       0.000000       0.000000       0.000000       0.000000       0.000000
        0.194175       0.976562       0.020508       0.018787       0.000000       0.000000       0.000000       0.000000       0.000000       0.000000       0.000000       0.000000       0.000000       0.000000       0.000000       0.000000
        0.258900       0.976562       0.025635       0.026422       0.000000       0.000000       0.000000       0.000000       0.000000       0.000000       0.000000       0.000000       0.000000       0.000000       0.000000       0.000000
        0.323625       0.968750       0.030762       0.032241       0.000000       0.000000       0.000000       0.000000       0.000000       0.000000       0.000000       0.000000       0.000000       0.000000       0.000000       0.000000
        0.388350       0.964844       0.036530       0.036587       0.000000       0.000000       0.000000       0.000000       0.000000       0.000000       0.000000       0.000000       0.000000       0.000000       0.000000       0.000000
        0.453074       0.958984       0.040375       0.039704       0.000000       0.000000       0.000000       0.000000       0.000000       0.000000       0.000000       0.000000       0.000000       0.000000       0.000000       0.000000
        0.517799       0.957031       0.042297       0.042444       0.000000       0.000000       0.000000       0.000000       0.000000       0.000000       0.000000       0.000000       0.000000       0.000000       0.000000       0.000000
        0.582524       0.955078       0.044220       0.044348       0.000000       0.000000       0.000000       0.000000       0.000000       0.000000       0.000000       0.000000       0.000000       0.000000       0.000000       0.000000
        0.647249       0.953125       0.046143       0.045659       0.000000       0.000000       0.000000       0.000000       0.000000       0.000000       0.000000       0.000000       0.000000       0.000000       0.000000       0.000000
        0.711974       0.953125       0.047424       0.046950       0.000000       0.000000       0.000000       0.000000       0.000000       0.000000       0.000000       0.000000       0.000000       0.000000       0.000000       0.000000
        0.776699       0.951172       0.048065       0.048051       0.000847       0.000000       0.000000       0.000000       0.000000       0.000000       0.000000       0.000000       0.000000       0.000000       0.000000       0.000000
        0.841424       0.950195       0.050388       0.048608       0.002095       0.000000       0.000000       0.000000       0.000000       0.000000       0.000000       0.000000       0.000000       0.000000       0.000000       0.000000
        0.906149       0.947266       0.052631       0.049163       0.003492       0.000000       0.000000       0.000000       0.000000       0.000000       0.000000       0.000000       0.000000       0.000000       0.000000       0.000000
        0.970874       0.945312       0.055328       0.049719       0.004944       0.000000       0.000000       0.000000       0.000000       0.000000       0.000000       0.000000       0.000000       0.000000       0.000000       0.000000
        1.035599       0.942871       0.057017       0.050456       0.006499       0.000000       0.000000       0.000000       0.000000       0.000000       0.000000       0.000000       0.000000       0.000000       0.000000       0.000000
        1.100324       0.940430       0.059454       0.051143       0.008028       0.000000       0.000000       0.000000       0.000000       0.000000       0.000000       0.000000       0.000000       0.000000       0.000000       0.000000
        1.165049       0.938477       0.061403       0.052149       0.009721       0.000000       0.000000       0.000000       0.000000       0.000000       0.000000       0.000000       0.000000       0.000000       0.000000       0.000000
        1.229774       0.935547       0.064327       0.052822       0.011205       0.000000       0.000000       0.000000       0.000000       0.000000       0.000000       0.000000       0.000000       0.000000       0.000000       0.000000
        1.294498       0.933594       0.066730       0.053873       0.012893       0.000000       0.000000       0.000000       0.000000       0.000000       0.000000       0.000000       0.000000       0.000000       0.000000       0.000000
        1.359223       0.930664       0.069201       0.054854       0.014520       0.000000       0.000000       0.000000       0.000000       0.000000       0.000000       0.000000       0.000000       0.000000       0.000000       0.000000
        1.423948       0.927734       0.072124       0.055738       0.016060       0.000000       0.000000       0.000000       0.000000       0.000000       0.000000       0.000000       0.000000       0.000000       0.000000       0.000000
        1.488673       0.925781       0.074581       0.056963       0.017805       0.000000       0.000000       0.000000       0.000000       0.000000       0.000000       0.000000       0.000000       0.000000       0.000000       0.000000
        1.553398       0.922852       0.077525       0.057908       0.019341       0.000000       0.000000       0.000000       0.000000       0.000000       0.000000       0.000000       0.000000       0.000000       0.000000       0.000000
        1.618123       0.919922       0.079922       0.059049       0.020992       0.000000       0.000000       0.000000       0.000000       0.000000       0.000000       0.000000       0.000000       0.000000       0.000000       0.000000
        1.682848       0.916992       0.082846       0.060002       0.022489       0.000000       0.000000       0.000000       0.000000       0.000000       0.000000       0.000000       0.000000       0.000000       0.000000       0.000000
        1.747573       0.914551       0.085282       0.061191       0.024138       0.000000       0.000000       0.000000       0.000000       0.000000       0.000000       0.000000       0.000000       0.000000       0.000000       0.000000
        1.812298       0.912109       0.088019       0.062247       0.025671       0.000000       0.000000       0.000000       0.000000       0.000000       0.000000       0.000000       0.000000       0.000000       0.000000       0.000000
        1.877023       0.909180       0.090643       0.063216       0.027120       0.000000       0.000000       0.000000       0.000000       0.000000       0.000000       0.000000       0.000000       0.000000       0.000000       0.000000
        1.941748       0.906738       0.093080       0.064292       0.028632       0.000000       0.000000       0.000000       0.000000       0.000000       0.000000       0.000000       0.000000       0.000000       0.000000       0.000000
        2.006473       0.904297       0.095516       0.065312       0.030085       0.000000       0.000000       0.000000       0.000000       0.000000       0.000000       0.000000       0.000000       0.000000       0.000000       0.000000
        2.071197       0.902344       0.097799       0.066423       0.031592       0.000000       0.000000       0.000000       0.000000       0.000000       0.000000       0.000000       0.000000       0.000000       0.000000       0.000000
        2.135922       0.899902       0.100244       0.067305       0.032905       0.000000       0.000000       0.000000       0.000000       0.000000       0.000000       0.000000       0.000000       0.000000       0.000000       0.000000
        2.200647       0.897461       0.102339       0.068249       0.034250       0.000000       0.000000       0.000000       0.000000       0.000000       0.000000       0.000000       0.000000       0.000000       0.000000       0.000000
        2.265372       0.895508       0.104645       0.069130       0.035531       0.000000       0.000000       0.000000       0.000000       0.000000       0.000000       0.000000       0.000000       0.000000       0.000000       0.000000
        2.330097       0.893066       0.106725       0.069963       0.036757       0.000000       0.000000       0.000000       0.000000       0.000000       0.000000       0.000000       0.000000       0.000000       0.000000       0.000000
        2.394822       0.891113       0.108674       0.070780       0.037956       0.000000       0.000000       0.000000       0.000000       0.000000       0.000000       0.000000       0.000000       0.000000       0.000000       0.000000
        2.459547       0.889160       0.110623       0.071559       0.039111       0.000037       0.000000       0.000000       0.000000       0.000000       0.000000       0.000000       0.000000       0.000000       0.000000       0.000000
        2.524272       0.882568       0.111583       0.071822       0.039827       0.005835       0.000000       0.000000       0.000000       0.000000       0.000000       0.000000       0.000000       0.000000       0.000000       0.000000
        2.588997       0.874023       0.112167       0.071848       0.040332       0.013892       0.000000       0.000000       0.000000       0.000000       0.000000       0.000000       0.000000       0.000000       0.000000       0.000000
        2.653722       0.864990       0.112596       0.071730       0.040698       0.022554       0.000000       0.000000       0.000000       0.000000       0.000000       0.000000       0.000000       0.000000       0.000000       0.000000
        2.718447       0.855713       0.112689       0.071676       0.041101       0.031586       0.000000       0.000000       0.000000       0.000000       0.000000       0.000000       0.000000       0.000000       0.000000       0.000000
        2.783172       0.846436       0.112849       0.071498       0.041384       0.040663       0.000000       0.000000       0.000000       0.000000       0.000000       0.000000       0.000000       0.000000       0.000000       0.000000
        2.847897       0.837158       0.112987       0.071283       0.041620       0.049757       0.000000       0.000000       0.000000       0.000000       0.000000       0.000000       0.000000       0.000000       0.000000       0.000000
        2.912621       0.828369       0.112926       0.071115       0.041881       0.058739       0.000000       0.000000       0.000000       0.000000       0.000000       0.000000       0.000000       0.000000       0.000000       0.000000
        2.977346       0.819336       0.113003       0.070827       0.042026       0.067562       0.000000       0.000000       0.000000       0.000000       0.000000       0.000000       0.000000       0.000000       0.000000       0.000000
        3.042071       0.810791       0.112851       0.070669       0.042267       0.076345       0.000000       0.000000       0.000000       0.000000       0.000000       0.000000       0.000000       0.000000       0.000000       0.000000
        3.106796       0.802246       0.112878       0.070348       0.042357       0.084818       0.000000       0.000000       0.000000       0.000000       0.000000       0.000000       0.000000       0.000000       0.000000       0.000000
        3.171521       0.793213       0.113617       0.069560       0.042040       0.091110       0.000000       0.000000       0.000000       0.000000       0.002016       0.000000       0.000000       0.000000       0.000000       0.000000
        3.236246       0.784180       0.114707       0.068544       0.041517       0.096526       0.000000       0.000000       0.000000       0.000000       0.004673       0.000000       0.000000       0.000000       0.000000       0.000000
        3.300971       0.775269       0.115795       0.067500       0.040956       0.101579       0.000000       0.000000       0.000000       0.000000       0.007404       0.000000       0.000000       0.000000       0.000000       0.000000
        3.365696       0.766724       0.116909       0.066424       0.040357       0.106358       0.000000       0.000000       0.000000       0.000000       0.010048       0.000000       0.000000       0.000000       0.000000       0.000000
        3.430421       0.758423       0.117972       0.065381       0.039774       0.110981       0.000000       0.000000       0.000000       0.000000       0.012691       0.000000       0.000000       0.000000       0.000000       0.000000
        3.495146       0.750366       0.118920       0.064386       0.039220       0.115355       0.000000       0.000000       0.000000       0.000000       0.015284       0.000000       0.000000       0.000000       0.000000       0.000000
        3.559871       0.742554       0.119892       0.063393       0.038657       0.119698       0.000000       0.000000       0.000000       0.000000       0.017825       0.000000       0.000000       0.000000       0.000000       0.000000
        3.624596       0.735107       0.120757       0.062447       0.038125       0.123761       0.000000       0.000000       0.000000       0.000000       0.020262       0.000000       0.000000       0.000000       0.000000       0.000000
        3.689321       0.727783       0.121653       0.061487       0.037571       0.127817       0.000000       0.000000       0.000000       0.000000       0.022592       0.000000       0.000000       0.000000       0.000000       0.000000
        3.754045       0.720825       0.122497       0.060561       0.037037       0.131720       0.000000       0.000000       0.000000       0.000000       0.024883       0.000000       0.000000       0.000000       0.000000       0.000000
        3.818770       0.714111       0.123366       0.059650       0.036508       0.135597       0.000000       0.000000       0.000000       0.000000       0.027048       0.000000       0.000000       0.000000       0.000000       0.000000
        3.883495       0.707520       0.124086       0.058781       0.036005       0.139265       0.000000       0.000000       0.000000       0.000000       0.029225       0.000000       0.000000       0.000000       0.000000       0.000000
        3.948220       0.701172       0.124737       0.057963       0.035539       0.142782       0.000000       0.000000       0.000000       0.000000       0.031320       0.000000       0.000000       0.000000       0.000000       0.000000
        4.012945       0.694824       0.125561       0.057071       0.035002       0.146315       0.000000       0.000000       0.000333       0.000000       0.033058       0.000000       0.000000       0.000000       0.000000       0.000000
        4.077670       0.688354       0.126359       0.056211       0.034485       0.149633       0.000000       0.000000       0.001286       0.000000       0.034494       0.000000       0.000000       0.000000       0.000000       0.000000
        4.142395       0.681885       0.127215       0.055325       0.033940       0.152845       0.000000       0.000000       0.002379       0.000000       0.035593       0.000000       0.000000       0.000000       0.000000       0.000000
        4.207120       0.675598       0.128101       0.054441       0.033390       0.156084       0.000000       0.000000       0.003602       0.000000       0.036672       0.000000       0.000000       0.000000       0.000000       0.000000
        4.271845       0.669434       0.128911       0.053600       0.032870       0.159138       0.000000       0.000000       0.004878       0.000000       0.037580       0.000000       0.000000       0.000000       0.000000       0.000000
        4.336570       0.663574       0.129794       0.052747       0.032335       0.162183       0.000000       0.000000       0.006184       0.000000       0.038388       0.000000       0.000000       0.000000       0.000000       0.000000
        4.401295       0.657654       0.130506       0.051943       0.031835       0.165042       0.000000       0.000000       0.007543       0.000000       0.039208       0.000000       0.000000       0.000000       0.000000       0.000000
        4.466020       0.651978       0.131294       0.051133       0.031325       0.167936       0.000000       0.000000       0.008899       0.000000       0.039929       0.000000       0.000000       0.000000       0.000000       0.000000
        4.530744       0.646362       0.132015       0.050354       0.030837       0.170706       0.000000       0.000000       0.010234       0.000000       0.040569       0.000000       0.000000       0.000000       0.000000       0.000000
        4.595469       0.640991       0.132755       0.049574       0.030342       0.173433       0.000000       0.000000       0.011588       0.000000       0.041169       0.000000       0.000000       0.000000       0.000000       0.000000
        4.660194       0.635742       0.133451       0.048824       0.029869       0.176083       0.000000       0.000000       0.012941       0.000000       0.041730       0.000000       0.000000       0.000000       0.000000       0.000000
        4.724919       0.630615       0.134106       0.048104       0.029416       0.178696       0.000000       0.000000       0.014307       0.000000       0.042318       0.000000       0.000000       0.000000       0.000000       0.000000
        4.789644       0.625610       0.134763       0.047384       0.028959       0.181214       0.000000       0.000000       0.015623       0.000000       0.042750       0.000000       0.000000       0.000000       0.000000       0.000000
        4.854369       0.620850       0.135384       0.046700       0.028528       0.183644       0.000000       0.000000       0.016976       0.000000       0.043207       0.000000       0.000000       0.000000       0.000000       0.000000
        4.919094       0.616089       0.135976       0.046008       0.028087       0.185983       0.000000       0.000000       0.018259       0.000000       0.043596       0.000000       0.000000       0.000000       0.000000       0.000000
        4.983819       0.611511       0.136560       0.045351       0.027672       0.188327       0.000000       0.000000       0.019572       0.000000       0.043981       0.000000       0.000000       0.000000       0.000000       0.000000
        5.048544       0.607056       0.137161       0.044690       0.027250       0.190649       0.000000       0.000000       0.020860       0.000000       0.044322       0.000000       0.000000       0.000000       0.000000       0.000000
        5.113269       0.602722       0.137698       0.044058       0.026848       0.192799       0.000000       0.000000       0.022115       0.000000       0.044617       0.000000       0.000000       0.000000       0.000000       0.000000
        5.177993       0.598450       0.138278       0.043418       0.026437       0.195035       0.000000       0.000000       0.023349       0.000000       0.044874       0.000000       0.000000       0.000000       0.000000       0.000122
        5.242719       0.594360       0.138820       0.042807       0.026048       0.197170       0.000000       0.000000       0.024599       0.000000       0.045148       0.000000       0.000000       0.000000       0.000000       0.000121
        5.307444       0.590637       0.140138       0.041943       0.025440       0.199733       0.000000       0.000000       0.025236       0.000000       0.044239       0.000000       0.000000       0.000000       0.000000       0.003216
        5.372168       0.587036       0.141370       0.041128       0.024872       0.202207       0.000000       0.000000       0.025924       0.000000       0.043445       0.000000       0.000000       0.000000       0.000000       0.006001
        5.436893       0.583557       0.142650       0.040308       0.024297       0.204673       0.000000       0.000000       0.026553       0.000000       0.042569       0.000000       0.000000       0.000000       0.000000       0.008952
        5.501618       0.580139       0.143911       0.039498       0.023727       0.207070       0.000000       0.000000       0.027148       0.000000       0.041688       0.000000       0.000000       0.000000       0.000000       0.011834
        5.566343       0.576782       0.145016       0.038757       0.023214       0.209345       0.000000       0.000000       0.027839       0.000000       0.041005       0.000000       0.000000       0.000000       0.000000       0.014194
        5.631068       0.573486       0.146054       0.038048       0.022725       0.211501       0.000000       0.000000       0.028515       0.000000       0.040339       0.000000       0.000000       0.000000       0.000000       0.016501
        5.695793       0.570312       0.147141       0.037336       0.022231       0.213706       0.000000       0.000000       0.029185       0.000000       0.039667       0.000000       0.000000       0.000000       0.000000       0.018754
        5.760518       0.567200       0.148161       0.036657       0.021764       0.215797       0.000000       0.000000       0.029845       0.000000       0.039017       0.000000       0.000000       0.000000       0.000000       0.020958
        5.825243       0.564087       0.149133       0.035990       0.021304       0.217876       0.000000       0.000000       0.030527       0.000000       0.038485       0.000000       0.000000       0.000000       0.000000       0.022895
        5.889968       0.561096       0.150016       0.035371       0.020882       0.219758       0.000000       0.000000       0.031219       0.000000       0.037925       0.000000       0.000000       0.000000       0.000000       0.024575
        5.954693       0.558167       0.150923       0.034753       0.020459       0.221659       0.000000       0.000000       0.031876       0.000000       0.037362       0.000000       0.000000       0.000000       0.000000       0.026431
        6.019418       0.555298       0.151713       0.034189       0.020079       0.223445       0.000000       0.000000       0.032590       0.000000       0.036908       0.000000       0.000000       0.000000       0.000000       0.028037
        6.084143       0.552490       0.152575       0.033599       0.019676       0.225273       0.000000       0.000000       0.033256       0.000000       0.036408       0.000000       0.000000       0.000000       0.000000       0.029609
        6.148868       0.549744       0.153367       0.033045       0.019302       0.226996       0.000000       0.000000       0.033927       0.000000       0.035938       0.000000       0.000000       0.000000       0.000000       0.031147
        6.213592       0.547058       0.154088       0.032526       0.018954       0.228657       0.000000       0.000000       0.034644       0.000000       0.035553       0.000000       0.000000       0.000000       0.000000       0.032450
        6.278317       0.544434       0.154884       0.031984       0.018586       0.230325       0.000000       0.000000       0.035280       0.000000       0.035071       0.000000       0.000000       0.000000       0.000000       0.033928
        6.343042       0.541870       0.155609       0.031477       0.018246       0.231935       0.000000       0.000000       0.035965       0.000000       0.034677       0.000000       0.000000       0.000000       0.000000       0.035176
        6.407767       0.539307       0.156184       0.031020       0.017946       0.233366       0.000000       0.000000       0.036684       0.000000       0.034374       0.000000       0.000000       0.000000       0.000000       0.036202
        6.472492       0.536865       0.156913       0.030527       0.017614       0.234931       0.000000       0.000000       0.037343       0.000000       0.033971       0.000000       0.000000       0.000000       0.000000       0.037402
        6.537217       0.534485       0.157570       0.030070       0.017311       0.236398       0.000000       0.000000       0.038019       0.000000       0.033604       0.000000       0.000000       0.000000       0.000000       0.038579
        6.601942       0.532043       0.158097       0.029640       0.017029       0.237715       0.000000       0.000000       0.038718       0.000000       0.033341       0.000000       0.000000       0.000000       0.000000       0.039350
        6.666667       0.529785       0.158759       0.029197       0.016735       0.239147       0.000000       0.000000       0.039376       0.000000       0.032970       0.000000       0.000000       0.000000       0.000000       0.040485
        6.731392       0.527527       0.159320       0.028781       0.016461       0.240427       0.000000       0.000000       0.040058       0.000000       0.032659       0.000000       0.000000       0.000000       0.000000       0.041410
        6.796117       0.525269       0.159828       0.028389       0.016207       0.241701       0.000000       0.000000       0.040747       0.000000       0.032418       0.000000       0.000000       0.000000       0.000000       0.042132
        6.860841       0.523071       0.160364       0.027990       0.015945       0.242955       0.000000       0.000000       0.041422       0.000000       0.032152       0.000000       0.000000       0.000000       0.000000       0.042840
        6.925566       0.520996       0.160934       0.027599       0.015689       0.244207       0.000000       0.000000       0.042088       0.000000       0.031860       0.000000       0.000000       0.000000       0.000000       0.043717
        6.990291       0.518860       0.161369       0.027243       0.015461       0.245354       0.000000       0.000000       0.042793       0.000000       0.031663       0.000000       0.000000       0.000000       0.000000       0.044217
        7.055017       0.516846       0.161915       0.026865       0.015213       0.246497       0.000000       0.000000       0.043407       0.000000       0.031335       0.000000       0.000000       0.000000       0.000000       0.045065
        7.119742       0.514832       0.162409       0.026508       0.014981       0.247661       0.000000       0.000000       0.044071       0.000000       0.031098       0.000000       0.000000       0.000000       0.000000       0.045721
        7.184466       0.512878       0.162855       0.026175       0.014768       0.248745       0.000000       0.000000       0.044751       0.000000       0.030878       0.000000       0.000000       0.000000       0.000000       0.046365
        7.249191       0.510925       0.163246       0.025850       0.014561       0.249735       0.000000       0.000000       0.045442       0.000000       0.030724       0.000000       0.000000       0.000000       0.000000       0.046648
        7.313916       0.509033       0.163747       0.025507       0.014338       0.250793       0.000000       0.000000       0.046029       0.000000       0.030416       0.000000       0.000000       0.000000       0.000000       0.047445
        7.378641       0.507141       0.164141       0.025192       0.014137       0.251747       0.000000       0.000000       0.046674       0.000000       0.030218       0.000000       0.000000       0.000000       0.000000       0.047886
        7.443366       0.505310       0.164539       0.024890       0.013945       0.252776       0.000000       0.000000       0.047367       0.000000       0.030060       0.000000       0.000000       0.000000       0.000000       0.048319
        7.508091       0.503601       0.164949       0.024598       0.013761       0.253687       0.000000       0.000000       0.048022       0.000000       0.029855       0.000000       0.000000       0.000000       0.000000       0.048744
        7.572816       0.501770       0.165291       0.024309       0.013579       0.254571       0.000000       0.000000       0.048656       0.000000       0.029658       0.000000       0.000000       0.000000       0.000000       0.049162
        7.637540       0.500061       0.165644       0.024029       0.013403       0.255397       0.000000       0.000000       0.049302       0.000000       0.029514       0.000000       0.000000       0.000000       0.000000       0.049407
        7.702265       0.498413       0.166057       0.023744       0.013222       0.256308       0.000000       0.000000       0.049937       0.000000       0.029319       0.000000       0.000000       0.000000       0.000000       0.049813
        7.766990       0.496765       0.166387       0.023483       0.013059       0.257137       0.000000       0.000000       0.050604       0.000000       0.029182       0.000000       0.000000       0.000000       0.000000       0.050049
