   9.9999997764825821E-003   16768914373286.059       0.20974682656031787        67.312539999999998     
   1.9999999552965164E-002   33604783775876.969       0.15861325842614005        56.969420000000000     
   2.9999999329447746E-002   50428592586894.359       0.13837496242335962        49.876339999999999     
   3.9999999105930328E-002   67665776410849.531       0.13021414215634863        46.339820000000003     
   4.9999997019767761E-002   84425559034283.078       0.12728374666450709        45.157470000000004     
   5.9999998658895493E-002   101548391819942.73       0.12628916339933419        44.864269999999998     
   7.0000000298023224E-002   118280727224510.61       0.12535404851319226        44.747419999999998     
   7.9999998211860657E-002   135237785341506.11       0.12336778284058168        44.741970000000002     
   8.9999996125698090E-002   152196588142416.50       0.11923506776966354        44.498609999999999     
   9.9999994039535522E-002   169161582715178.12       0.11105118097433772        42.785739999999997     
  0.10999999940395355        186406023681800.62        9.8696176623281201E-002   37.191589999999998     
  0.11999999731779099        203227419632084.62        9.2085682646511555E-002   28.284260000000000     
  0.12999999523162842        220556377542057.66        9.8596268033291801E-002   21.054110000000001     
  0.14000000059604645        237564595730787.88       0.11519971410335741        16.864200000000000     
  0.14999999105930328        254873255913852.91       0.13930023110560955        14.547760000000000     
  0.15999999642372131        271991738126005.62       0.16859706100774921        13.282330000000000     
  0.17000000178813934        289292498974238.88       0.20252596210991641        12.557990000000000     
  0.17999999225139618        306702989304439.88       0.24083472269977968        12.136699999999999     
  0.18999999761581421        324126397719798.06       0.28166223835250598        11.903510000000001     
  0.19999998807907104        341839200939425.56       0.32627539477939355        11.776980000000000     
  0.20999999344348907        359310539905229.19       0.37232105700387935        11.722000000000000     
  0.21999999880790710        376998368160219.38       0.42028972000441484        11.710330000000001     
  0.22999998927116394        395047130684177.25       0.47096690030929744        11.726839999999999     
  0.23999999463558197        412948122192635.44       0.52163909367538785        11.760339999999999     
  0.25000000000000000        430760587696832.25       0.57289486871341433        11.803820000000000     
  0.25999999046325684        448850094158343.50       0.62469013735766277        11.852840000000000     
  0.26999998092651367        467113237502416.31       0.67715464049839513        11.904590000000001     
  0.28000000119209290        485606738516752.56       0.72956815636511019        11.956410000000000     
  0.28999999165534973        503902191922092.12       0.78065481368473522        12.005720000000000     
  0.29999998211860657        522504412728981.56       0.83175663881773898        12.053010000000000     
  0.31000000238418579        541221797522628.81       0.88195495658365697        12.096890000000000     
  0.31999999284744263        560298097206414.69       0.93183523172125904        12.137540000000000     
  0.32999998331069946        579258223214027.88       0.97972813590129859        12.173489999999999     
  0.34000000357627869        598166736274507.25        1.0260254990055631        12.205150000000000     
  0.34999999403953552        617630340939029.88        1.0718624178003677        12.233290000000000     
  0.35999998450279236        636868606683614.38        1.1154416480942169        12.256919999999999     
  0.37000000476837158        656277153578294.62        1.1576020538130043        12.276730000000001     
  0.37999999523162842        675951723936971.12        1.1984372626206961        12.292920000000001     
  0.38999998569488525        695781251924039.38        1.2312323484707839        12.303509999999999     
  0.39999997615814209        715832911582316.75        1.2600706930114596        12.310520000000000     
  0.40999999642372131        735724386984644.75        1.2860636696112071        12.314590000000001     
  0.41999998688697815        755879331930685.12        1.3104895400664436        12.316140000000001     
  0.42999997735023499        776044551951356.25        1.3331485915932160        12.315340000000001     
  0.43999999761581421        796412303789894.75        1.3545199257522074        12.312370000000000     
  0.44999998807907104        816736282622636.00        1.3744960644569109        12.307460000000001     
  0.45999997854232788        837192115014223.62        1.3933416607092490        12.300730000000000     
  0.46999999880790710        857914980559222.12        1.4113115748360228        12.292240000000000     
  0.47999998927116394        878528443286475.12        1.4281177464405244        12.282310000000001     
  0.48999997973442078        899365700702796.88        1.4432180380876545        12.271570000000001     
  0.50000000000000000        920391591859161.75        1.4573050578136151        12.259790000000001     
  0.50999999046325684        941413978799322.88        1.4705220292751460        12.247000000000000     
  0.51999998092651367        962362955379693.88        1.4830164957144667        12.233210000000000     
  0.52999997138977051        983538874504367.38        1.4949218197090046        12.218380000000000     
  0.53999996185302734        1004635978461208.1        1.5061309601099191        12.202760000000000     
  0.55000001192092896        1026140106039117.5        1.5169327787549907        12.186040000000000     
  0.56000000238418579        1047357244249304.1        1.5270488456913074        12.168780000000000     
  0.56999999284744263        1068966379526330.8        1.5368297960467263        12.150470000000000     
  0.57999998331069946        1090472882844039.2        1.5459849927978273        12.131779999999999     
  0.58999997377395630        1112349526422436.6        1.5548496847544149        12.112109999999999     
  0.59999996423721313        1134129358604023.2        1.5631884494117281        12.092070000000000     
  0.61000001430511475        1155906933832801.2        1.5710831653536736        12.071610000000000     
  0.62000000476837158        1177927903603989.8        1.5786275230976736        12.050580000000000     
  0.62999999523162842        1199990567608651.0        1.5856581400488958        12.029550000000000     
  0.63999998569488525        1221863172429390.0        1.5922936593832255        12.008300000000000     
  0.64999997615814209        1244249174620699.5        1.5986731481878564        11.986470000000001     
  0.65999996662139893        1266442860675277.5        1.6046707542069418        11.964570000000000     
  0.66999995708465576        1288792395260671.5        1.6103859150930213        11.942310000000001     
  0.68000000715255737        1311164974522116.5        1.6157773948045286        11.919969999999999     
  0.68999999761581421        1333813495961218.8        1.6209395594401892        11.897209999999999     
  0.69999998807907104        1356400248165546.0        1.6258163183055259        11.874359999999999     
  0.70999997854232788        1379090345051131.2        1.6304344027215574        11.851369999999999     
  0.71999996900558472        1401902554962386.5        1.6348177397347345        11.828220000000000     
  0.72999995946884155        1424980847731133.2        1.6389734856068279        11.804930000000001     
  0.74000000953674316        1447957933984441.2        1.6429243330161230        11.781430000000000     
  0.75000000000000000        1471032069208539.8        1.6466389514619963        11.757999999999999     
  0.75999999046325684        1493866017138956.0        1.6501119132194468        11.734780000000001     
  0.76999998092651367        1517208254599375.0        1.6534483222774561        11.711140000000000     
  0.77999997138977051        1540666190588006.8        1.6566045984260658        11.687410000000000     
  0.78999996185302734        1563793898744573.2        1.6595414201763006        11.664000000000000     
  0.79999995231628418        1587409821429840.5        1.6623347078628381        11.640370000000001     
  0.81000000238418579        1611016122368921.8        1.6649583953351377        11.616809999999999     
  0.81999999284744263        1634600328927871.8        1.6673712766352500        11.593790000000000     
  0.82999998331069946        1658334801029110.5        1.6696446058543863        11.570740000000001     
  0.83999997377395630        1682187703759330.8        1.6717794646698148        11.547680000000000     
  0.84999996423721313        1705963632520062.8        1.6737682420615094        11.524780000000000     
  0.85999995470046997        1729990676977552.0        1.6756457167679708        11.501690000000000     
  0.87000000476837158        1753869712845561.8        1.6773788751596166        11.478899999999999     
  0.87999999523162842        1778226509987156.5        1.6790224428401646        11.455730000000001     
  0.88999998569488525        1802464638925789.5        1.6805334198197202        11.432840000000001     
  0.89999997615814209        1826900429415702.0        1.6819316527867463        11.410030000000001     
  0.90999996662139893        1851075363675680.8        1.6832268231029652        11.387210000000000     
  0.91999995708465576        1875458175168074.8        1.6844127537588398        11.364599999999999     
  0.93000000715255737        1899952408857043.2        1.6855004200046517        11.342060000000000     
  0.93999999761581421        1924636464155954.5        1.6865011873231370        11.319419999999999     
  0.94999998807907104        1949258987794070.2        1.6874023427106364        11.297060000000000     
  0.95999997854232788        1974113621210552.0        1.6882206934795965        11.274660000000001     
  0.96999996900558472        1998920145896102.8        1.6889508246848288        11.252459999999999     
  0.97999995946884155        2023984913497808.2        1.6896037882097690        11.230210000000000     
  0.98999994993209839        2048678828116885.5        1.6901666977354337        11.208520000000000     
   1.0000000000000000        2074007540410263.5        1.6906676140955950        11.186389999999999     
   1.0099999904632568        2099330313354143.8        1.6910917062755459        11.164529999999999     
   1.0199999809265137        2124146340998890.8        1.6914387869671430        11.143230000000001     
   1.0299999713897705        2149800292070756.0        1.6917277585674435        11.121460000000001     
   1.0399999618530273        2174950586305226.5        1.6919459509121157        11.100330000000000     
   1.0499999523162842        2200503568435632.5        1.6921051879591191        11.079000000000001     
   1.0599999427795410        2226039445239485.8        1.6922039335649171        11.057869999999999     
   1.0699999332427979        2251735684479773.5        1.6922448904457623        11.036960000000001     
   1.0799999237060547        2277596800062114.0        1.6922300685803018        11.015900000000000     
   1.0900000333786011        2303085637217946.5        1.6921629763777197        10.995450000000000     
   1.1000000238418579        2329338749867126.5        1.6920419374806634        10.974580000000000     
   1.1100000143051147        2355420096528837.0        1.6918727850657442        10.954150000000000     
   1.1200000047683716        2381032709728199.0        1.6916595997795787        10.934170000000000     
   1.1299999952316284        2407252562020193.0        1.6913960395000169        10.913910000000000     
   1.1399999856948853        2433125556301528.5        1.6910937831739739        10.894150000000000     
   1.1499999761581421        2459890878451379.5        1.6907412786089531        10.874060000000000     
   1.1599999666213989        2486311243182412.0        1.6903483149639582        10.854179999999999     
   1.1699999570846558        2512451270617158.5        1.6899254491576048        10.834890000000000     
   1.1799999475479126        2538572292133513.0        1.6894646896592715        10.815690000000000     
   1.1899999380111694        2565476595061607.0        1.6889558262227267        10.796160000000000     
   1.1999999284744263        2592235502714001.0        1.6884161188812006        10.776960000000001     
