        0.064725       4.344033       1.144204       0.000000      20.508667     488.354108       0.992851       0.967289
        0.129450       4.344033       1.144204       0.000000      36.941223     483.516993       0.986040       0.936126
        0.194175       4.344033       1.144204       0.000000      50.428894     478.138856       0.979543       0.906399
        0.258900       4.344033       1.144204       0.000000      62.185852     472.049852       0.973175       0.877264
        0.323625       4.344033       1.144204       0.000000      71.581726     465.512894       0.967232       0.850071
        0.388350       4.344033       1.144204       0.000000      79.342102     458.548375       0.961386       0.823325
        0.453074       4.344033       1.144204       0.000000      85.832214     451.242289       0.955888       0.798169
        0.517799       4.344033       1.144204       0.000000      91.757874     443.465052       0.950528       0.773646
        0.582524       4.344033       1.144204       0.000000      96.838135     435.600954       0.945361       0.750004
        0.647249       4.344033       1.144204       0.000000     101.278076     427.642751       0.940378       0.727204
        0.711974       4.344033       1.144204       0.000000     105.523010     419.425423       0.935506       0.704913
        0.776699       4.344033       1.144204       0.000000     109.471008     411.232980       0.930942       0.684031
        0.841424       4.344033       1.144204       0.000000     112.864258     403.098983       0.926415       0.663317
        0.906149       4.344033       1.144204       0.000000     116.125183     395.075640       0.922115       0.643643
        0.970874       4.344033       1.144204       0.000000     119.272888     387.201696       0.917956       0.624617
        1.035599       4.344033       1.144204       0.000000     122.465454     379.573645       0.913946       0.606270
        1.100324       4.344033       1.144204       0.000000     125.530334     372.078587       0.910084       0.588598
        1.165049       4.344033       1.144204       0.000000     128.778687     364.700038       0.906370       0.571605
        1.229774       4.344033       1.144204       0.000000     131.682007     357.617875       0.902788       0.555214
        1.294498       4.344033       1.144204       0.000000     134.835327     350.659723       0.899317       0.539335
        1.359223       4.344033       1.144204       0.000000     137.872986     343.892322       0.896040       0.524341
        1.423948       4.344033       1.144204       0.000000     140.775635     337.447818       0.892858       0.509780
        1.488673       4.344033       1.144204       0.000000     143.915955     331.100728       0.889774       0.495669
        1.553398       4.344033       1.144204       0.000000     146.774841     324.912498       0.886839       0.482240
        1.618123       4.344033       1.144204       0.000000     149.757141     318.937793       0.884067       0.469560
        1.682848       4.344033       1.144204       0.000000     152.539490     313.264256       0.881368       0.457210
        1.747573       4.344033       1.144204       0.000000     155.484314     307.619038       0.878788       0.445407
        1.812298       4.344033       1.144204       0.000000     158.281067     302.224667       0.876292       0.433983
        1.877023       4.344033       1.144204       0.000000     160.969421     296.961944       0.873940       0.423222
        1.941748       4.344033       1.144204       0.000000     163.717529     291.848251       0.871671       0.412843
        2.006473       4.344033       1.144204       0.000000     166.387329     286.876924       0.869498       0.402902
        2.071197       4.344033       1.144204       0.000000     169.105957     282.041534       0.867400       0.393301
        2.135922       4.344033       1.144204       0.000000     171.602356     277.335903       0.865407       0.384181
        2.200647       4.344033       1.144204       0.000000     174.124512     272.715332       0.863525       0.375572
        2.265372       4.344033       1.144204       0.000000     176.568298     268.296795       0.861678       0.367120
        2.330097       4.344033       1.144204       0.000000     178.947266     264.012098       0.859935       0.359146
        2.394822       4.344033       1.144204       0.000000     181.289062     259.764484       0.858284       0.351592
        2.459547       4.344033       1.144204       0.000000     183.577026     255.656774       0.856682       0.344260
        2.524272       4.344033       1.144204       0.000000     185.399597     252.257950       0.855163       0.337310
        2.588997       4.344033       1.144204       0.000000     186.993835     249.168994       0.853677       0.330512
        2.653722       4.344033       1.144204       0.000000     188.435364     246.339375       0.852276       0.324103
        2.718447       4.344033       1.144204       0.000000     189.908142     243.673367       0.850895       0.317786
        2.783172       4.344033       1.144204       0.000000     191.244812     241.053109       0.849568       0.311713
        2.847897       4.344033       1.144204       0.000000     192.522522     238.659204       0.848264       0.305745
        2.912621       4.344033       1.144204       0.000000     193.817444     236.305006       0.847039       0.300142
        2.977346       4.344033       1.144204       0.000000     194.979004     234.050556       0.845812       0.294529
        3.042071       4.344033       1.144204       0.000000     196.235352     231.847104       0.844628       0.289110
        3.106796       4.344033       1.144204       0.000000     197.317261     229.788220       0.843479       0.283853
        3.171521       4.344033       1.144204       0.000000     197.933533     228.056004       0.842395       0.278895
        3.236246       4.344033       1.144204       0.000000     198.296265     226.506382       0.841345       0.274087
        3.300971       4.344033       1.144204       0.000000     198.590881     225.037934       0.840321       0.269405
        3.365696       4.344033       1.144204       0.000000     198.813110     223.681712       0.839345       0.264938
        3.430421       4.344033       1.144204       0.000000     199.026611     222.342466       0.838382       0.260533
        3.495146       4.344033       1.144204       0.000000     199.249146     221.045937       0.837455       0.256289
        3.559871       4.344033       1.144204       0.000000     199.435608     219.824141       0.836525       0.252035
        3.624596       4.344033       1.144204       0.000000     199.633850     218.634952       0.835656       0.248060
        3.689321       4.344033       1.144204       0.000000     199.780579     217.496892       0.834773       0.244019
        3.754045       4.344033       1.144204       0.000000     199.929016     216.388295       0.833939       0.240201
        3.818770       4.344033       1.144204       0.000000     200.058105     215.311872       0.833099       0.236360
        3.883495       4.344033       1.144204       0.000000     200.199646     214.289942       0.832296       0.232687
        3.948220       4.344033       1.144204       0.000000     200.367798     213.269355       0.831515       0.229111
        4.012945       4.344033       1.144204       0.000000     200.418335     212.331915       0.830734       0.225538
        4.077670       4.344033       1.144204       0.000000     200.472290     211.416395       0.829976       0.222069
        4.142395       4.344033       1.144204       0.000000     200.463257     210.543464       0.829226       0.218638
        4.207120       4.344033       1.144204       0.000000     200.422852     209.703765       0.828485       0.215248
        4.271845       4.344033       1.144204       0.000000     200.403198     208.864896       0.827758       0.211924
        4.336570       4.344033       1.144204       0.000000     200.335815     208.086443       0.827061       0.208732
        4.401295       4.344033       1.144204       0.000000     200.299927     207.327963       0.826369       0.205567
        4.466020       4.344033       1.144204       0.000000     200.224854     206.556433       0.825686       0.202443
        4.530744       4.344033       1.144204       0.000000     200.161377     205.846259       0.825011       0.199353
        4.595469       4.344033       1.144204       0.000000     200.065796     205.153905       0.824363       0.196387
        4.660194       4.344033       1.144204       0.000000     199.981934     204.468956       0.823722       0.193456
        4.724919       4.344033       1.144204       0.000000     199.910400     203.806766       0.823088       0.190555
        4.789644       4.344033       1.144204       0.000000     199.812012     203.153989       0.822466       0.187708
        4.854369       4.344033       1.144204       0.000000     199.737549     202.522623       0.821871       0.184985
        4.919094       4.344033       1.144204       0.000000     199.625366     201.934460       0.821289       0.182323
        4.983819       4.344033       1.144204       0.000000     199.538574     201.311842       0.820703       0.179642
        5.048544       4.344033       1.144204       0.000000     199.420654     200.752876       0.820127       0.177009
        5.113269       4.344033       1.144204       0.000000     199.319824     200.208886       0.819583       0.174516
        5.177993       4.344033       1.144204       0.000098     199.183594     199.639448       0.819018       0.171936
        5.242719       4.344033       1.144204       0.000098     199.068237     199.122435       0.818481       0.169477
        5.307444       4.344033       1.144204       0.002637     198.530396     198.545053       0.817897       0.166805
        5.372168       4.344033       1.144204       0.004980     198.034058     198.012568       0.817331       0.164216
        5.436893       4.344033       1.144204       0.007520     197.496704     197.486098       0.816772       0.161659
        5.501618       4.344033       1.144204       0.010059     196.939453     196.966478       0.816228       0.159166
        5.566343       4.344033       1.144204       0.012207     196.464722     196.470546       0.815699       0.156746
        5.631068       4.344033       1.144204       0.014355     196.013062     196.002588       0.815186       0.154400
        5.695793       4.344033       1.144204       0.016504     195.526611     195.522929       0.814674       0.152058
        5.760518       4.344033       1.144204       0.018652     195.067871     195.070906       0.814177       0.149786
        5.825243       4.344033       1.144204       0.020605     194.600952     194.599988       0.813687       0.147544
        5.889968       4.344033       1.144204       0.022363     194.192749     194.182713       0.813221       0.145412
        5.954693       4.344033       1.144204       0.024316     193.759155     193.763204       0.812757       0.143286
        6.019418       4.344033       1.144204       0.026074     193.400635     193.376372       0.812305       0.141218
        6.084143       4.344033       1.144204       0.027832     192.968628     192.961403       0.811856       0.139166
        6.148868       4.344033       1.144204       0.029590     192.580566     192.579570       0.811420       0.137169
        6.213592       4.344033       1.144204       0.031152     192.235840     192.211953       0.810992       0.135209
        6.278317       4.344033       1.144204       0.032910     191.823608     191.835117       0.810569       0.133276
        6.343042       4.344033       1.144204       0.034473     191.457642     191.473631       0.810154       0.131378
        6.407767       4.344033       1.144204       0.035840     191.174316     191.144291       0.809757       0.129561
        6.472492       4.344033       1.144204       0.037402     190.793335     190.798052       0.809354       0.127715
        6.537217       4.344033       1.144204       0.038965     190.466919     190.477490       0.808960       0.125914
        6.601942       4.344033       1.144204       0.040137     190.178589     190.165085       0.808585       0.124199
        6.666667       4.344033       1.144204       0.041699     189.843384     189.854040       0.808201       0.122442
        6.731392       4.344033       1.144204       0.043066     189.546265     189.536806       0.807838       0.120780
        6.796117       4.344033       1.144204       0.044238     189.285034     189.274684       0.807470       0.119097
        6.860841       4.344033       1.144204       0.045410     188.989502     188.979938       0.807112       0.117460
        6.925566       4.344033       1.144204       0.046777     188.694458     188.680705       0.806761       0.115852
        6.990291       4.344033       1.144204       0.047754     188.464722     188.438599       0.806411       0.114253
        7.055017       4.344033       1.144204       0.049121     188.166260     188.154130       0.806075       0.112716
        7.119742       4.344033       1.144204       0.050293     187.899414     187.910103       0.805731       0.111140
        7.184466       4.344033       1.144204       0.051465     187.674683     187.669732       0.805396       0.109608
        7.249191       4.344033       1.144204       0.052246     187.454834     187.425121       0.805084       0.108180
        7.313916       4.344033       1.144204       0.053613     187.174438     187.200705       0.804756       0.106679
        7.378641       4.344033       1.144204       0.054590     186.950195     186.974603       0.804444       0.105251
        7.443366       4.344033       1.144204       0.055566     186.741699     186.740274       0.804118       0.103759
        7.508091       4.344033       1.144204       0.056543     186.546387     186.534576       0.803821       0.102399
        7.572816       4.344033       1.144204       0.057520     186.345459     186.349194       0.803509       0.100972
        7.637540       4.344033       1.144204       0.058301     186.154297     186.143401       0.803228       0.099689
        7.702265       4.344033       1.144204       0.059277     185.937988     185.949832       0.802930       0.098326
        7.766990       4.344033       1.144204       0.060059     185.771118     185.754278       0.802640       0.096999
