 dentity  pressure  energy
   0.100000E-01   0.116641E-01   0.942460E+01
   0.200000E-01   0.267328E-01   0.188692E+02
   0.300000E-01   0.555090E-01   0.283260E+02
   0.400000E-01   0.116229E+00   0.377950E+02
   0.500000E-01   0.224064E+00   0.472777E+02
   0.600000E-01   0.385923E+00   0.567752E+02
   0.700000E-01   0.599237E+00   0.662879E+02
   0.800000E-01   0.854006E+00   0.758193E+02
   0.900000E-01   0.113623E+01   0.853668E+02
   0.100000E+00   0.143205E+01   0.949351E+02
   0.110000E+00   0.173072E+01   0.104525E+03
   0.120000E+00   0.202399E+01   0.114137E+03
   0.130000E+00   0.230636E+01   0.123772E+03
   0.140000E+00   0.258908E+01   0.133435E+03
   0.150000E+00   0.288419E+01   0.143128E+03
   0.160000E+00   0.320511E+01   0.152852E+03
   0.170000E+00   0.357002E+01   0.162615E+03
   0.180000E+00   0.399747E+01   0.172415E+03
   0.190000E+00   0.450733E+01   0.182262E+03
   0.200000E+00   0.511866E+01   0.192156E+03
   0.210000E+00   0.585113E+01   0.202107E+03
   0.220000E+00   0.672212E+01   0.212114E+03
   0.230000E+00   0.774877E+01   0.222184E+03
   0.240000E+00   0.894660E+01   0.232322E+03
   0.250000E+00   0.100944E+02   0.242533E+03
   0.260000E+00   0.105725E+02   0.252790E+03
   0.270000E+00   0.110934E+02   0.263074E+03
   0.280000E+00   0.117547E+02   0.273397E+03
   0.290000E+00   0.126087E+02   0.283756E+03
   0.300000E+00   0.136787E+02   0.294158E+03
   0.310000E+00   0.149924E+02   0.304614E+03
   0.320000E+00   0.165676E+02   0.315125E+03
   0.330000E+00   0.184125E+02   0.325702E+03
   0.340000E+00   0.205553E+02   0.336348E+03
   0.350000E+00   0.229869E+02   0.347070E+03
   0.360000E+00   0.256995E+02   0.357878E+03
   0.370000E+00   0.283314E+02   0.368773E+03
   0.380000E+00   0.310531E+02   0.379740E+03
   0.390000E+00   0.339291E+02   0.390783E+03
   0.400000E+00   0.369473E+02   0.401914E+03
   0.410000E+00   0.401353E+02   0.413121E+03
   0.420000E+00   0.434923E+02   0.424412E+03
   0.430000E+00   0.470080E+02   0.435783E+03
   0.440000E+00   0.506844E+02   0.447243E+03
   0.450000E+00   0.545200E+02   0.458812E+03
   0.460000E+00   0.585013E+02   0.470438E+03
   0.470000E+00   0.626440E+02   0.482168E+03
   0.480000E+00   0.669108E+02   0.494002E+03
   0.490000E+00   0.713513E+02   0.505903E+03
   0.500000E+00   0.759120E+02   0.517909E+03
   0.510000E+00   0.806258E+02   0.530016E+03
   0.520000E+00   0.854339E+02   0.542208E+03
   0.530000E+00   0.904060E+02   0.554498E+03
   0.540000E+00   0.955234E+02   0.566870E+03
   0.550000E+00   0.100773E+03   0.579355E+03
   0.560000E+00   0.106109E+03   0.591916E+03
   0.570000E+00   0.109280E+03   0.600712E+03
   0.580000E+00   0.111592E+03   0.607993E+03
   0.590000E+00   0.113778E+03   0.615157E+03
   0.600000E+00   0.116084E+03   0.622486E+03
   0.610000E+00   0.118336E+03   0.629710E+03
   0.620000E+00   0.120569E+03   0.636910E+03
   0.630000E+00   0.122943E+03   0.644329E+03
   0.640000E+00   0.125363E+03   0.651785E+03
   0.650000E+00   0.127682E+03   0.659087E+03
   0.660000E+00   0.130140E+03   0.666598E+03
   0.670000E+00   0.132493E+03   0.673945E+03
   0.680000E+00   0.135040E+03   0.681493E+03
   0.690000E+00   0.137583E+03   0.689067E+03
   0.700000E+00   0.140175E+03   0.696632E+03
   0.710000E+00   0.142814E+03   0.704265E+03
   0.720000E+00   0.145457E+03   0.711895E+03
   0.730000E+00   0.148126E+03   0.719556E+03
   0.740000E+00   0.150863E+03   0.727270E+03
   0.750000E+00   0.153630E+03   0.734961E+03
   0.760000E+00   0.156536E+03   0.742866E+03
   0.770000E+00   0.159395E+03   0.750644E+03
   0.780000E+00   0.162242E+03   0.758418E+03
   0.790000E+00   0.165274E+03   0.766407E+03
   0.800000E+00   0.168248E+03   0.774281E+03
   0.810000E+00   0.171306E+03   0.782311E+03
   0.820000E+00   0.174476E+03   0.790397E+03
   0.830000E+00   0.177672E+03   0.798496E+03
   0.840000E+00   0.180770E+03   0.806396E+03
   0.850000E+00   0.184053E+03   0.814539E+03
   0.860000E+00   0.187274E+03   0.822729E+03
   0.870000E+00   0.190447E+03   0.830740E+03
   0.880000E+00   0.193461E+03   0.838614E+03
   0.890000E+00   0.196406E+03   0.846528E+03
   0.900000E+00   0.199494E+03   0.854430E+03
   0.910000E+00   0.202521E+03   0.862403E+03
   0.920000E+00   0.205517E+03   0.870170E+03
   0.930000E+00   0.208616E+03   0.878147E+03
   0.940000E+00   0.211635E+03   0.885988E+03
   0.950000E+00   0.214399E+03   0.893660E+03
   0.960000E+00   0.216770E+03   0.900887E+03
   0.970000E+00   0.219012E+03   0.907863E+03
   0.980000E+00   0.220945E+03   0.914736E+03
   0.990000E+00   0.223043E+03   0.921545E+03
   0.100000E+01   0.224930E+03   0.928288E+03
   0.101000E+01   0.226884E+03   0.934966E+03
   0.102000E+01   0.228795E+03   0.941714E+03
   0.103000E+01   0.230838E+03   0.948484E+03
   0.104000E+01   0.232884E+03   0.955242E+03
   0.105000E+01   0.234756E+03   0.961793E+03
   0.106000E+01   0.236858E+03   0.968550E+03
   0.107000E+01   0.238945E+03   0.975331E+03
   0.108000E+01   0.241167E+03   0.982095E+03
   0.109000E+01   0.243327E+03   0.988891E+03
   0.110000E+01   0.245367E+03   0.995496E+03
   0.111000E+01   0.247619E+03   0.100238E+04
   0.112000E+01   0.249907E+03   0.100927E+04
   0.113000E+01   0.252214E+03   0.101603E+04
   0.114000E+01   0.254733E+03   0.102313E+04
   0.115000E+01   0.257106E+03   0.102998E+04
   0.116000E+01   0.259556E+03   0.103687E+04
   0.117000E+01   0.262075E+03   0.104397E+04
   0.118000E+01   0.264560E+03   0.105092E+04
   0.119000E+01   0.267069E+03   0.105779E+04
   0.120000E+01   0.269774E+03   0.106498E+04
   0.121000E+01   0.272484E+03   0.107205E+04
   0.122000E+01   0.275145E+03   0.107903E+04
   0.123000E+01   0.277847E+03   0.108623E+04
   0.124000E+01   0.280712E+03   0.109335E+04
   0.125000E+01   0.283583E+03   0.110054E+04
   0.126000E+01   0.286375E+03   0.110775E+04
   0.127000E+01   0.289257E+03   0.111495E+04
   0.128000E+01   0.292265E+03   0.112221E+04
   0.129000E+01   0.295045E+03   0.112943E+04
   0.130000E+01   0.298347E+03   0.113690E+04
   0.131000E+01   0.301254E+03   0.114429E+04
   0.132000E+01   0.304282E+03   0.115149E+04
   0.133000E+01   0.307300E+03   0.115886E+04
   0.134000E+01   0.310520E+03   0.116633E+04
   0.135000E+01   0.313625E+03   0.117368E+04
   0.136000E+01   0.317060E+03   0.118120E+04
   0.137000E+01   0.320068E+03   0.118852E+04
   0.138000E+01   0.323461E+03   0.119621E+04
   0.139000E+01   0.325564E+03   0.120317E+04
   0.140000E+01   0.326170E+03   0.120947E+04
