   9.9999997764825821E-003   16768914373286.059       0.20974682656031787        67.312539999999998     
   1.9999999552965164E-002   33604783775876.969       0.15861325842614005        56.969420000000000     
   2.9999999329447746E-002   50428592586894.359       0.13837496242335962        49.876339999999999     
   3.9999999105930328E-002   67665776410849.531       0.13021414215634863        46.339820000000003     
   4.9999997019767761E-002   84425559034283.078       0.12728374666450709        45.157470000000004     
   5.9999998658895493E-002   101548391819942.73       0.12628916339933419        44.864269999999998     
   7.0000000298023224E-002   118280727224510.61       0.12535404851319226        44.747419999999998     
   7.9999998211860657E-002   135237785341506.11       0.12336778284058168        44.741970000000002     
   8.9999996125698090E-002   152196588142416.50       0.11923506776966354        44.498609999999999     
   9.9999994039535522E-002   169161582715178.12       0.11105118097433772        42.785739999999997     
  0.10999999940395355        186406023681800.62        9.8696176623281201E-002   37.191589999999998     
  0.11999999731779099        203227419632084.62        9.2085682646511555E-002   28.284260000000000     
  0.12999999523162842        220556377542057.66        9.8596268033291801E-002   21.054110000000001     
  0.14000000059604645        237564595730787.88       0.11519971410335741        16.864200000000000     
  0.14999999105930328        254873255913852.91       0.13930023110560955        14.547760000000000     
  0.15999999642372131        271991738126005.62       0.16859706100774921        13.282330000000000     
  0.17000000178813934        289292498974238.88       0.20252596210991641        12.557990000000000     
  0.17999999225139618        306702989304439.88       0.24083472269977968        12.136699999999999     
  0.18999999761581421        324126397719798.06       0.28166223835250598        11.903510000000001     
  0.19999998807907104        341839200939425.56       0.32627539477939355        11.776980000000000     
  0.20999999344348907        359310539905229.19       0.37232105700387935        11.722000000000000     
  0.21999999880790710        376998368160219.38       0.42028972000441484        11.710330000000001     
  0.22999998927116394        395047130684177.25       0.47096690030929744        11.726839999999999     
  0.23999999463558197        412948122192635.44       0.52163909367538785        11.760339999999999     
  0.25000000000000000        430760587696832.25       0.57289486871341433        11.803820000000000     
  0.25999999046325684        448850094158343.50       0.62469013735766277        11.852840000000000     
  0.26999998092651367        467113237502416.31       0.67715464049839513        11.904590000000001     
  0.28000000119209290        485606738516752.56       0.72956815636511019        11.956410000000000     
  0.28999999165534973        503902191922092.12       0.78065481368473522        12.005720000000000     
  0.29999998211860657        522504412728981.56       0.83175663881773898        12.053010000000000     
  0.31000000238418579        541221797522628.81       0.88195495658365697        12.096890000000000     
  0.31999999284744263        560298097206414.69       0.93183523172125904        12.137540000000000     
  0.32999998331069946        579208748432713.00       0.97593887248395816        12.170629999999999     
  0.34000000357627869        598168399292366.50        1.0036714741483463        12.189489999999999     
  0.34999999403953552        617510366079178.88        1.0287566778127626        12.204359999999999     
  0.35999998450279236        636689951050727.50        1.0522748975765588        12.215859999999999     
  0.37000000476837158        655897510358409.62        1.0748669710407492        12.224340000000000     
  0.37999999523162842        675238229881827.38        1.0967922235659024        12.229950000000001     
  0.38999998569488525        694811415544580.38        1.1184829121386552        12.232780000000000     
  0.39999997615814209        714475592041636.12        1.1397301750609290        12.232830000000000     
  0.40999999642372131        733955826884751.88        1.1591834256173490        12.230430000000000     
  0.41999998688697815        753642810483878.25        1.1763793622330503        12.226179999999999     
  0.42999997735023499        773653013482662.75        1.1926962855199534        12.220079999999999     
  0.43999999761581421        793480284516921.88        1.2079977287167862        12.212320000000000     
  0.44999998807907104        813324066942784.38        1.2226224880224239        12.202920000000001     
  0.45999997854232788        833263888650022.50        1.2366195240583582        12.191979999999999     
  0.46999999880790710        853295057552533.50        1.2501669836850435        12.179470000000000     
  0.47999998927116394        873532915817559.88        1.2632693120955591        12.165480000000001     
  0.48999997973442078        893748263947990.62        1.2758161732736504        12.150259999999999     
  0.50000000000000000        914242523930827.50        1.2880000122600881        12.133680000000000     
  0.50999999046325684        934644902176936.62        1.2996550872812078        12.116080000000000     
  0.51999998092651367        954989609339424.62        1.3108638158438555        12.097500000000000     
  0.52999997138977051        975621543443615.25        1.3218381691515761        12.077660000000000     
  0.53999996185302734        996195747070689.38        1.3323408328862723        12.057110000000000     
  0.55000001192092896        1016741204246195.2        1.3424543232242305        12.035810000000000     
  0.56000000238418579        1037861649846561.4        1.3523290736898201        12.013529999999999     
  0.56999999284744263        1058607322493630.5        1.3618059124955770        11.990710000000000     
  0.57999998331069946        1079685123564604.0        1.3709447874012184        11.967320000000001     
  0.58999997377395630        1100604819151952.1        1.3797575214015831        11.943420000000000     
  0.59999996423721313        1121842982659360.1        1.3883390129796942        11.918850000000001     
  0.61000001430511475        1142979226929390.0        1.3965172717721854        11.894170000000001     
  0.62000000476837158        1164237465438099.8        1.4044830839882885        11.868900000000000     
  0.62999999523162842        1185744681477748.0        1.4122321078523710        11.843109999999999     
  0.63999998569488525        1207063263777353.2        1.4195870580927601        11.817470000000000     
  0.64999997615814209        1228754480864436.0        1.4267625034642362        11.791320000000001     
  0.65999996662139893        1250313963179663.0        1.4336489621497099        11.765100000000000     
  0.66999995708465576        1271926780853378.2        1.4402647010683145        11.738840000000000     
  0.68000000715255737        1293650664362698.0        1.4466826104141237        11.712289999999999     
  0.68999999761581421        1315606301289413.0        1.4528710260379036        11.685650000000001     
  0.69999998807907104        1337605176680470.5        1.4588418676842567        11.658920000000000     
  0.70999997854232788        1359919669103829.0        1.4646221300593092        11.632000000000000     
  0.71999996900558472        1381913793015288.5        1.4701324999478020        11.605350000000000     
  0.72999995946884155        1403995344151352.0        1.4754336353823936        11.578730000000000     
  0.74000000953674316        1426484334662949.2        1.4806089662787096        11.551760000000000     
  0.75000000000000000        1448867961114459.8        1.4855276112935931        11.525169999999999     
  0.75999999046325684        1471388192604414.2        1.4902991343477303        11.498410000000000     
  0.76999998092651367        1494012837858536.2        1.4948723615458304        11.471819999999999     
  0.77999997138977051        1516461203219570.0        1.4992294597229829        11.445560000000000     
  0.78999996185302734        1539385666836329.5        1.5034890049649712        11.418950000000001     
  0.79999995231628418        1561903285012505.2        1.5074954210585307        11.393010000000000     
  0.81000000238418579        1584823947445586.2        1.5114183775537855        11.366680000000001     
  0.81999999284744263        1607845578820126.2        1.5151441438018443        11.340769999999999     
  0.82999998331069946        1630823615369353.8        1.5187228114850249        11.314970000000001     
  0.83999997377395630        1654232135970165.5        1.5221922640912002        11.289040000000000     
  0.84999996423721313        1676968440994842.0        1.5253695256174364        11.264410000000000     
  0.85999995470046997        1700646964423813.5        1.5284622938221024        11.239560000000001     
  0.87000000476837158        1723611815617156.5        1.5313222666095438        11.215690000000000     
  0.87999999523162842        1747112633709160.8        1.5340891547498245        11.191720000000000     
  0.88999998569488525        1770603711267988.8        1.5367100479055698        11.168110000000000     
  0.89999997615814209        1794744078513892.0        1.5392401365298434        11.144390000000000     
  0.90999996662139893        1818417850463265.5        1.5416128904656881        11.121200000000000     
  0.91999995708465576        1842065845635819.5        1.5438654234216393        11.098260000000000     
  0.93000000715255737        1866026725739905.8        1.5460009237774348        11.075559999999999     
  0.93999999761581421        1889339147665846.8        1.5479997027028209        11.053380000000001     
  0.94999998807907104        1913774344220809.5        1.5499588609843677        11.030650000000000     
  0.95999997854232788        1938007246531884.8        1.5517975242111683        11.008310000000000     
  0.96999996900558472        1961740649550214.0        1.5535072676487511        10.986540000000000     
  0.97999995946884155        1986155414742904.8        1.5551526782359508        10.964570000000000     
  0.98999994993209839        2010458163804071.8        1.5567002454127086        10.942850000000000     
   1.0000000000000000        2034541275720818.2        1.5581458897260707        10.921510000000000     
   1.0099999904632568        2058722268117284.8        1.5595213224064928        10.900119999999999     
   1.0199999809265137        2083763278320999.8        1.5608249901932720        10.878729999999999     
   1.0299999713897705        2108131241439650.2        1.5620370037090041        10.857690000000000     
   1.0399999618530273        2132483524675626.5        1.5631644530402964        10.836959999999999     
   1.0499999523162842        2157769236078641.8        1.5642420041056224        10.815920000000000     
   1.0599999427795410        2182037418125732.8        1.5652286097279653        10.795410000000000     
   1.0699999332427979        2207357577755833.8        1.5661575627986082        10.774800000000001     
   1.0799999237060547        2231540470744139.5        1.5669973610178360        10.754860000000001     
   1.0900000333786011        2257125287787853.0        1.5678029671817928        10.734330000000000     
   1.1000000238418579        2282469917537884.5        1.5685405004375546        10.714029999999999     
   1.1100000143051147        2307136986297232.0        1.5691929778587270        10.694590000000000     
   1.1200000047683716        2332428161901785.5        1.5698034355607067        10.674799999999999     
   1.1299999952316284        2357501244592787.5        1.5703569273947859        10.655160000000000     
   1.1399999856948853        2382842073159140.5        1.5708538541553208        10.635719999999999     
   1.1499999761581421        2408204520957664.5        1.5712943909434760        10.616580000000001     
   1.1599999666213989        2433628262843003.5        1.5716857816760768        10.597479999999999     
   1.1699999570846558        2459560650619314.5        1.5720343883449603        10.578120000000000     
   1.1799999475479126        2485261641339200.5        1.5723290873834324        10.559189999999999     
   1.1899999380111694        2510581563395322.0        1.5725744208103363        10.540590000000000     
   1.1999999284744263        2537273000037423.0        1.5727807138191967        10.521570000000001     
