 dentity  pressure  energy
   0.100000E-01   0.116672E-01   0.942460E+01
   0.200000E-01   0.291787E-01   0.188700E+02
   0.300000E-01   0.662003E-01   0.283298E+02
   0.400000E-01   0.141504E+00   0.378048E+02
   0.500000E-01   0.266694E+00   0.472951E+02
   0.600000E-01   0.442234E+00   0.568024E+02
   0.700000E-01   0.659281E+00   0.663260E+02
   0.800000E-01   0.904248E+00   0.758678E+02
   0.900000E-01   0.116382E+01   0.854266E+02
   0.100000E+00   0.142857E+01   0.950046E+02
   0.110000E+00   0.169463E+01   0.104602E+03
   0.120000E+00   0.195693E+01   0.114220E+03
   0.130000E+00   0.222521E+01   0.123860E+03
   0.140000E+00   0.251311E+01   0.133523E+03
   0.150000E+00   0.283731E+01   0.143215E+03
   0.160000E+00   0.321345E+01   0.152938E+03
   0.170000E+00   0.365992E+01   0.162695E+03
   0.180000E+00   0.419479E+01   0.172491E+03
   0.190000E+00   0.483634E+01   0.182331E+03
   0.200000E+00   0.560179E+01   0.192215E+03
   0.210000E+00   0.650870E+01   0.202155E+03
   0.220000E+00   0.757262E+01   0.212151E+03
   0.230000E+00   0.880862E+01   0.222211E+03
   0.240000E+00   0.102307E+02   0.232340E+03
   0.250000E+00   0.118509E+02   0.242541E+03
   0.260000E+00   0.131365E+02   0.252814E+03
   0.270000E+00   0.139368E+02   0.263129E+03
   0.280000E+00   0.148194E+02   0.273480E+03
   0.290000E+00   0.158716E+02   0.283872E+03
   0.300000E+00   0.171302E+02   0.294308E+03
   0.310000E+00   0.186236E+02   0.304793E+03
   0.320000E+00   0.203863E+02   0.315336E+03
   0.330000E+00   0.224227E+02   0.325941E+03
   0.340000E+00   0.247600E+02   0.336621E+03
   0.350000E+00   0.274015E+02   0.347372E+03
   0.360000E+00   0.303532E+02   0.358219E+03
   0.370000E+00   0.332607E+02   0.369143E+03
   0.380000E+00   0.361954E+02   0.380156E+03
   0.390000E+00   0.392798E+02   0.391238E+03
   0.400000E+00   0.425098E+02   0.402416E+03
   0.410000E+00   0.458953E+02   0.413676E+03
   0.420000E+00   0.494709E+02   0.425020E+03
   0.430000E+00   0.531840E+02   0.436444E+03
   0.440000E+00   0.570571E+02   0.447970E+03
   0.450000E+00   0.611132E+02   0.459577E+03
   0.460000E+00   0.653028E+02   0.471292E+03
   0.470000E+00   0.696524E+02   0.483080E+03
   0.480000E+00   0.741512E+02   0.494985E+03
   0.490000E+00   0.787797E+02   0.506973E+03
   0.500000E+00   0.835756E+02   0.519069E+03
   0.510000E+00   0.885020E+02   0.531240E+03
   0.520000E+00   0.935423E+02   0.543516E+03
   0.530000E+00   0.987363E+02   0.555910E+03
   0.540000E+00   0.104069E+03   0.568381E+03
   0.550000E+00   0.109522E+03   0.580961E+03
   0.560000E+00   0.115067E+03   0.593645E+03
   0.570000E+00   0.120790E+03   0.606414E+03
   0.580000E+00   0.126608E+03   0.619296E+03
   0.590000E+00   0.132475E+03   0.632300E+03
   0.600000E+00   0.138459E+03   0.645355E+03
   0.610000E+00   0.144541E+03   0.658539E+03
   0.620000E+00   0.150745E+03   0.671854E+03
   0.630000E+00   0.157057E+03   0.685218E+03
   0.640000E+00   0.163456E+03   0.698701E+03
   0.650000E+00   0.169687E+03   0.712289E+03
   0.660000E+00   0.175993E+03   0.725955E+03
   0.670000E+00   0.180897E+03   0.737448E+03
   0.680000E+00   0.183598E+03   0.745265E+03
   0.690000E+00   0.186330E+03   0.753134E+03
   0.700000E+00   0.189019E+03   0.760993E+03
   0.710000E+00   0.191910E+03   0.769059E+03
   0.720000E+00   0.194850E+03   0.777194E+03
   0.730000E+00   0.197772E+03   0.785358E+03
   0.740000E+00   0.200748E+03   0.793497E+03
   0.750000E+00   0.203705E+03   0.801687E+03
   0.760000E+00   0.206797E+03   0.809881E+03
   0.770000E+00   0.209961E+03   0.818276E+03
   0.780000E+00   0.213099E+03   0.826567E+03
   0.790000E+00   0.216316E+03   0.835017E+03
   0.800000E+00   0.219630E+03   0.843522E+03
   0.810000E+00   0.222963E+03   0.852104E+03
   0.820000E+00   0.226331E+03   0.860671E+03
   0.830000E+00   0.229748E+03   0.869196E+03
   0.840000E+00   0.233355E+03   0.877994E+03
   0.850000E+00   0.236785E+03   0.886647E+03
   0.860000E+00   0.240428E+03   0.895482E+03
   0.870000E+00   0.244136E+03   0.904348E+03
   0.880000E+00   0.247716E+03   0.913074E+03
   0.890000E+00   0.251502E+03   0.922046E+03
   0.900000E+00   0.255195E+03   0.930961E+03
   0.910000E+00   0.258756E+03   0.939605E+03
   0.920000E+00   0.262388E+03   0.948453E+03
   0.930000E+00   0.265893E+03   0.957120E+03
   0.940000E+00   0.269573E+03   0.966019E+03
   0.950000E+00   0.273185E+03   0.974742E+03
   0.960000E+00   0.276754E+03   0.983540E+03
   0.970000E+00   0.280440E+03   0.992277E+03
   0.980000E+00   0.284147E+03   0.100114E+04
   0.990000E+00   0.288006E+03   0.101011E+04
   0.100000E+01   0.291746E+03   0.101899E+04
   0.101000E+01   0.295131E+03   0.102747E+04
   0.102000E+01   0.298401E+03   0.103604E+04
   0.103000E+01   0.301518E+03   0.104423E+04
   0.104000E+01   0.304483E+03   0.105225E+04
   0.105000E+01   0.307435E+03   0.106020E+04
   0.106000E+01   0.310372E+03   0.106824E+04
   0.107000E+01   0.313289E+03   0.107627E+04
   0.108000E+01   0.316328E+03   0.108442E+04
   0.109000E+01   0.319212E+03   0.109227E+04
   0.110000E+01   0.322005E+03   0.110023E+04
   0.111000E+01   0.325072E+03   0.110834E+04
   0.112000E+01   0.328112E+03   0.111634E+04
   0.113000E+01   0.331253E+03   0.112441E+04
   0.114000E+01   0.334240E+03   0.113246E+04
   0.115000E+01   0.337359E+03   0.114066E+04
   0.116000E+01   0.340428E+03   0.114856E+04
   0.117000E+01   0.343691E+03   0.115691E+04
   0.118000E+01   0.346917E+03   0.116508E+04
   0.119000E+01   0.350078E+03   0.117307E+04
   0.120000E+01   0.353288E+03   0.118147E+04
   0.121000E+01   0.356662E+03   0.118970E+04
   0.122000E+01   0.359823E+03   0.119801E+04
   0.123000E+01   0.363182E+03   0.120638E+04
   0.124000E+01   0.367201E+03   0.121564E+04
   0.125000E+01   0.369835E+03   0.122304E+04
   0.126000E+01   0.373146E+03   0.123167E+04
   0.127000E+01   0.376638E+03   0.124007E+04
   0.128000E+01   0.380104E+03   0.124863E+04
   0.129000E+01   0.383601E+03   0.125713E+04
   0.130000E+01   0.387103E+03   0.126570E+04
   0.131000E+01   0.390740E+03   0.127439E+04
   0.132000E+01   0.393930E+03   0.128301E+04
   0.133000E+01   0.397739E+03   0.129174E+04
   0.134000E+01   0.401344E+03   0.130007E+04
   0.135000E+01   0.405002E+03   0.130902E+04
   0.136000E+01   0.408733E+03   0.131761E+04
   0.137000E+01   0.412319E+03   0.132633E+04
   0.138000E+01   0.416010E+03   0.133522E+04
   0.139000E+01   0.419929E+03   0.134417E+04
   0.140000E+01   0.423779E+03   0.135280E+04
