        0.032362       4.344033       1.687990       0.000000      11.762024     489.841315       0.994651       0.983412
        0.064725       4.344033       1.687990       0.000000      21.175171     486.689037       0.989439       0.967245
        0.097087       4.344033       1.687990       0.000000      29.525330     483.477861       0.984344       0.951445
        0.129450       4.344033       1.687990       0.000000      37.215149     480.188152       0.979371       0.936020
        0.161812       4.344033       1.687990       0.000000      44.268616     476.781921       0.974507       0.920935
        0.194175       4.344033       1.687990       0.000000      50.709961     473.251357       0.969747       0.906172
        0.226537       4.344033       1.687990       0.000000      56.641968     469.585117       0.965066       0.891654
        0.258900       4.344033       1.687990       0.000000      62.004822     465.797775       0.960507       0.877515
        0.291262       4.344033       1.687990       0.000000      66.893494     461.898038       0.956029       0.863626
        0.323625       4.344033       1.687990       0.000000      71.389709     457.867461       0.951638       0.850008
        0.355987       4.344033       1.687990       0.000000      75.511597     453.740132       0.947321       0.836618
        0.388350       4.344033       1.687990       0.000000      79.257080     449.529140       0.943107       0.823549
        0.420712       4.344033       1.687990       0.000000      82.765686     445.214561       0.938962       0.810693
        0.453074       4.344033       1.687990       0.000000      85.959045     440.841524       0.934893       0.798075
        0.485437       4.344033       1.687990       0.000000      88.985168     436.387933       0.930900       0.785691
        0.517799       4.344033       1.687990       0.000000      91.767273     431.882655       0.926980       0.773532
        0.550162       4.344033       1.687990       0.000000      94.380493     427.340974       0.923131       0.761596
        0.582524       4.344033       1.687990       0.000000      96.840820     422.780202       0.919352       0.749874
        0.614887       4.344033       1.687990       0.000000      99.192017     418.158541       0.915641       0.738367
        0.647249       4.344033       1.687990       0.000000     101.410217     413.568417       0.911997       0.727066
        0.679612       4.344033       1.687990       0.000000     103.550232     408.941925       0.908408       0.715932
        0.711974       4.344033       1.687990       0.000000     105.598633     404.317738       0.904893       0.705033
        0.744337       4.344033       1.687990       0.000000     107.534973     399.698324       0.901442       0.694327
        0.776699       4.344033       1.687990       0.000000     109.371765     395.072405       0.898051       0.683811
        0.809062       4.344033       1.687990       0.000000     111.120178     390.481116       0.894720       0.673482
        0.841424       4.344033       1.687990       0.000000     112.827942     385.914105       0.891450       0.663338
        0.873786       4.344033       1.687990       0.000000     114.487793     381.381795       0.888245       0.653400
        0.906149       4.344033       1.687990       0.000000     116.122070     376.890500       0.885092       0.643620
        0.938511       4.344033       1.687990       0.000000     117.739441     372.439834       0.881998       0.634024
        0.970874       4.344033       1.687990       0.000000     119.323975     368.039947       0.878964       0.624614
        1.003236       4.344033       1.687990       0.000000     120.897522     363.697076       0.875998       0.615417
        1.035599       4.344033       1.687990       0.000000     122.456360     359.426669       0.873123       0.606498
        1.067961       4.344033       1.687990       0.000000     124.001587     355.257031       0.870390       0.598022
        1.100324       4.344033       1.687990       0.000000     125.490479     351.240868       0.867904       0.590312
        1.132686       4.344033       1.687990       0.000000     126.883423     347.462839       0.865789       0.583754
        1.165049       4.344033       1.687990       0.000000     128.224243     343.930514       0.864106       0.578533
        1.197411       4.344033       1.687990       0.000000     129.456421     340.641001       0.862803       0.574493
        1.229774       4.344033       1.687990       0.000000     130.630066     337.528315       0.861789       0.571347
        1.262136       4.344033       1.687990       0.000000     131.749207     334.561785       0.860981       0.568841
        1.294498       4.344033       1.687990       0.000000     132.830872     331.712233       0.860319       0.566788
        1.326861       4.344033       1.687990       0.000000     133.875000     328.949640       0.859765       0.565071
        1.359223       4.344033       1.687990       0.000000     134.905212     326.260451       0.859292       0.563601
        1.391586       4.344033       1.687990       0.000000     135.719055     323.684278       0.858873       0.562303
        1.423948       4.344033       1.687990       0.000000     135.305542     321.497409       0.858469       0.561052
        1.456311       4.344033       1.687990       0.000000     134.725769     319.403224       0.858109       0.559934
        1.488673       4.344033       1.687990       0.000000     134.070068     317.350209       0.857783       0.558924
        1.521036       4.344033       1.687990       0.000000     133.382385     315.339626       0.857491       0.558016
        1.553398       4.344033       1.687990       0.000000     132.669006     313.366188       0.857220       0.557178
        1.585761       4.344033       1.687990       0.000000     131.944275     311.418047       0.856979       0.556429
        1.618123       4.344033       1.687990       0.000000     131.206299     309.500434       0.856751       0.555721
        1.650485       4.344033       1.687990       0.000000     130.455933     307.602337       0.856540       0.555068
        1.682848       4.344033       1.687990       0.000000     129.708008     305.734965       0.856342       0.554454
        1.715210       4.344033       1.687990       0.000000     128.955017     303.883875       0.856161       0.553891
        1.747573       4.344033       1.687990       0.000000     128.194031     302.053786       0.855988       0.553356
        1.779935       4.344033       1.687990       0.000000     127.435059     300.240192       0.855823       0.552845
        1.812298       4.344033       1.687990       0.000000     126.672668     298.453626       0.855669       0.552368
        1.844660       4.344033       1.687990       0.000000     125.916748     296.681578       0.855522       0.551912
        1.877023       4.344033       1.687990       0.000000     125.159851     294.930424       0.855383       0.551480
        1.909385       4.344033       1.687990       0.000000     124.397339     293.193681       0.855251       0.551068
        1.941748       4.344033       1.687990       0.000000     123.641846     291.469404       0.855126       0.550682
        1.974110       4.344033       1.687990       0.000000     122.889282     289.769677       0.855004       0.550303
        2.006473       4.344033       1.687990       0.000000     122.137024     288.086205       0.854886       0.549937
        2.038835       4.344033       1.687990       0.000000     121.387085     286.416485       0.854775       0.549595
        2.071197       4.344033       1.687990       0.000000     120.637329     284.761977       0.854665       0.549253
        2.103560       4.344033       1.687990       0.000000     119.895752     283.124931       0.854565       0.548944
        2.135922       4.344033       1.687990       0.000000     119.157104     281.502257       0.854459       0.548615
        2.168285       4.344033       1.687990       0.000000     118.420776     279.899150       0.854365       0.548323
        2.200647       4.344033       1.687990       0.000000     117.686279     278.302473       0.854272       0.548033
        2.233010       4.344033       1.687990       0.000000     116.956543     276.721254       0.854185       0.547762
        2.265372       4.344033       1.687990       0.000000     116.234619     275.162949       0.854094       0.547481
        2.297735       4.344033       1.687990       0.000000     115.509399     273.611098       0.854008       0.547214
        2.330097       4.344033       1.687990       0.000000     114.789673     272.074018       0.853927       0.546963
        2.362460       4.344033       1.687990       0.000000     114.079346     270.551445       0.853847       0.546717
        2.394822       4.344033       1.687990       0.000000     113.368042     269.041830       0.853769       0.546474
        2.427185       4.344033       1.687990       0.000000     112.664917     267.541467       0.853692       0.546236
        2.459547       4.344033       1.687990       0.000000     111.961914     266.060595       0.853619       0.546008
        2.491909       4.344033       1.687990       0.000000     111.267456     264.588243       0.853547       0.545786
        2.524272       4.344033       1.687990       0.000000     110.572266     263.130296       0.853477       0.545568
        2.556634       4.344033       1.687990       0.000000     109.879517     261.684665       0.853408       0.545355
        2.588997       4.344033       1.687990       0.000000     109.198242     260.251535       0.853348       0.545169
        2.621359       4.344033       1.687990       0.000000     108.512207     258.826023       0.853271       0.544929
        2.653722       4.344033       1.687990       0.000000     107.837524     257.413591       0.853213       0.544749
        2.686084       4.344033       1.687990       0.000000     107.163940     256.014036       0.853150       0.544555
        2.718447       4.344033       1.687990       0.000000     106.494873     254.625446       0.853095       0.544383
        2.750809       4.344033       1.687990       0.000000     105.818604     253.300921       0.853034       0.544194
        2.783172       4.344033       1.687990       0.000000     105.137695     252.093667       0.852982       0.544032
        2.815534       4.344033       1.687990       0.000000     104.459595     250.921840       0.852921       0.543843
        2.847897       4.344033       1.687990       0.000000     103.780151     249.787765       0.852869       0.543682
        2.880259       4.344033       1.687990       0.000000     103.108765     248.679641       0.852816       0.543519
        2.912621       4.344033       1.687990       0.000000     102.440796     247.599976       0.852760       0.543344
        2.944984       4.344033       1.687990       0.000000     101.777100     246.539056       0.852714       0.543201
        2.977346       4.344033       1.687990       0.000000     101.121094     245.499200       0.852665       0.543051
        3.009709       4.344033       1.687990       0.000000     100.475342     244.475885       0.852621       0.542912
        3.042071       4.344033       1.687990       0.000000      99.828491     243.474413       0.852578       0.542779
        3.074434       4.344033       1.687990       0.000000      99.186890     242.485344       0.852529       0.542626
        3.106796       4.344033       1.687990       0.000000      98.550781     241.507983       0.852484       0.542487
        3.139159       4.344033       1.687990       0.000000      97.919800     240.553601       0.852443       0.542361
        3.171521       4.344033       1.687990       0.000000      97.297241     239.605816       0.852396       0.542217
        3.203883       4.344033       1.687990       0.000000      96.673462     238.670071       0.852354       0.542085
        3.236246       4.344033       1.687990       0.000000      96.059448     237.751496       0.852316       0.541967
        3.268609       4.344033       1.687990       0.000000      95.449829     236.847604       0.852270       0.541826
        3.300971       4.344033       1.687990       0.000000      94.845581     235.949441       0.852231       0.541704
        3.333333       4.344033       1.687990       0.000000      94.246216     235.066571       0.852194       0.541589
        3.365696       4.344033       1.687990       0.000000      93.652222     234.189785       0.852151       0.541455
        3.398058       4.344033       1.687990       0.000000      93.056763     233.330750       0.852107       0.541318
        3.430421       4.344033       1.687990       0.000000      92.474487     232.477178       0.852071       0.541207
        3.462783       4.344033       1.687990       0.000000      91.893799     231.636113       0.852035       0.541097
        3.495146       4.344033       1.687990       0.000000      91.317993     230.800768       0.851999       0.540983
        3.527508       4.344033       1.687990       0.000000      90.745728     229.981980       0.851962       0.540868
        3.559871       4.344033       1.687990       0.000000      90.178223     229.160963       0.851925       0.540755
        3.592233       4.344033       1.687990       0.000000      89.614136     228.357880       0.851889       0.540643
        3.624596       4.344033       1.687990       0.000000      89.057495     227.565370       0.851854       0.540534
        3.656958       4.344033       1.687990       0.000000      88.501953     226.774594       0.851818       0.540423
        3.689321       4.344033       1.687990       0.000000      87.952148     225.996698       0.851785       0.540319
        3.721683       4.344033       1.687990       0.000000      87.407959     225.221756       0.851750       0.540212
        3.754045       4.344033       1.687990       0.000000      86.866211     224.461179       0.851716       0.540106
        3.786408       4.344033       1.687990       0.000000      86.328979     223.708152       0.851684       0.540007
        3.818770       4.344033       1.687990       0.000000      85.792969     222.958159       0.851649       0.539900
        3.851133       4.344033       1.687990       0.000000      85.265259     222.219703       0.851619       0.539807
        3.883495       4.344033       1.687990       0.000000      84.735840     221.487586       0.851578       0.539679
        3.915858       4.344033       1.687990       0.000000      84.233765     220.762783       0.851553       0.539602
        3.948220       4.344033       1.687990       0.000000      83.747925     220.041426       0.851522       0.539504
        3.980583       4.344033       1.687990       0.000000      83.272827     219.339240       0.851487       0.539397
        4.012945       4.344033       1.687990       0.000000      82.804321     218.635710       0.851451       0.539285
        4.045308       4.344033       1.687990       0.000000      82.348633     217.944215       0.851423       0.539198
        4.077670       4.344033       1.687990       0.000000      81.898438     217.255538       0.851394       0.539107
        4.110032       4.344033       1.687990       0.000000      81.454956     216.573703       0.851362       0.539009
        4.142395       4.344033       1.687990       0.000000      81.016235     215.895939       0.851330       0.538910
        4.174757       4.344033       1.687990       0.000000      80.586304     215.222267       0.851304       0.538829
        4.207120       4.344033       1.687990       0.000000      80.157471     214.558157       0.851269       0.538721
        4.239482       4.344033       1.687990       0.000000      79.735840     213.901498       0.851239       0.538626
        4.271845       4.344033       1.687990       0.000000      79.317993     213.247375       0.851201       0.538510
        4.304207       4.344033       1.687990       0.000000      78.906738     212.596835       0.851180       0.538444
        4.336570       4.344033       1.687990       0.000000      78.501343     211.953457       0.851152       0.538357
        4.368932       4.344033       1.687990       0.000000      78.094360     211.313019       0.851112       0.538233
        4.401295       4.344033       1.687990       0.000000      77.699341     210.682426       0.851091       0.538169
        4.433657       4.344033       1.687990       0.000000      77.300781     210.050479       0.851060       0.538072
        4.466020       4.344033       1.687990       0.000000      76.907593     209.426264       0.851025       0.537963
        4.498382       4.344033       1.687990       0.000000      76.521118     208.806699       0.851005       0.537901
        4.530744       4.344033       1.687990       0.000000      76.136108     208.194809       0.850978       0.537816
        4.563107       4.344033       1.687990       0.000000      75.756226     207.584077       0.850947       0.537721
        4.595469       4.344033       1.687990       0.000000      75.380493     206.980621       0.850923       0.537646
        4.627832       4.344033       1.687990       0.000000      75.005371     206.372178       0.850895       0.537562
        4.660194       4.344033       1.687990       0.000000      74.636230     205.774732       0.850877       0.537503
        4.692557       4.344033       1.687990       0.000000      74.263672     205.180185       0.850841       0.537393
        4.724919       4.344033       1.687990       0.000000      73.899414     204.590356       0.850815       0.537313
        4.757281       4.344033       1.687990       0.000000      73.533936     204.009232       0.850779       0.537199
        4.789644       4.344033       1.687990       0.000000      73.176392     203.427351       0.850759       0.537138
        4.822007       4.344033       1.687990       0.000000      72.821289     202.851369       0.850733       0.537059
        4.854369       4.344033       1.687990       0.000000      72.468384     202.268786       0.850719       0.537013
        4.886732       4.344033       1.687990       0.000000      72.115112     201.704822       0.850683       0.536902
        4.919094       4.344033       1.687990       0.000000      71.765259     201.138204       0.850658       0.536824
        4.951456       4.344033       1.687990       0.000000      71.418335     200.579270       0.850630       0.536739
        4.983819       4.344033       1.687990       0.000000      71.075684     200.025352       0.850612       0.536683
        5.016181       4.344033       1.687990       0.000000      70.734863     199.462696       0.850591       0.536619
        5.048544       4.344033       1.687990       0.000000      70.395142     198.908491       0.850556       0.536508
        5.080906       4.344033       1.687990       0.000000      70.060669     198.358233       0.850541       0.536462
        5.113269       4.344033       1.687990       0.000000      69.722900     197.821562       0.850510       0.536365
        5.145631       4.344033       1.687990       0.000000      69.393555     197.279472       0.850493       0.536315
        5.177993       4.344033       1.687990       0.000000      69.055664     196.737950       0.850445       0.536166
        5.210356       4.344033       1.687990       0.000000      68.737183     196.202434       0.850450       0.536180
        5.242719       4.344033       1.687990       0.000000      68.406250     195.672123       0.850411       0.536059
        5.275081       4.344033       1.687990       0.000000      68.081909     195.146189       0.850387       0.535985
        5.307444       4.344033       1.687990       0.000000      67.756836     194.610861       0.850354       0.535883
        5.339806       4.344033       1.687990       0.000000      67.483643     194.098962       0.850342       0.535844
        5.372168       4.344033       1.687990       0.000000      67.252686     193.578235       0.850331       0.535812
        5.404531       4.344033       1.687990       0.000000      67.036377     193.066690       0.850285       0.535668
        5.436893       4.344033       1.687990       0.000000      66.843750     192.556666       0.850272       0.535626
        5.469256       4.344033       1.687990       0.000000      66.659912     192.063653       0.850245       0.535544
        5.501618       4.344033       1.687990       0.000000      66.486572     191.550240       0.850222       0.535472
        5.533981       4.344033       1.687990       0.000000      66.323486     191.059920       0.850194       0.535385
        5.566343       4.344033       1.687990       0.000000      66.168701     190.548748       0.850177       0.535332
        5.598706       4.344033       1.687990       0.000000      66.019409     190.069536       0.850152       0.535256
        5.631068       4.344033       1.687990       0.000000      65.875732     189.585702       0.850128       0.535181
        5.663431       4.344033       1.687990       0.000000      65.723999     189.107507       0.850107       0.535115
        5.695793       4.344033       1.687990       0.000000      65.566162     188.657303       0.850103       0.535102
        5.728156       4.344033       1.687990       0.000000      65.408691     188.244141       0.850062       0.534976
        5.760518       4.344033       1.687990       0.000000      65.250000     187.801396       0.850047       0.534930
        5.792880       4.344033       1.687990       0.000000      65.094727     187.387940       0.850019       0.534844
        5.825243       4.344033       1.687990       0.000000      64.941284     186.984675       0.849991       0.534758
        5.857605       4.344033       1.687990       0.000000      64.789551     186.577910       0.849986       0.534742
        5.889968       4.344033       1.687990       0.000000      64.641602     186.185594       0.849954       0.534641
        5.922330       4.344033       1.687990       0.000000      64.494263     185.777306       0.849932       0.534575
        5.954693       4.344033       1.687990       0.000000      64.350342     185.384522       0.849906       0.534493
        5.987055       4.344033       1.687990       0.000000      64.210449     185.008839       0.849891       0.534446
        6.019418       4.344033       1.687990       0.000000      64.071045     184.604052       0.849868       0.534374
        6.051780       4.344033       1.687990       0.000000      63.933350     184.237080       0.849868       0.534374
        6.084143       4.344033       1.687990       0.000000      63.800781     183.845520       0.849827       0.534248
        6.116505       4.344033       1.687990       0.000000      63.668457     183.467803       0.849787       0.534122
        6.148868       4.344033       1.687990       0.000000      63.534668     183.084276       0.849804       0.534175
        6.181230       4.344033       1.687990       0.000000      63.407471     182.731717       0.849766       0.534059
        6.213592       4.344033       1.687990       0.000000      63.282104     182.364649       0.849744       0.533992
        6.245955       4.344033       1.687990       0.000000      63.155640     181.996606       0.849725       0.533932
        6.278317       4.344033       1.687990       0.000000      63.036743     181.648679       0.849705       0.533868
        6.310680       4.344033       1.687990       0.000000      62.914307     181.278058       0.849683       0.533802
        6.343042       4.344033       1.687990       0.000000      62.795654     180.914375       0.849667       0.533752
        6.375405       4.344033       1.687990       0.000000      62.680054     180.557232       0.849628       0.533631
        6.407767       4.344033       1.687990       0.000000      62.561768     180.209143       0.849640       0.533667
        6.440130       4.344033       1.687990       0.000000      62.450928     179.864987       0.849588       0.533506
        6.472492       4.344033       1.687990       0.000000      62.339233     179.517656       0.849567       0.533440
        6.504855       4.344033       1.687990       0.000000      62.229492     179.164901       0.849568       0.533444
        6.537217       4.344033       1.687990       0.000000      62.152466     178.824676       0.849548       0.533383
        6.569580       4.344033       1.687990       0.000000      62.094604     178.505721       0.849519       0.533291
        6.601942       4.344033       1.687990       0.000000      62.038940     178.183719       0.849506       0.533252
        6.634304       4.344033       1.687990       0.000000      61.992798     177.855285       0.849494       0.533216
        6.666667       4.344033       1.687990       0.000000      61.954468     177.531696       0.849471       0.533144
        6.699029       4.344033       1.687990       0.000000      61.921875     177.210288       0.849452       0.533084
        6.731392       4.344033       1.687990       0.000000      61.890381     176.894840       0.849445       0.533064
        6.763754       4.344033       1.687990       0.000000      61.860474     176.586269       0.849420       0.532984
        6.796117       4.344033       1.687990       0.000000      61.838257     176.280510       0.849407       0.532944
        6.828479       4.344033       1.687990       0.000000      61.820068     175.952072       0.849365       0.532814
        6.860841       4.344033       1.687990       0.000000      61.796753     175.663102       0.849374       0.532843
        6.893204       4.344033       1.687990       0.000000      61.774414     175.351213       0.849384       0.532874
        6.925566       4.344033       1.687990       0.000000      61.768555     175.050678       0.849325       0.532690
        6.957929       4.344033       1.687990       0.000000      61.752197     174.743391       0.849317       0.532667
        6.990291       4.344033       1.687990       0.000000      61.748657     174.450701       0.849285       0.532568
        7.022654       4.344033       1.687990       0.000000      61.737305     174.135365       0.849271       0.532522
        7.055017       4.344033       1.687990       0.000000      61.728027     173.859268       0.849255       0.532473
        7.087379       4.344033       1.687990       0.000000      61.723755     173.567206       0.849234       0.532407
        7.119742       4.344033       1.687990       0.000000      61.719360     173.266155       0.849221       0.532368
        7.152104       4.344033       1.687990       0.000000      61.708130     172.968565       0.849226       0.532384
        7.184466       4.344033       1.687990       0.000000      61.715942     172.691219       0.849181       0.532245
        7.216829       4.344033       1.687990       0.000000      61.714478     172.383032       0.849162       0.532186
        7.249191       4.344033       1.687990       0.000000      61.715332     172.115355       0.849147       0.532139
        7.281554       4.344033       1.687990       0.000000      61.714844     171.825552       0.849132       0.532091
        7.313916       4.344033       1.687990       0.000000      61.707886     171.550812       0.849151       0.532151
        7.346279       4.344033       1.687990       0.000000      61.722656     171.273043       0.849094       0.531973
        7.378641       4.344033       1.687990       0.000000      61.727905     170.973403       0.849079       0.531928
        7.411003       4.344033       1.687990       0.000000      61.733521     170.722327       0.849062       0.531874
        7.443366       4.344033       1.687990       0.000000      61.739624     170.428220       0.849043       0.531817
        7.475728       4.344033       1.687990       0.000000      61.753296     170.153957       0.849004       0.531695
        7.508091       4.344033       1.687990       0.000000      61.752197     169.884368       0.849021       0.531749
        7.540453       4.344033       1.687990       0.000000      61.761475     169.598554       0.848991       0.531656
        7.572816       4.344033       1.687990       0.000000      61.777832     169.328723       0.848977       0.531610
        7.605178       4.344033       1.687990       0.000000      61.789795     169.076107       0.848960       0.531559
        7.637540       4.344033       1.687990       0.000000      61.799438     168.767788       0.848944       0.531510
        7.669903       4.344033       1.687990       0.000000      61.816162     168.525091       0.848909       0.531401
        7.702265       4.344033       1.687990       0.000000      61.813477     168.237305       0.848943       0.531505
        7.734628       4.344033       1.687990       0.000000      61.833618     168.016721       0.848912       0.531410
        7.766990       4.344033       1.687990       0.000000      61.851929     167.724118       0.848879       0.531309
