        0.065789       0.996956       0.003037       0.003037       0.000000       0.000000       0.000000       0.000000       0.000000       0.000000       0.000000       0.000000       0.000000       0.000000       0.000000       0.000000
        0.131579       0.992058       0.007948       0.007948       0.000000       0.000000       0.000000       0.000000       0.000000       0.000000       0.000000       0.000000       0.000000       0.000000       0.000000       0.000000
        0.197368       0.986595       0.013401       0.013401       0.000000       0.000000       0.000000       0.000000       0.000000       0.000000       0.000000       0.000000       0.000000       0.000000       0.000000       0.000000
        0.263158       0.981178       0.018821       0.018821       0.000000       0.000000       0.000000       0.000000       0.000000       0.000000       0.000000       0.000000       0.000000       0.000000       0.000000       0.000000
        0.328947       0.976067       0.023935       0.023935       0.000000       0.000000       0.000000       0.000000       0.000000       0.000000       0.000000       0.000000       0.000000       0.000000       0.000000       0.000000
        0.394737       0.971367       0.028627       0.028627       0.000000       0.000000       0.000000       0.000000       0.000000       0.000000       0.000000       0.000000       0.000000       0.000000       0.000000       0.000000
        0.460526       0.967125       0.032869       0.032869       0.000000       0.000000       0.000000       0.000000       0.000000       0.000000       0.000000       0.000000       0.000000       0.000000       0.000000       0.000000
        0.526316       0.963326       0.036677       0.036677       0.000000       0.000000       0.000000       0.000000       0.000000       0.000000       0.000000       0.000000       0.000000       0.000000       0.000000       0.000000
        0.592105       0.959923       0.040085       0.040085       0.000000       0.000000       0.000000       0.000000       0.000000       0.000000       0.000000       0.000000       0.000000       0.000000       0.000000       0.000000
        0.657895       0.956856       0.043139       0.043139       0.000000       0.000000       0.000000       0.000000       0.000000       0.000000       0.000000       0.000000       0.000000       0.000000       0.000000       0.000000
        0.723684       0.954109       0.045887       0.045887       0.000000       0.000000       0.000000       0.000000       0.000000       0.000000       0.000000       0.000000       0.000000       0.000000       0.000000       0.000000
        0.789474       0.950996       0.049001       0.048133       0.000868       0.000000       0.000000       0.000000       0.000000       0.000000       0.000000       0.000000       0.000000       0.000000       0.000000       0.000000
        0.855263       0.947533       0.052469       0.049905       0.002564       0.000000       0.000000       0.000000       0.000000       0.000000       0.000000       0.000000       0.000000       0.000000       0.000000       0.000000
        0.921053       0.944130       0.055862       0.051409       0.004454       0.000000       0.000000       0.000000       0.000000       0.000000       0.000000       0.000000       0.000000       0.000000       0.000000       0.000000
        0.986842       0.908638       0.072467       0.048970       0.004601       0.000000       0.000000       0.000000       0.000000       0.000000       0.000000       0.000000       0.000000       0.000000       0.018897       0.000000
        1.052632       0.860649       0.094064       0.044902       0.003862       0.000000       0.000000       0.000000       0.000000       0.000000       0.000000       0.000000       0.000000       0.000000       0.045301       0.000000
        1.118421       0.815239       0.114381       0.040931       0.003061       0.000000       0.000000       0.000000       0.000000       0.000000       0.000000       0.000000       0.000000       0.000000       0.070389       0.000000
        1.184211       0.773445       0.133009       0.037169       0.002283       0.000000       0.000000       0.000000       0.000000       0.000000       0.000000       0.000000       0.000000       0.000000       0.093559       0.000000
        1.250000       0.735405       0.149906       0.033643       0.001570       0.000000       0.000000       0.000000       0.000000       0.000000       0.000000       0.000000       0.000000       0.000000       0.114688       0.000000
        1.315789       0.700966       0.165178       0.030361       0.000950       0.000000       0.000000       0.000000       0.000000       0.000000       0.000000       0.000000       0.000000       0.000000       0.133868       0.000000
        1.381579       0.669868       0.178955       0.027321       0.000449       0.000000       0.000000       0.000000       0.000000       0.000000       0.000000       0.000000       0.000000       0.000000       0.151183       0.000000
        1.447368       0.641838       0.191381       0.024517       0.000098       0.000000       0.000000       0.000000       0.000000       0.000000       0.000000       0.000000       0.000000       0.000000       0.166767       0.000000
        1.513158       0.616676       0.202629       0.021932       0.000000       0.000000       0.000000       0.000000       0.000000       0.000000       0.000000       0.000000       0.000000       0.000000       0.180696       0.000000
        1.578947       0.594063       0.212761       0.019576       0.000000       0.000000       0.000000       0.000000       0.000000       0.000000       0.000000       0.000000       0.000000       0.000000       0.193178       0.000000
        1.644737       0.573753       0.221841       0.017445       0.000000       0.000000       0.000000       0.000000       0.000000       0.000000       0.000000       0.000000       0.000000       0.000000       0.204400       0.000000
        1.710526       0.555534       0.230003       0.015526       0.000000       0.000000       0.000000       0.000000       0.000000       0.000000       0.000000       0.000000       0.000000       0.000000       0.214477       0.000000
        1.776316       0.539192       0.237300       0.013803       0.000000       0.000000       0.000000       0.000000       0.000000       0.000000       0.000000       0.000000       0.000000       0.000000       0.223500       0.000000
        1.842105       0.524544       0.243851       0.012263       0.000000       0.000000       0.000000       0.000000       0.000000       0.000000       0.000000       0.000000       0.000000       0.000000       0.231590       0.000000
        1.907895       0.511208       0.249601       0.010889       0.000000       0.000000       0.000000       0.000000       0.000000       0.000000       0.000000       0.000000       0.000000       0.000474       0.238717       0.000000
        1.973684       0.495995       0.252976       0.009653       0.000000       0.000000       0.000000       0.000000       0.000000       0.000000       0.000000       0.000000       0.000000       0.007700       0.243322       0.000000
        2.039474       0.480782       0.255023       0.008552       0.000000       0.000000       0.000000       0.000000       0.000000       0.000000       0.000000       0.000000       0.000000       0.017754       0.246463       0.000000
        2.105263       0.466408       0.256262       0.007578       0.000000       0.000000       0.000000       0.000000       0.000000       0.000000       0.000000       0.000000       0.000000       0.028644       0.248685       0.000000
        2.171053       0.453163       0.256999       0.006720       0.000000       0.000000       0.000000       0.000000       0.000000       0.000000       0.000000       0.000000       0.000000       0.039563       0.250279       0.000000
        2.236842       0.441078       0.257379       0.005965       0.000000       0.000000       0.000000       0.000000       0.000000       0.000000       0.000000       0.000000       0.000000       0.050105       0.251424       0.000000
        2.302632       0.430168       0.257540       0.005302       0.000000       0.000000       0.000000       0.000000       0.000000       0.000000       0.000000       0.000000       0.000000       0.060052       0.252242       0.000000
        2.368421       0.420387       0.257540       0.004721       0.000000       0.000000       0.000000       0.000000       0.000000       0.000000       0.000000       0.000000       0.000000       0.069263       0.252812       0.000000
        2.434211       0.411613       0.257432       0.004212       0.000000       0.000000       0.000000       0.000000       0.000000       0.000000       0.000000       0.000000       0.000000       0.077758       0.253224       0.000000
        2.500000       0.403297       0.256636       0.003780       0.000000       0.000000       0.000000       0.000000       0.000000       0.000000       0.000000       0.000000       0.000878       0.085443       0.253737       0.000000
        2.565789       0.394402       0.253872       0.003443       0.000000       0.000000       0.000000       0.000000       0.000000       0.000000       0.000000       0.000000       0.004535       0.092214       0.254958       0.000000
        2.631579       0.385994       0.250596       0.003161       0.000000       0.000000       0.000000       0.000000       0.000000       0.000000       0.000000       0.000000       0.008901       0.098200       0.256324       0.000000
        2.697368       0.378304       0.247227       0.002920       0.000000       0.000000       0.000000       0.000000       0.000000       0.000000       0.000000       0.000000       0.013349       0.103456       0.257644       0.000000
        2.763158       0.371376       0.243957       0.002711       0.000000       0.000000       0.000000       0.000000       0.000000       0.000000       0.000000       0.000000       0.017648       0.108090       0.258897       0.000000
        2.828947       0.364098       0.240052       0.002510       0.000000       0.004438       0.000000       0.000000       0.000000       0.000000       0.000000       0.000000       0.021258       0.111341       0.258810       0.000000
        2.894737       0.356590       0.235734       0.002321       0.000000       0.012104       0.000000       0.000000       0.000000       0.000000       0.000000       0.000000       0.024299       0.113574       0.257718       0.000000
        2.960526       0.349358       0.231422       0.002150       0.000000       0.020894       0.000000       0.000000       0.000000       0.000000       0.000000       0.000000       0.026929       0.115209       0.256206       0.000000
        3.026316       0.342415       0.227179       0.001995       0.000000       0.030340       0.000000       0.000000       0.000000       0.000000       0.000000       0.000000       0.029234       0.116406       0.254411       0.000000
        3.092105       0.335869       0.223092       0.001857       0.000000       0.040166       0.000000       0.000000       0.000000       0.000000       0.000000       0.000000       0.031222       0.117238       0.252449       0.000000
        3.157895       0.329567       0.219087       0.001732       0.000000       0.050266       0.000000       0.000000       0.000000       0.000000       0.000000       0.000000       0.032959       0.117772       0.250316       0.000000
        3.223684       0.323616       0.215251       0.001620       0.000000       0.060509       0.000000       0.000000       0.000000       0.000000       0.000000       0.000000       0.034450       0.118052       0.248083       0.000000
        3.289474       0.317970       0.211563       0.001520       0.000000       0.070833       0.000000       0.000000       0.000000       0.000000       0.000000       0.000000       0.035731       0.118125       0.245783       0.000000
        3.355263       0.312569       0.207996       0.001429       0.000000       0.081213       0.000000       0.000000       0.000000       0.000000       0.000000       0.000001       0.036825       0.118010       0.243398       0.000000
        3.421053       0.307320       0.204347       0.001352       0.000000       0.091567       0.000000       0.000000       0.000000       0.000000       0.000000       0.000242       0.037658       0.117717       0.241142       0.000000
        3.486842       0.302254       0.200719       0.001285       0.000000       0.101936       0.000000       0.000000       0.000000       0.000000       0.000000       0.000600       0.038303       0.117289       0.238943       0.000000
        3.552631       0.297417       0.197208       0.001226       0.000000       0.112153       0.000000       0.000000       0.000000       0.000000       0.000000       0.000982       0.038781       0.116718       0.236710       0.000000
        3.618421       0.292778       0.193795       0.001173       0.000000       0.122371       0.000000       0.000000       0.000000       0.000000       0.000000       0.001364       0.039135       0.116049       0.234481       0.000000
        3.684211       0.288322       0.190493       0.001125       0.000000       0.132515       0.000000       0.000000       0.000000       0.000000       0.000000       0.001737       0.039390       0.115300       0.232239       0.000000
        3.750000       0.284096       0.187344       0.001082       0.000000       0.142500       0.000000       0.000000       0.000000       0.000000       0.000000       0.002084       0.039546       0.114476       0.229991       0.000000
        3.815789       0.280006       0.184287       0.001043       0.000000       0.152412       0.000000       0.000000       0.000000       0.000000       0.000000       0.002411       0.039624       0.113579       0.227702       0.000000
        3.881579       0.276070       0.181332       0.001008       0.000000       0.162205       0.000000       0.000000       0.000000       0.000000       0.000000       0.002713       0.039634       0.112629       0.225403       0.000000
        3.947368       0.272285       0.178486       0.000976       0.000000       0.171906       0.000000       0.000000       0.000000       0.000000       0.000000       0.002992       0.039586       0.111633       0.223095       0.000000
        4.013158       0.268654       0.175753       0.000947       0.000000       0.181478       0.000000       0.000000       0.000000       0.000000       0.000000       0.003246       0.039482       0.110593       0.220769       0.000000
        4.078948       0.265144       0.173098       0.000921       0.000000       0.190950       0.000000       0.000000       0.000000       0.000000       0.000000       0.003473       0.039327       0.109520       0.218455       0.000000
        4.144737       0.261772       0.170551       0.000897       0.000000       0.200275       0.000000       0.000000       0.000000       0.000000       0.000000       0.003683       0.039143       0.108431       0.216149       0.000000
        4.210526       0.258522       0.168090       0.000875       0.000000       0.209463       0.000000       0.000000       0.000000       0.000000       0.000000       0.003866       0.038913       0.107311       0.213843       0.000000
        4.276316       0.255409       0.165724       0.000855       0.000000       0.218451       0.000000       0.000000       0.000000       0.000000       0.000000       0.004018       0.038636       0.106164       0.211550       0.000000
        4.342105       0.252357       0.163407       0.000837       0.000000       0.227437       0.000000       0.000000       0.000000       0.000000       0.000000       0.004163       0.038346       0.105007       0.209255       0.000000
        4.407895       0.249428       0.161186       0.000821       0.000000       0.236227       0.000000       0.000000       0.000000       0.000000       0.000000       0.004288       0.038031       0.103840       0.206972       0.000000
        4.473684       0.246620       0.159053       0.000806       0.000000       0.244843       0.000000       0.000000       0.000000       0.000000       0.000000       0.004391       0.037689       0.102666       0.204716       0.000000
        4.539474       0.243858       0.156949       0.000792       0.000000       0.253429       0.000000       0.000000       0.000000       0.000000       0.000000       0.004484       0.037333       0.101486       0.202472       0.000000
        4.605263       0.241188       0.155249       0.000770       0.000000       0.260285       0.000000       0.000000       0.000000       0.000000       0.001332       0.004718       0.037172       0.100322       0.199748       0.000000
        4.671053       0.238594       0.154061       0.000736       0.000000       0.264805       0.000000       0.000000       0.000000       0.000000       0.004547       0.005163       0.037289       0.099189       0.196384       0.000000
        4.736842       0.236046       0.153002       0.000702       0.000000       0.268736       0.000000       0.000000       0.000000       0.000000       0.008136       0.005651       0.037447       0.098050       0.192892       0.000000
        4.802631       0.233589       0.152042       0.000668       0.000000       0.272368       0.000000       0.000000       0.000000       0.000000       0.011926       0.006158       0.037618       0.096927       0.189404       0.000000
        4.868421       0.231194       0.151161       0.000634       0.000000       0.275732       0.000000       0.000000       0.000000       0.000000       0.015766       0.006682       0.037800       0.095811       0.185908       0.000000
        4.934211       0.228889       0.150344       0.000603       0.000000       0.278845       0.000000       0.000000       0.000000       0.000000       0.019623       0.007197       0.037961       0.094699       0.182466       0.000000
        5.000000       0.226631       0.149571       0.000572       0.000000       0.281840       0.000000       0.000000       0.000000       0.000000       0.023499       0.007722       0.038123       0.093593       0.179043       0.000000
        5.065790       0.224419       0.148832       0.000543       0.000000       0.284718       0.000000       0.000000       0.000000       0.000000       0.027399       0.008245       0.038273       0.092486       0.175650       0.000000
        5.131579       0.222282       0.148142       0.000516       0.000000       0.287418       0.000000       0.000000       0.000000       0.000000       0.031209       0.008761       0.038410       0.091393       0.172322       0.000000
        5.197368       0.220222       0.147503       0.000489       0.000000       0.290063       0.000000       0.000000       0.000000       0.000000       0.035036       0.009277       0.038547       0.090326       0.169073       0.000000
        5.263158       0.218224       0.146898       0.000464       0.000000       0.292533       0.000000       0.000000       0.000000       0.000000       0.038766       0.009777       0.038659       0.089257       0.165874       0.000000
        5.328948       0.216225       0.146297       0.000441       0.000000       0.295000       0.000000       0.000000       0.000000       0.000000       0.042515       0.010285       0.038771       0.088187       0.162684       0.000000
        5.394737       0.214333       0.145754       0.000418       0.000000       0.297339       0.000000       0.000000       0.000000       0.000000       0.046164       0.010778       0.038872       0.087151       0.159613       0.000000
        5.460526       0.212471       0.145241       0.000396       0.000000       0.299647       0.000000       0.000000       0.000000       0.000000       0.049811       0.011270       0.038962       0.086106       0.156546       0.000000
        5.526316       0.210655       0.144747       0.000376       0.000000       0.301812       0.000000       0.000000       0.000000       0.000000       0.053350       0.011745       0.039032       0.085064       0.153535       0.000000
        5.592105       0.208900       0.144289       0.000356       0.000000       0.303987       0.000000       0.000000       0.000000       0.000000       0.056883       0.012221       0.039107       0.084054       0.150608       0.000000
        5.657895       0.207146       0.143827       0.000338       0.000000       0.306071       0.000000       0.000000       0.000000       0.000000       0.060350       0.012688       0.039162       0.083030       0.147688       0.000000
        5.723684       0.205437       0.143395       0.000320       0.000000       0.308135       0.000000       0.000000       0.000000       0.000000       0.063796       0.013149       0.039209       0.082012       0.144809       0.000000
        5.789474       0.203804       0.143008       0.000303       0.000000       0.310114       0.000000       0.000000       0.000000       0.000000       0.067139       0.013603       0.039256       0.081026       0.142025       0.000000
        5.855263       0.202187       0.142626       0.000287       0.000000       0.312060       0.000000       0.000000       0.000000       0.000000       0.070470       0.014048       0.039286       0.080034       0.139264       0.000000
        5.921053       0.200630       0.142272       0.000272       0.000000       0.313935       0.000000       0.000000       0.000000       0.000000       0.073718       0.014481       0.039312       0.079069       0.136590       0.000000
        5.986842       0.199104       0.141941       0.000257       0.000000       0.315752       0.000000       0.000000       0.000000       0.000000       0.076880       0.014912       0.039334       0.078112       0.133953       0.000000
        6.052631       0.197563       0.141600       0.000243       0.000000       0.317593       0.000000       0.000000       0.000000       0.000000       0.080092       0.015337       0.039337       0.077131       0.131296       0.000000
        6.118421       0.196114       0.141314       0.000230       0.000000       0.319347       0.000000       0.000000       0.000000       0.000000       0.083164       0.015756       0.039348       0.076196       0.128754       0.000000
        6.184211       0.194679       0.141023       0.000217       0.000000       0.321077       0.000000       0.000000       0.000000       0.000000       0.086242       0.016160       0.039342       0.075262       0.126254       0.000000
        6.250000       0.193321       0.140769       0.000205       0.000000       0.322683       0.000000       0.000000       0.000000       0.000000       0.089171       0.016548       0.039329       0.074355       0.123847       0.000000
        6.315790       0.191933       0.140435       0.000194       0.000000       0.324083       0.000000       0.000000       0.000000       0.000627       0.091785       0.016896       0.039277       0.073443       0.121513       0.000000
        6.381579       0.190636       0.140083       0.000185       0.000000       0.325217       0.000000       0.000000       0.000000       0.001681       0.094084       0.017189       0.039197       0.072586       0.119385       0.000000
        6.447368       0.189384       0.139721       0.000177       0.000000       0.326148       0.000000       0.000000       0.000000       0.002919       0.096168       0.017440       0.039085       0.071737       0.117343       0.000000
        6.513158       0.188210       0.139397       0.000169       0.000000       0.327028       0.000000       0.000000       0.000000       0.004298       0.098147       0.017681       0.038977       0.070925       0.115394       0.000000
        6.578948       0.186958       0.139001       0.000161       0.000000       0.327906       0.000000       0.000000       0.000000       0.005806       0.100073       0.017913       0.038851       0.070093       0.113435       0.000000
        6.644737       0.185844       0.138674       0.000154       0.000000       0.328602       0.000000       0.000000       0.000000       0.007330       0.101822       0.018112       0.038716       0.069305       0.111607       0.000000
        6.710526       0.184654       0.138295       0.000148       0.000000       0.329344       0.000000       0.000000       0.000000       0.008985       0.103594       0.018310       0.038566       0.068485       0.109727       0.000000
        6.776316       0.183540       0.137944       0.000141       0.000000       0.330043       0.000000       0.000000       0.000000       0.010644       0.105253       0.018497       0.038423       0.067713       0.107963       0.000000
        6.842105       0.182472       0.137604       0.000136       0.000000       0.330660       0.000000       0.000000       0.000000       0.012310       0.106824       0.018665       0.038271       0.066958       0.106265       0.000000
        6.907895       0.181465       0.137296       0.000130       0.000000       0.331177       0.000000       0.000000       0.000000       0.013971       0.108295       0.018815       0.038111       0.066220       0.104624       0.000000
        6.973684       0.180428       0.136971       0.000125       0.000000       0.331762       0.000000       0.000000       0.000000       0.015715       0.109781       0.018974       0.037955       0.065482       0.102978       0.000000
        7.039473       0.179420       0.136649       0.000120       0.000000       0.332300       0.000000       0.000000       0.000000       0.017449       0.111194       0.019115       0.037789       0.064752       0.101376       0.000000
        7.105263       0.178474       0.136359       0.000115       0.000000       0.332757       0.000000       0.000000       0.000000       0.019169       0.112541       0.019241       0.037617       0.064041       0.099834       0.000000
        7.171053       0.177452       0.136028       0.000110       0.000000       0.333275       0.000000       0.000000       0.000000       0.020958       0.113856       0.019377       0.037443       0.063307       0.098238       0.000000
        7.236842       0.176537       0.135741       0.000106       0.000000       0.333696       0.000000       0.000000       0.000000       0.022705       0.115151       0.019487       0.037265       0.062614       0.096759       0.000000
        7.302632       0.175621       0.135464       0.000102       0.000000       0.334164       0.000000       0.000000       0.000000       0.024476       0.116385       0.019608       0.037096       0.061929       0.095285       0.000000
        7.368421       0.174751       0.135201       0.000098       0.000000       0.334539       0.000000       0.000000       0.000000       0.026229       0.117602       0.019705       0.036914       0.061256       0.093865       0.000000
        7.434211       0.173866       0.134917       0.000094       0.000000       0.334902       0.000000       0.000000       0.000000       0.027948       0.118726       0.019798       0.036728       0.060584       0.092457       0.000000
        7.500000       0.173012       0.134670       0.000090       0.000000       0.335304       0.000000       0.000000       0.000000       0.029730       0.119865       0.019900       0.036552       0.059921       0.091058       0.000000
