   9.9999997764825821E-003   16790984624809.703        8.0398398146558248E-002   41.526769999999999     
   1.9999999552965164E-002   33619981086403.883        6.6745828553885930E-002   37.220320000000001     
   2.9999999329447746E-002   50474466637576.258        5.3946285301956526E-002   29.705950000000001     
   3.9999999105930328E-002   67356269484344.031        5.6195270243406516E-002   20.459800000000001     
   4.9999997019767761E-002   84266458709616.781        7.7292468114841487E-002   16.003240000000002     
   5.9999998658895493E-002   101205349841336.56       0.10785344074990587        14.379690000000000     
   7.0000000298023224E-002   118175407709544.88       0.14172442482313613        13.762330000000000     
   7.9999998211860657E-002   135177634579469.41       0.17479624644344330        13.507700000000000     
   8.9999996125698090E-002   152211065306816.81       0.20467734579014760        13.388120000000001     
   9.9999994039535522E-002   169275707315774.03       0.23048542659029070        13.318370000000000     
  0.10999999940395355        186377202988363.66       0.25243824762796280        13.265790000000001     
  0.11999999731779099        203516250198151.69       0.27090816085526670        13.218540000000001     
  0.12999999523162842        220696085890614.34       0.28692957679607423        13.170970000000001     
  0.14000000059604645        237917259455580.12       0.30176322021998869        13.119270000000000     
  0.14999999105930328        255171678529358.53       0.29940612727316451        13.128000000000000     
  0.15999999642372131        272405829572976.53       0.28639321035560933        13.172689999999999     
  0.17000000178813934        289612659608905.62       0.26938162821602096        13.222700000000000     
  0.17999999225139618        306800750997169.94       0.24917290949187540        13.273660000000000     
  0.18999999761581421        323962590460654.94       0.22750939617353580        13.325680000000000     
  0.19999998807907104        341118639058379.81       0.20756541925482566        13.379330000000000     
  0.20999999344348907        358268926487092.00       0.19389224928183971        13.424340000000001     
  0.21999999880790710        375427707185585.75       0.19143526895251350        13.433500000000000     
  0.22999998927116394        392605404712229.25       0.18740762117334658        13.425540000000000     
  0.23999999463558197        409810660820541.56       0.17853035513136398        13.344110000000001     
  0.25000000000000000        427055116635537.75       0.16683625398481933        13.099000000000000     
  0.25999999046325684        444364341056805.06       0.15685796992040274        12.590400000000001     
  0.26999998092651367        461728563854419.94       0.15468982564310285        11.802270000000000     
  0.28000000119209290        479184074453812.56       0.16518079609045391        10.923640000000001     
  0.28999999165534973        496740821265391.25       0.18939878475941918        10.218800000000000     
  0.29999998211860657        514388351034040.50       0.22030006280812589        9.8217800000000004     
  0.31000000238418579        532156093236520.62       0.25777941235231111        9.6000599999999991     
  0.31999999284744263        550012450533504.50       0.30235374325337749        9.4960199999999997     
  0.32999998331069946        567993237202462.50       0.35408729173556847        9.4766999999999992     
  0.34000000357627869        586111994960249.25       0.41254668136293743        9.5180000000000007     
  0.34999999403953552        604401212048616.50       0.47721122901961943        9.6012400000000007     
  0.35999998450279236        622820382103990.62       0.54693475344950471        9.7114300000000000     
  0.37000000476837158        641448973622649.25       0.62089839792847634        9.8377499999999998     
  0.37999999523162842        660224504647877.88       0.69656710610697858        9.9693400000000008     
  0.38999998569488525        679190154250523.75       0.77091743817893232        10.096819999999999     
  0.39999997615814209        698373777979730.75       0.84572676126652624        10.221069999999999     
  0.40999999642372131        717742768806757.00       0.92091823804427730        10.340680000000001     
  0.41999998688697815        737343810018653.50       0.99599755912208632        10.454260000000000     
  0.42999997735023499        757140849763970.00        1.0633820313347182        10.550879999999999     
  0.43999999761581421        777152834567603.75        1.1242769541194373        10.633380000000001     
  0.44999998807907104        797346801039843.12        1.1815972888159760        10.706550000000000     
  0.45999997854232788        817749357466437.50        1.2358300187651370        10.771470000000001     
  0.46999999880790710        838325461685350.75        1.2872510644261475        10.829000000000001     
  0.47999998927116394        859108492840759.75        1.3359690729498079        10.879709999999999     
  0.48999997973442078        880070714170510.50        1.3821369133228065        10.924220000000000     
  0.50000000000000000        901226261326407.25        1.4258328982573891        10.962990000000000     
  0.50999999046325684        922591289339083.50        1.4672147062449548        10.996540000000000     
  0.51999998092651367        944145069878792.62        1.5062605601247723        11.025230000000001     
  0.52999997138977051        965965824178417.88        1.5431904458716141        11.049560000000000     
  0.53999996185302734        987836231439842.75        1.5779374929455117        11.069800000000001     
  0.55000001192092896        1010021424224639.0        1.6109004216201535        11.086470000000000     
  0.56000000238418579        1032400417983541.4        1.6419519490989642        11.099750000000000     
  0.56999999284744263        1054906395034701.8        1.6711967518398323        11.109959999999999     
  0.57999998331069946        1077642343698408.1        1.6988339857136816        11.117390000000000     
  0.58999997377395630        1100558967373830.8        1.7248638683153275        11.122290000000000     
  0.59999996423721313        1123706631744709.2        1.7494277195295396        11.124850000000000     
  0.61000001430511475        1147060391543153.5        1.7726145882534536        11.125299999999999     
  0.62000000476837158        1170629393367389.8        1.7944542375444485        11.123799999999999     
  0.62999999523162842        1194374437510734.2        1.8149875161113203        11.120550000000000     
  0.63999998569488525        1218300988174724.5        1.8343266238673503        11.115700000000000     
  0.64999997615814209        1242329933224053.0        1.8525135218165494        11.109380000000000     
  0.65999996662139893        1266731513060859.5        1.8696980977429460        11.101690000000000     
  0.66999995708465576        1291245465390160.0        1.8858334392449174        11.092810000000000     
  0.68000000715255737        1315907188734960.2        1.9010028969632440        11.082839999999999     
  0.68999999761581421        1340889280591659.5        1.9153019473341406        11.071840000000000     
  0.69999998807907104        1365952979110455.5        1.9282223784702393        11.060400000000000     
  0.70999997854232788        1391179059444515.2        1.9397277551835299        11.048840000000000     
  0.71999996900558472        1416596980767346.8        1.9504330372754832        11.036750000000000     
  0.72999995946884155        1442375895752640.5        1.9604695087312338        11.024070000000000     
  0.74000000953674316        1468221331452307.2        1.9698144125308805        11.010910000000001     
  0.75000000000000000        1494120696445412.0        1.9785323334499931        10.997299999999999     
  0.75999999046325684        1520327363381521.5        1.9867283741881741        10.983180000000001     
  0.76999998092651367        1546761982551347.8        1.9943931190257767        10.968620000000000     
  0.77999997138977051        1573197314443113.8        2.0015436799910593        10.953709999999999     
  0.78999996185302734        1599935790733235.8        2.0082156594606495        10.938440000000000     
  0.79999995231628418        1626624851635538.2        2.0144350131628195        10.922890000000001     
  0.81000000238418579        1653694862414615.0        2.0202496642971610        10.906980000000001     
  0.81999999284744263        1680817258256260.5        2.0256624445354201        10.890820000000000     
  0.82999998331069946        1708267031042212.2        2.0307246898072249        10.874320000000001     
  0.83999997377395630        1735639473497705.5        2.0354121519691128        10.857659999999999     
  0.84999996423721313        1763420899559601.8        2.0397749722278293        10.840730000000001     
  0.85999995470046997        1791227508463367.8        2.0438058970692139        10.823660000000000     
  0.87000000476837158        1819407583663541.2        2.0475608153965403        10.806300000000000     
  0.87999999523162842        1847568890519302.8        2.0510010954341973        10.788890000000000     
  0.88999998569488525        1876005426830781.2        2.0541780345243468        10.771300000000000     
  0.89999997615814209        1904508008708673.0        2.0570843572098800        10.753640000000001     
  0.90999996662139893        1933054779346827.0        2.0597360519369952        10.735920000000000     
  0.91999995708465576        1962159730050763.0        2.0621818732967925        10.717910000000000     
  0.93000000715255737        1991162523943340.8        2.0643835220519144        10.699949999999999     
  0.93999999761581421        2020446011493173.2        2.0663736601654996        10.681910000000000     
  0.94999998807907104        2049569730541521.8        2.0681536318610134        10.663869999999999     
  0.95999997854232788        2079310904363637.8        2.0697417363717516        10.645790000000000     
  0.96999996900558472        2109066807772508.0        2.0711273332854896        10.627910000000000     
  0.97999995946884155        2138736234252693.5        2.0723362313583040        10.610090000000000     
  0.98999994993209839        2168757507797115.2        2.0733820110618080        10.592250000000000     
   1.0000000000000000        2199161750597140.2        2.0742695307957475        10.574410000000000     
   1.0099999904632568        2229279954325362.5        2.0750043174275064        10.556630000000000     
   1.0199999809265137        2260051486498318.0        2.0755991100317819        10.538800000000000     
   1.0299999713897705        2290884550332068.0        2.0760553616773985        10.521030000000000     
   1.0399999618530273        2321673187831576.5        2.0763797235557435        10.503340000000000     
   1.0499999523162842        2352377724142199.5        2.0765801145990341        10.485700000000000     
   1.0599999427795410        2383622028535161.5        2.0766624983464754        10.468100000000000     
   1.0699999332427979        2415027170512518.5        2.0766315285490853        10.450440000000000     
   1.0799999237060547        2446393587931151.0        2.0764919829935611        10.432840000000001     
   1.0900000333786011        2478204743840162.0        2.0762481587989097        10.415250000000000     
   1.1000000238418579        2509917068973533.0        2.0759078303723553        10.397840000000000     
   1.1100000143051147        2542043010405916.0        2.0754702738057476        10.380350000000000     
   1.1200000047683716        2574057529641723.5        2.0749464944081244        10.363049999999999     
   1.1299999952316284        2606100082607160.0        2.0743358735867918        10.345780000000000     
   1.1399999856948853        2638734194782555.0        2.0736392672140971        10.328490000000000     
