        0.065789       1.150000       0.955320       0.955320
        0.131579       1.150000       0.914722       0.914722
        0.197368       1.150000       0.877788       0.877788
        0.263158       1.150000       0.844073       0.844073
        0.328947       1.150000       0.813141       0.813141
        0.394737       1.150000       0.784587       0.784587
        0.460526       1.150000       0.758048       0.758048
        0.526316       1.150000       0.733216       0.733216
        0.592105       1.150000       0.709842       0.709842
        0.657895       1.150000       0.687709       0.687709
        0.723684       1.150000       0.666653       0.666653
        0.789474       1.150000       0.646522       0.646522
        0.855263       1.150000       0.627206       0.627206
        0.921053       1.150000       0.608636       0.608636
        0.986842       1.150000       0.588069       0.588069
        1.052632       1.150000       0.566682       0.566682
        1.118421       1.150000       0.545643       0.545643
        1.184211       1.150000       0.525069       0.525069
        1.250000       1.150000       0.505048       0.505048
        1.315789       1.150000       0.485607       0.485607
        1.381579       1.150000       0.466782       0.466782
        1.447368       1.150000       0.448596       0.448596
        1.513158       1.150000       0.431121       0.431121
        1.578947       1.150000       0.414347       0.414347
        1.644737       1.150000       0.398298       0.398298
        1.710526       1.150000       0.382973       0.382973
        1.776316       1.150000       0.368400       0.368400
        1.842105       1.150000       0.354550       0.354550
        1.907895       1.150000       0.341361       0.341361
        1.973684       1.150000       0.327736       0.327736
        2.039474       1.150000       0.314290       0.314290
        2.105263       1.150000       0.301379       0.301379
        2.171053       1.150000       0.289124       0.289124
        2.236842       1.150000       0.277542       0.277542
        2.302632       1.150000       0.266655       0.266655
        2.368421       1.150000       0.256501       0.256501
        2.434211       1.150000       0.246975       0.246975
        2.500000       1.150000       0.237868       0.237868
        2.565789       1.150000       0.228642       0.228642
        2.631579       1.150000       0.219805       0.219805
        2.697368       1.150000       0.211501       0.211501
        2.763158       1.150000       0.203728       0.203728
        2.828947       1.150000       0.196719       0.196719
        2.894737       1.150000       0.190231       0.190231
        2.960526       1.150000       0.184181       0.184181
        3.026316       1.150000       0.178452       0.178452
        3.092105       1.150000       0.173100       0.173100
        3.157895       1.150000       0.167961       0.167961
        3.223684       1.150000       0.163121       0.163121
        3.289474       1.150000       0.158523       0.158523
        3.355263       1.150000       0.154117       0.154117
        3.421053       1.150000       0.149833       0.149833
        3.486842       1.150000       0.145669       0.145669
        3.552631       1.150000       0.141718       0.141718
        3.618421       1.150000       0.137890       0.137890
        3.684211       1.150000       0.134187       0.134187
        3.750000       1.150000       0.130673       0.130673
        3.815789       1.150000       0.127250       0.127250
        3.881579       1.150000       0.123934       0.123934
        3.947368       1.150000       0.120722       0.120722
        4.013158       1.150000       0.117624       0.117624
        4.078948       1.150000       0.114606       0.114606
        4.144737       1.150000       0.111679       0.111679
        4.210526       1.150000       0.108851       0.108851
        4.276316       1.150000       0.106153       0.106153
        4.342105       1.150000       0.103448       0.103448
        4.407895       1.150000       0.100847       0.100847
        4.473684       1.150000       0.098349       0.098349
        4.539474       1.150000       0.095844       0.095844
        4.605263       1.150000       0.093514       0.093514
        4.671053       1.150000       0.091360       0.091360
        4.736842       1.150000       0.089256       0.089256
        4.802631       1.150000       0.087205       0.087205
        4.868421       1.150000       0.085203       0.085203
        4.934211       1.150000       0.083298       0.083298
        5.000000       1.150000       0.081393       0.081393
        5.065790       1.150000       0.079517       0.079517
        5.131579       1.150000       0.077703       0.077703
        5.197368       1.150000       0.075926       0.075926
        5.263158       1.150000       0.074223       0.074223
        5.328948       1.150000       0.072472       0.072472
        5.394737       1.150000       0.070805       0.070805
        5.460526       1.150000       0.069159       0.069159
        5.526316       1.150000       0.067570       0.067570
        5.592105       1.150000       0.065978       0.065978
        5.657895       1.150000       0.064398       0.064398
        5.723684       1.150000       0.062836       0.062836
        5.789474       1.150000       0.061336       0.061336
        5.855263       1.150000       0.059844       0.059844
        5.921053       1.150000       0.058394       0.058394
        5.986842       1.150000       0.056969       0.056969
        6.052631       1.150000       0.055512       0.055512
        6.118421       1.150000       0.054129       0.054129
        6.184211       1.150000       0.052751       0.052751
        6.250000       1.150000       0.051460       0.051460
        6.315790       1.150000       0.050091       0.050091
        6.381579       1.150000       0.048798       0.048798
        6.447368       1.150000       0.047580       0.047580
        6.513158       1.150000       0.046411       0.046411
        6.578948       1.150000       0.045107       0.045107
        6.644737       1.150000       0.043996       0.043996
        6.710526       1.150000       0.042771       0.042771
        6.776316       1.150000       0.041573       0.041573
        6.842105       1.150000       0.040429       0.040429
        6.907895       1.150000       0.039380       0.039380
        6.973684       1.150000       0.038242       0.038242
        7.039473       1.150000       0.037122       0.037122
        7.105263       1.150000       0.036096       0.036096
        7.171053       1.150000       0.034931       0.034931
        7.236842       1.150000       0.033919       0.033919
        7.302632       1.150000       0.032845       0.032845
        7.368421       1.150000       0.031875       0.031875
        7.434211       1.150000       0.030844       0.030844
        7.500000       1.150000       0.029834       0.029834
