        0.065789       0.996956       0.003037       0.003037       0.000000       0.000000       0.000000       0.000000       0.000000       0.000000       0.000000       0.000000       0.000000       0.000000       0.000000       0.000000
        0.131579       0.992058       0.007948       0.007948       0.000000       0.000000       0.000000       0.000000       0.000000       0.000000       0.000000       0.000000       0.000000       0.000000       0.000000       0.000000
        0.197368       0.986595       0.013401       0.013401       0.000000       0.000000       0.000000       0.000000       0.000000       0.000000       0.000000       0.000000       0.000000       0.000000       0.000000       0.000000
        0.263158       0.981178       0.018821       0.018821       0.000000       0.000000       0.000000       0.000000       0.000000       0.000000       0.000000       0.000000       0.000000       0.000000       0.000000       0.000000
        0.328947       0.976067       0.023935       0.023935       0.000000       0.000000       0.000000       0.000000       0.000000       0.000000       0.000000       0.000000       0.000000       0.000000       0.000000       0.000000
        0.394737       0.971367       0.028627       0.028627       0.000000       0.000000       0.000000       0.000000       0.000000       0.000000       0.000000       0.000000       0.000000       0.000000       0.000000       0.000000
        0.460526       0.967125       0.032869       0.032869       0.000000       0.000000       0.000000       0.000000       0.000000       0.000000       0.000000       0.000000       0.000000       0.000000       0.000000       0.000000
        0.526316       0.963326       0.036677       0.036677       0.000000       0.000000       0.000000       0.000000       0.000000       0.000000       0.000000       0.000000       0.000000       0.000000       0.000000       0.000000
        0.592105       0.959908       0.040085       0.040085       0.000000       0.000000       0.000000       0.000000       0.000000       0.000000       0.000000       0.000000       0.000000       0.000000       0.000000       0.000000
        0.657895       0.956856       0.043139       0.043139       0.000000       0.000000       0.000000       0.000000       0.000000       0.000000       0.000000       0.000000       0.000000       0.000000       0.000000       0.000000
        0.723684       0.954109       0.045887       0.045887       0.000000       0.000000       0.000000       0.000000       0.000000       0.000000       0.000000       0.000000       0.000000       0.000000       0.000000       0.000000
        0.789474       0.950996       0.049001       0.048133       0.000868       0.000000       0.000000       0.000000       0.000000       0.000000       0.000000       0.000000       0.000000       0.000000       0.000000       0.000000
        0.855263       0.947533       0.052469       0.049905       0.002564       0.000000       0.000000       0.000000       0.000000       0.000000       0.000000       0.000000       0.000000       0.000000       0.000000       0.000000
        0.921053       0.944145       0.055863       0.051409       0.004454       0.000000       0.000000       0.000000       0.000000       0.000000       0.000000       0.000000       0.000000       0.000000       0.000000       0.000000
        0.986842       0.940895       0.059107       0.052722       0.006384       0.000000       0.000000       0.000000       0.000000       0.000000       0.000000       0.000000       0.000000       0.000000       0.000000       0.000000
        1.052632       0.937813       0.062182       0.053893       0.008290       0.000000       0.000000       0.000000       0.000000       0.000000       0.000000       0.000000       0.000000       0.000000       0.000000       0.000000
        1.118421       0.906776       0.076415       0.051426       0.008181       0.000000       0.000000       0.000000       0.000000       0.000000       0.000000       0.000000       0.000000       0.000000       0.016807       0.000000
        1.184211       0.867531       0.093778       0.047773       0.007298       0.000000       0.000000       0.000000       0.000000       0.000000       0.000000       0.000000       0.000000       0.000000       0.038705       0.000000
        1.250000       0.829872       0.110302       0.044151       0.006328       0.000000       0.000000       0.000000       0.000000       0.000000       0.000000       0.000000       0.000000       0.000000       0.059824       0.000000
        1.315789       0.794670       0.125682       0.040668       0.005353       0.000000       0.000000       0.000000       0.000000       0.000000       0.000000       0.000000       0.000000       0.000000       0.079658       0.000000
        1.381579       0.762062       0.139849       0.037360       0.004413       0.000000       0.000000       0.000000       0.000000       0.000000       0.000000       0.000000       0.000000       0.000000       0.098080       0.000000
        1.447368       0.732079       0.152850       0.034239       0.003529       0.000000       0.000000       0.000000       0.000000       0.000000       0.000000       0.000000       0.000000       0.000000       0.115086       0.000000
        1.513158       0.704567       0.164733       0.031309       0.002719       0.000000       0.000000       0.000000       0.000000       0.000000       0.000000       0.000000       0.000000       0.000000       0.130709       0.000000
        1.578947       0.679390       0.175586       0.028573       0.001993       0.000000       0.000000       0.000000       0.000000       0.000000       0.000000       0.000000       0.000000       0.000000       0.145023       0.000000
        1.644737       0.656380       0.185496       0.026027       0.001361       0.000000       0.000000       0.000000       0.000000       0.000000       0.000000       0.000000       0.000000       0.000000       0.158114       0.000000
        1.710526       0.635414       0.194540       0.023667       0.000831       0.000000       0.000000       0.000000       0.000000       0.000000       0.000000       0.000000       0.000000       0.000000       0.170047       0.000000
        1.776316       0.616310       0.202803       0.021487       0.000411       0.000000       0.000000       0.000000       0.000000       0.000000       0.000000       0.000000       0.000000       0.000000       0.180906       0.000000
        1.842105       0.598930       0.210340       0.019480       0.000114       0.000000       0.000000       0.000000       0.000000       0.000000       0.000000       0.000000       0.000000       0.000000       0.190740       0.000000
        1.907895       0.583122       0.217252       0.017636       0.000000       0.000000       0.000000       0.000000       0.000000       0.000000       0.000000       0.000000       0.000000       0.000000       0.199620       0.000000
        1.973684       0.568794       0.223583       0.015950       0.000000       0.000000       0.000000       0.000000       0.000000       0.000000       0.000000       0.000000       0.000000       0.000000       0.207638       0.000000
        2.039474       0.555748       0.229339       0.014421       0.000000       0.000000       0.000000       0.000000       0.000000       0.000000       0.000000       0.000000       0.000000       0.000000       0.214924       0.000000
        2.105263       0.543907       0.234571       0.013038       0.000000       0.000000       0.000000       0.000000       0.000000       0.000000       0.000000       0.000000       0.000000       0.000000       0.221536       0.000000
        2.171053       0.533134       0.239330       0.011790       0.000000       0.000000       0.000000       0.000000       0.000000       0.000000       0.000000       0.000000       0.000000       0.000000       0.227544       0.000000
        2.236842       0.523354       0.243664       0.010666       0.000000       0.000000       0.000000       0.000000       0.000000       0.000000       0.000000       0.000000       0.000000       0.000000       0.233000       0.000000
        2.302632       0.514458       0.247594       0.009656       0.000000       0.000000       0.000000       0.000000       0.000000       0.000000       0.000000       0.000000       0.000000       0.000000       0.237947       0.000000
        2.368421       0.504936       0.250427       0.008744       0.000000       0.000000       0.000000       0.000000       0.000000       0.000000       0.000000       0.000000       0.000000       0.002957       0.241676       0.000000
        2.434211       0.494926       0.252235       0.007923       0.000000       0.000000       0.000000       0.000000       0.000000       0.000000       0.000000       0.000000       0.000000       0.008518       0.244318       0.000000
        2.500000       0.485207       0.253504       0.007186       0.000000       0.000000       0.000000       0.000000       0.000000       0.000000       0.000000       0.000000       0.000000       0.014980       0.246319       0.000000
        2.565789       0.475990       0.254385       0.006525       0.000000       0.000000       0.000000       0.000000       0.000000       0.000000       0.000000       0.000000       0.000000       0.021762       0.247866       0.000000
        2.631579       0.467171       0.254859       0.005931       0.000000       0.000531       0.000000       0.000000       0.000000       0.000000       0.000000       0.000000       0.000000       0.028511       0.248929       0.000000
        2.697368       0.457176       0.253606       0.005379       0.000000       0.006772       0.000000       0.000000       0.000000       0.000000       0.000000       0.000000       0.000000       0.034209       0.248235       0.000000
        2.763158       0.447151       0.251707       0.004880       0.000000       0.014991       0.000000       0.000000       0.000000       0.000000       0.000000       0.000000       0.000000       0.039298       0.246829       0.000000
        2.828947       0.437370       0.249483       0.004432       0.000000       0.024145       0.000000       0.000000       0.000000       0.000000       0.000000       0.000000       0.000000       0.043932       0.245054       0.000000
        2.894737       0.427925       0.247061       0.004033       0.000000       0.033842       0.000000       0.000000       0.000000       0.000000       0.000000       0.000000       0.000000       0.048152       0.243035       0.000000
        2.960526       0.418846       0.244507       0.003676       0.000000       0.043854       0.000000       0.000000       0.000000       0.000000       0.000000       0.000000       0.000000       0.051971       0.240825       0.000000
        3.026316       0.410149       0.241862       0.003358       0.000000       0.054056       0.000000       0.000000       0.000000       0.000000       0.000000       0.000000       0.000000       0.055417       0.238498       0.000000
        3.092105       0.401802       0.239163       0.003074       0.000000       0.064403       0.000000       0.000000       0.000000       0.000000       0.000000       0.000000       0.000000       0.058538       0.236082       0.000000
        3.157895       0.393806       0.236432       0.002821       0.000000       0.074822       0.000000       0.000000       0.000000       0.000000       0.000000       0.000000       0.000000       0.061348       0.233608       0.000000
        3.223684       0.386101       0.233664       0.002594       0.000000       0.085271       0.000000       0.000000       0.000000       0.000000       0.000000       0.000000       0.000000       0.063879       0.231074       0.000000
        3.289474       0.378761       0.230906       0.002392       0.000000       0.095670       0.000000       0.000000       0.000000       0.000000       0.000000       0.000000       0.000000       0.066119       0.228523       0.000000
        3.355263       0.371712       0.228156       0.002211       0.000000       0.106057       0.000000       0.000000       0.000000       0.000000       0.000000       0.000000       0.000000       0.068121       0.225950       0.000000
        3.421053       0.364937       0.225419       0.002048       0.000000       0.116386       0.000000       0.000000       0.000000       0.000000       0.000000       0.000000       0.000003       0.069900       0.223366       0.000000
        3.486842       0.358101       0.222276       0.001910       0.000000       0.126576       0.000000       0.000000       0.000000       0.000000       0.000000       0.000000       0.000615       0.071449       0.220980       0.000000
        3.552631       0.351387       0.218939       0.001791       0.000000       0.136586       0.000000       0.000000       0.000000       0.000000       0.000000       0.000000       0.001570       0.072774       0.218724       0.000000
        3.618421       0.344856       0.215553       0.001686       0.000000       0.146518       0.000000       0.000000       0.000000       0.000000       0.000000       0.000000       0.002658       0.073917       0.216513       0.000000
        3.684211       0.338493       0.212121       0.001593       0.000000       0.156357       0.000000       0.000000       0.000000       0.000000       0.000000       0.000000       0.003794       0.074883       0.214334       0.000000
        3.750000       0.332420       0.208769       0.001510       0.000000       0.166029       0.000000       0.000000       0.000000       0.000000       0.000000       0.000000       0.004921       0.075675       0.212170       0.000000
        3.815789       0.326530       0.205440       0.001435       0.000000       0.175613       0.000000       0.000000       0.000000       0.000000       0.000000       0.000000       0.006033       0.076336       0.210027       0.000000
        3.881579       0.320839       0.202155       0.001368       0.000000       0.185132       0.000000       0.000000       0.000000       0.000000       0.000000       0.000000       0.007109       0.076877       0.207909       0.000000
        3.947368       0.315422       0.198982       0.001308       0.000000       0.194453       0.000000       0.000000       0.000000       0.000000       0.000000       0.000000       0.008115       0.077271       0.205785       0.000000
        4.013158       0.310143       0.195837       0.001253       0.000000       0.203725       0.000000       0.000000       0.000000       0.000000       0.000000       0.000000       0.009081       0.077575       0.203674       0.000000
        4.078948       0.305107       0.192796       0.001204       0.000000       0.212779       0.000000       0.000000       0.000000       0.000000       0.000000       0.000000       0.009966       0.077757       0.201568       0.000000
        4.144737       0.300255       0.189840       0.001159       0.000000       0.221784       0.000000       0.000000       0.000000       0.000000       0.000000       0.000000       0.010806       0.077870       0.199480       0.000000
        4.210526       0.295525       0.186921       0.001119       0.000000       0.230665       0.000000       0.000000       0.000000       0.000000       0.000000       0.000000       0.011585       0.077891       0.197378       0.000000
        4.276316       0.291054       0.184162       0.001081       0.000000       0.239339       0.000000       0.000000       0.000000       0.000000       0.000000       0.000000       0.012310       0.077851       0.195299       0.000094
        4.342105       0.287117       0.184834       0.000973       0.000000       0.244363       0.000000       0.000000       0.000000       0.000000       0.000000       0.000000       0.014907       0.078789       0.189995       0.008785
        4.407895       0.283424       0.185996       0.000865       0.000000       0.248684       0.000000       0.000000       0.000000       0.000000       0.000000       0.000000       0.017782       0.079743       0.184408       0.018493
        4.473684       0.279808       0.186990       0.000770       0.000000       0.253028       0.000000       0.000000       0.000000       0.000000       0.000000       0.000000       0.020576       0.080524       0.179053       0.027735
        4.539474       0.276329       0.187950       0.000685       0.000000       0.257310       0.000000       0.000000       0.000000       0.000000       0.000000       0.000000       0.023326       0.081189       0.173888       0.036710
        4.605263       0.272835       0.188650       0.000610       0.000000       0.261561       0.000000       0.000000       0.000000       0.000000       0.000000       0.000227       0.025965       0.081741       0.169029       0.045428
        4.671053       0.269157       0.188883       0.000549       0.000000       0.265121       0.000000       0.000000       0.000000       0.000000       0.000000       0.001457       0.028496       0.082260       0.164643       0.055104
        4.736842       0.265480       0.188843       0.000496       0.000000       0.268451       0.000000       0.000000       0.000000       0.000000       0.000000       0.003101       0.030867       0.082681       0.160578       0.064850
        4.802631       0.261894       0.188674       0.000450       0.000000       0.271637       0.000000       0.000000       0.000000       0.000000       0.000000       0.004959       0.033097       0.083014       0.156751       0.074496
        4.868421       0.258415       0.188399       0.000409       0.000000       0.274752       0.000000       0.000000       0.000000       0.000000       0.000000       0.006915       0.035167       0.083237       0.153109       0.083882
        4.934211       0.254997       0.188021       0.000373       0.000000       0.277911       0.000000       0.000000       0.000000       0.000000       0.000000       0.008935       0.037115       0.083383       0.149626       0.093018
        5.000000       0.251747       0.187657       0.000339       0.000000       0.280960       0.000000       0.000000       0.000000       0.000000       0.000000       0.010967       0.038931       0.083439       0.146261       0.101913
        5.065790       0.248650       0.187304       0.000309       0.000000       0.283920       0.000000       0.000000       0.000000       0.000000       0.000000       0.012999       0.040641       0.083440       0.143041       0.110577
        5.131579       0.245659       0.186905       0.000282       0.000000       0.286958       0.000000       0.000000       0.000000       0.000000       0.000000       0.014986       0.042220       0.083369       0.139951       0.118862
        5.197368       0.242760       0.186474       0.000257       0.000000       0.290009       0.000000       0.000000       0.000000       0.000000       0.000000       0.016923       0.043677       0.083222       0.136951       0.126783
        5.263158       0.239983       0.186034       0.000235       0.000000       0.293100       0.000000       0.000000       0.000000       0.000000       0.000000       0.018798       0.045024       0.083024       0.134073       0.134354
        5.328948       0.237312       0.185629       0.000214       0.000000       0.296079       0.000000       0.000000       0.000000       0.000000       0.000000       0.020639       0.046289       0.082770       0.131244       0.141737
        5.394737       0.234718       0.185228       0.000195       0.000000       0.299127       0.000000       0.000000       0.000000       0.000000       0.000000       0.022457       0.047494       0.082488       0.128493       0.148941
        5.460526       0.232277       0.184833       0.000178       0.000000       0.302170       0.000000       0.000000       0.000000       0.000000       0.000000       0.024156       0.048568       0.082154       0.125872       0.155676
        5.526316       0.229912       0.184464       0.000162       0.000000       0.305119       0.000000       0.000000       0.000000       0.000000       0.000000       0.025825       0.049584       0.081786       0.123294       0.162252
        5.592105       0.227638       0.184127       0.000147       0.000000       0.308070       0.000000       0.000000       0.000000       0.000000       0.000000       0.027465       0.050552       0.081402       0.120789       0.168672
        5.657895       0.225410       0.183764       0.000134       0.000000       0.311035       0.000000       0.000000       0.000000       0.000000       0.000000       0.029032       0.051434       0.080968       0.118330       0.174802
        5.723684       0.223305       0.183437       0.000121       0.000000       0.314006       0.000000       0.000000       0.000000       0.000000       0.000000       0.030529       0.052243       0.080513       0.115961       0.180650
        5.789474       0.221245       0.183116       0.000110       0.000000       0.316945       0.000000       0.000000       0.000000       0.000000       0.000000       0.032004       0.053021       0.080052       0.113653       0.186365
        5.855263       0.219246       0.182786       0.000100       0.000000       0.319901       0.000000       0.000000       0.000000       0.000000       0.000000       0.033394       0.053709       0.079539       0.111382       0.191815
        5.921053       0.217339       0.182512       0.000090       0.000000       0.322767       0.000000       0.000000       0.000000       0.000000       0.000000       0.034773       0.054382       0.079039       0.109184       0.197144
        5.986842       0.215462       0.182206       0.000081       0.000000       0.325756       0.000000       0.000000       0.000000       0.000000       0.000000       0.036077       0.054980       0.078500       0.107025       0.202221
        6.052631       0.213661       0.181941       0.000073       0.000000       0.328608       0.000000       0.000000       0.000000       0.000000       0.000000       0.037353       0.055549       0.077956       0.104919       0.207188
        6.118421       0.211922       0.181669       0.000066       0.000000       0.331492       0.000000       0.000000       0.000000       0.000000       0.000001       0.038562       0.056061       0.077403       0.102890       0.211917
        6.184211       0.210228       0.181445       0.000059       0.000000       0.333939       0.000000       0.000000       0.000000       0.000000       0.000435       0.039755       0.056542       0.076816       0.100842       0.216155
        6.250000       0.208565       0.181211       0.000052       0.000000       0.336192       0.000000       0.000000       0.000000       0.000000       0.001162       0.040891       0.056965       0.076199       0.098821       0.219919
        6.315790       0.206963       0.180992       0.000046       0.000000       0.338268       0.000000       0.000000       0.000000       0.000000       0.002039       0.041964       0.057334       0.075559       0.096838       0.223351
        6.381579       0.205376       0.180797       0.000041       0.000000       0.340284       0.000000       0.000000       0.000000       0.000000       0.002992       0.043066       0.057716       0.074931       0.094881       0.226711
        6.447368       0.203819       0.180584       0.000036       0.000000       0.342228       0.000000       0.000000       0.000000       0.000000       0.004070       0.044090       0.058029       0.074266       0.092948       0.229754
        6.513158       0.202278       0.180374       0.000031       0.000000       0.344103       0.000000       0.000000       0.000000       0.000000       0.005211       0.045095       0.058318       0.073589       0.091031       0.232612
        6.578948       0.200874       0.180246       0.000027       0.000000       0.345776       0.000000       0.000000       0.000000       0.000000       0.006329       0.046066       0.058593       0.072940       0.089212       0.235413
        6.644737       0.199364       0.180026       0.000024       0.000000       0.347561       0.000000       0.000000       0.000000       0.000000       0.007587       0.047019       0.058829       0.072244       0.087350       0.237916
        6.710526       0.197990       0.179888       0.000020       0.000000       0.349147       0.000000       0.000000       0.000000       0.000000       0.008807       0.047932       0.059048       0.071574       0.085581       0.240371
        6.776316       0.196617       0.179727       0.000018       0.000000       0.350730       0.000000       0.000000       0.000000       0.000000       0.010094       0.048814       0.059240       0.070895       0.083839       0.242659
        6.842105       0.195259       0.179592       0.000015       0.000000       0.352290       0.000000       0.000000       0.000000       0.000000       0.011393       0.049707       0.059428       0.070208       0.082097       0.244904
        6.907895       0.193962       0.179432       0.000013       0.000000       0.353574       0.000000       0.000000       0.000000       0.000374       0.012556       0.050513       0.059569       0.069538       0.080461       0.246989
        6.973684       0.192726       0.179215       0.000011       0.000000       0.354582       0.000000       0.000000       0.000000       0.001242       0.013594       0.051198       0.059650       0.068893       0.078960       0.248689
        7.039473       0.191536       0.178997       0.000009       0.000000       0.355389       0.000000       0.000000       0.000000       0.002278       0.014496       0.051845       0.059714       0.068268       0.077530       0.250358
        7.105263       0.190392       0.178778       0.000008       0.000000       0.356045       0.000000       0.000000       0.000000       0.003425       0.015342       0.052431       0.059742       0.067640       0.076146       0.251883
        7.171053       0.189217       0.178522       0.000007       0.000000       0.356758       0.000000       0.000000       0.000000       0.004716       0.016213       0.053005       0.059756       0.067007       0.074773       0.253268
        7.236842       0.188164       0.178333       0.000006       0.000000       0.357302       0.000000       0.000000       0.000000       0.006004       0.016976       0.053552       0.059774       0.066420       0.073500       0.254739
        7.302632       0.187035       0.178075       0.000005       0.000000       0.357906       0.000000       0.000000       0.000000       0.007427       0.017794       0.054072       0.059757       0.065794       0.072192       0.255963
        7.368421       0.185982       0.177841       0.000004       0.000000       0.358363       0.000000       0.000000       0.000000       0.008823       0.018533       0.054546       0.059723       0.065190       0.070956       0.257165
        7.434211       0.184990       0.177635       0.000003       0.000000       0.358804       0.000000       0.000000       0.000000       0.010259       0.019280       0.055003       0.059689       0.064614       0.069781       0.258238
        7.500000       0.183998       0.177438       0.000003       0.000000       0.359193       0.000000       0.000000       0.000000       0.011721       0.019972       0.055453       0.059641       0.064019       0.068590       0.259399
