   dentity  pressure  energy
   0.100000E-01   0.114375E-01   0.941885E+01
   0.200000E-01   0.289499E-01   0.188590E+02
   0.300000E-01   0.661772E-01   0.283135E+02
   0.400000E-01   0.141844E+00   0.377833E+02
   0.500000E-01   0.267473E+00   0.472690E+02
   0.600000E-01   0.443495E+00   0.567708E+02
   0.700000E-01   0.661017E+00   0.662901E+02
   0.800000E-01   0.906473E+00   0.758275E+02
   0.900000E-01   0.116641E+01   0.853815E+02
   0.100000E+00   0.143171E+01   0.949547E+02
   0.110000E+00   0.169831E+01   0.104548E+03
   0.120000E+00   0.196303E+01   0.114162E+03
   0.130000E+00   0.223265E+01   0.123799E+03
   0.140000E+00   0.252223E+01   0.133460E+03
   0.150000E+00   0.284730E+01   0.143148E+03
   0.160000E+00   0.322479E+01   0.152867E+03
   0.170000E+00   0.326601E+01   0.162610E+03
   0.180000E+00   0.317144E+01   0.172358E+03
   0.190000E+00   0.308226E+01   0.182102E+03
   0.200000E+00   0.303139E+01   0.191851E+03
   0.210000E+00   0.304455E+01   0.201605E+03
   0.220000E+00   0.314814E+01   0.211374E+03
   0.230000E+00   0.336483E+01   0.221153E+03
   0.240000E+00   0.371983E+01   0.230952E+03
   0.250000E+00   0.423510E+01   0.240779E+03
   0.260000E+00   0.493564E+01   0.250640E+03
   0.270000E+00   0.584093E+01   0.260542E+03
   0.280000E+00   0.697188E+01   0.270483E+03
   0.290000E+00   0.834697E+01   0.280483E+03
   0.300000E+00   0.998059E+01   0.290542E+03
   0.310000E+00   0.118854E+02   0.300671E+03
   0.320000E+00   0.140680E+02   0.310867E+03
   0.330000E+00   0.165418E+02   0.321150E+03
   0.340000E+00   0.193085E+02   0.331517E+03
   0.350000E+00   0.223753E+02   0.341973E+03
   0.360000E+00   0.256114E+02   0.352532E+03
   0.370000E+00   0.290258E+02   0.363189E+03
   0.380000E+00   0.326903E+02   0.373946E+03
   0.390000E+00   0.366354E+02   0.384805E+03
   0.400000E+00   0.408260E+02   0.395784E+03
   0.410000E+00   0.447603E+02   0.406863E+03
   0.420000E+00   0.487165E+02   0.418027E+03
   0.430000E+00   0.527843E+02   0.429310E+03
   0.440000E+00   0.569783E+02   0.440700E+03
   0.450000E+00   0.613057E+02   0.452173E+03
   0.460000E+00   0.657679E+02   0.463732E+03
   0.470000E+00   0.703740E+02   0.475408E+03
   0.480000E+00   0.751204E+02   0.487190E+03
   0.490000E+00   0.800040E+02   0.499075E+03
   0.500000E+00   0.850206E+02   0.511040E+03
   0.510000E+00   0.901795E+02   0.523130E+03
   0.520000E+00   0.954678E+02   0.535320E+03
   0.530000E+00   0.100851E+03   0.547622E+03
   0.540000E+00   0.106330E+03   0.559993E+03
   0.550000E+00   0.111939E+03   0.572495E+03
   0.560000E+00   0.117677E+03   0.585112E+03
   0.570000E+00   0.123531E+03   0.597796E+03
   0.580000E+00   0.129508E+03   0.610601E+03
   0.590000E+00   0.135615E+03   0.623549E+03
   0.600000E+00   0.141846E+03   0.636551E+03
   0.610000E+00   0.148201E+03   0.649702E+03
   0.620000E+00   0.154662E+03   0.662889E+03
   0.630000E+00   0.161258E+03   0.676244E+03
   0.640000E+00   0.167969E+03   0.689692E+03
   0.650000E+00   0.174775E+03   0.703226E+03
   0.660000E+00   0.180353E+03   0.716903E+03
   0.670000E+00   0.185812E+03   0.730596E+03
   0.680000E+00   0.191444E+03   0.744394E+03
   0.690000E+00   0.197194E+03   0.758291E+03
   0.700000E+00   0.203052E+03   0.772312E+03
   0.710000E+00   0.208757E+03   0.786374E+03
   0.720000E+00   0.214509E+03   0.800512E+03
   0.730000E+00   0.220329E+03   0.814708E+03
   0.740000E+00   0.226287E+03   0.828984E+03
   0.750000E+00   0.232378E+03   0.843408E+03
   0.760000E+00   0.238597E+03   0.857877E+03
   0.770000E+00   0.244910E+03   0.872383E+03
   0.780000E+00   0.251397E+03   0.887028E+03
   0.790000E+00   0.258027E+03   0.901735E+03
   0.800000E+00   0.264820E+03   0.916560E+03
   0.810000E+00   0.271709E+03   0.931401E+03
   0.820000E+00   0.278760E+03   0.946448E+03
   0.830000E+00   0.285956E+03   0.961502E+03
   0.840000E+00   0.293252E+03   0.976596E+03
   0.850000E+00   0.300671E+03   0.991832E+03
   0.860000E+00   0.308242E+03   0.100715E+04
   0.870000E+00   0.315962E+03   0.102256E+04
   0.880000E+00   0.323761E+03   0.103806E+04
   0.890000E+00   0.331751E+03   0.105368E+04
   0.900000E+00   0.339787E+03   0.106932E+04
   0.910000E+00   0.348034E+03   0.108518E+04
   0.920000E+00   0.356344E+03   0.110104E+04
   0.930000E+00   0.364773E+03   0.111699E+04
   0.940000E+00   0.373264E+03   0.113301E+04
   0.950000E+00   0.381832E+03   0.114913E+04
   0.960000E+00   0.390522E+03   0.116531E+04
   0.970000E+00   0.399253E+03   0.118163E+04
   0.980000E+00   0.408160E+03   0.119810E+04
   0.990000E+00   0.417149E+03   0.121465E+04
   0.100000E+01   0.426181E+03   0.123114E+04
   0.101000E+01   0.435369E+03   0.124791E+04
   0.102000E+01   0.444592E+03   0.126459E+04
   0.103000E+01   0.453926E+03   0.128143E+04
   0.104000E+01   0.463379E+03   0.129842E+04
   0.105000E+01   0.472898E+03   0.131553E+04
   0.106000E+01   0.482426E+03   0.133276E+04
   0.107000E+01   0.491952E+03   0.134993E+04
   0.108000E+01   0.501534E+03   0.136708E+04
   0.109000E+01   0.511287E+03   0.138463E+04
   0.110000E+01   0.521005E+03   0.140202E+04
   0.111000E+01   0.530917E+03   0.141978E+04
   0.112000E+01   0.540838E+03   0.143737E+04
   0.113000E+01   0.550779E+03   0.145504E+04
   0.114000E+01   0.560910E+03   0.147290E+04
