   9.9999997764825821E-003   16790984624809.703        8.0398398146558248E-002   41.526769999999999     
   1.9999999552965164E-002   33619981086403.883        6.6745849081694744E-002   37.220329999999997     
   2.9999999329447746E-002   50474466637576.258        5.3946286634320426E-002   29.705970000000001     
   3.9999999105930328E-002   67356269484344.031        5.6195222557781130E-002   20.459810000000001     
   4.9999997019767761E-002   84266458709616.781        7.7292400291305782E-002   16.003240000000002     
   5.9999998658895493E-002   101205349841336.56       0.10785340366382291        14.379690000000000     
   7.0000000298023224E-002   118175407709544.88       0.14172439719162996        13.762330000000000     
   7.9999998211860657E-002   135177634579469.41       0.17479622463304736        13.507700000000000     
   8.9999996125698090E-002   152209550772694.97       0.20465905800055567        13.388150000000000     
   9.9999994039535522E-002   169275692467400.25       0.23048036352630677        13.318330000000000     
  0.10999999940395355        186377202988363.66       0.25243370172927743        13.265739999999999     
  0.11999999731779099        203516250198151.69       0.27090402658281493        13.218489999999999     
  0.12999999523162842        220696085890614.34       0.28692578233796240        13.170909999999999     
  0.14000000059604645        237919189744166.81       0.30176481464627075        13.119199999999999     
  0.14999999105930328        255190565660760.88       0.31641649670556321        13.060940000000000     
  0.15999999642372131        272515291784216.81       0.33175540270411685        12.994600000000000     
  0.17000000178813934        289885453931329.31       0.33317941386675531        12.988030000000000     
  0.17999999225139618        307262713601091.31       0.32967094020871657        13.003810000000000     
  0.18999999761581421        324632578780728.88       0.32612608882349936        13.019349999999999     
  0.19999998807907104        342012629944754.75       0.32407006287879819        13.028290000000000     
  0.20999999344348907        359402094977734.31       0.32417879889064294        13.027480000000001     
  0.21999999880790710        376817069516805.94       0.32455951391994547        13.017239999999999     
  0.22999998927116394        394249535440147.88       0.32470040415920376        12.984240000000000     
  0.23999999463558197        411718379879162.56       0.32454772487276939        12.911949999999999     
  0.25000000000000000        429237085157209.31       0.32474854796680686        12.785539999999999     
  0.25999999046325684        446815273020474.31       0.32674609003100163        12.596320000000000     
  0.26999998092651367        464467791842701.50       0.33259770855390425        12.349860000000000     
  0.28000000119209290        482190840440212.31       0.34453573868965287        12.067060000000000     
  0.28999999165534973        500017085235243.50       0.36440289206855669        11.780559999999999     
  0.29999998211860657        517948397122886.88       0.39320403235366780        11.523510000000000     
  0.31000000238418579        536005445039393.81       0.43106180363458962        11.318090000000000     
  0.31999999284744263        554181755093812.06       0.47732571585442474        11.172330000000001     
  0.32999998331069946        572513497924581.88       0.53111187301520857        11.082610000000001     
  0.34000000357627869        590996040839095.12       0.59113252566900620        11.040110000000000     
  0.34999999403953552        609634432284424.62       0.65620681806567160        11.034110000000000     
  0.35999998450279236        628459378697473.12       0.72230908590389620        11.053310000000000     
  0.37000000476837158        647456506852456.25       0.78864406237120077        11.087700000000000     
  0.37999999523162842        666633062755761.00       0.85583319986572659        11.131449999999999     
  0.38999998569488525        685991184573206.75       0.92372641735468342        11.180660000000000     
  0.39999997615814209        705563776301009.88       0.99111114379767618        11.231800000000000     
  0.40999999642372131        725314845481215.25        1.0499548435393264        11.276700000000000     
  0.41999998688697815        745216358384194.00        1.1048372640142263        11.317520000000000     
  0.42999997735023499        765330796966660.88        1.1571202093040214        11.354649999999999     
  0.43999999761581421        785636126241979.88        1.2070337376350333        11.387950000000000     
  0.44999998807907104        806089701680758.25        1.2547115341001795        11.417420000000000     
  0.45999997854232788        826694552351239.88        1.3002277628674543        11.443090000000000     
  0.46999999880790710        847510131141895.50        1.3437254696674175        11.465140000000000     
  0.47999998927116394        868513393376674.50        1.3852216964089592        11.483670000000000     
  0.48999997973442078        889701428774323.00        1.4247553710191121        11.498860000000001     
  0.50000000000000000        911031236444478.62        1.4623650852151209        11.510890000000000     
  0.50999999046325684        932583294572833.50        1.4981926070410831        11.519970000000001     
  0.51999998092651367        954315552564944.75        1.5322185582128300        11.526280000000000     
  0.52999997138977051        976246600584740.00        1.5643180650324124        11.529999999999999     
  0.53999996185302734        998299405269235.25        1.5946031010250752        11.531330000000001     
  0.55000001192092896        1020586339110925.2        1.6233464013586325        11.530480000000001     
  0.56000000238418579        1043078774445231.1        1.6506241065546512        11.527609999999999     
  0.56999999284744263        1065690947065408.0        1.6764398338992577        11.522869999999999     
  0.57999998331069946        1088518718072347.1        1.7008985379931549        11.516420000000000     
  0.58999997377395630        1111600812024772.4        1.7240940639566611        11.508369999999999     
  0.59999996423721313        1134779954947988.0        1.7460632982070852        11.498860000000001     
  0.61000001430511475        1158224230432775.0        1.7668680753544106        11.488009999999999     
  0.62000000476837158        1181731463022236.8        1.7865141707446006        11.475960000000001     
  0.62999999523162842        1205540770927145.0        1.8051475604348530        11.462770000000001     
  0.63999998569488525        1229513292156246.5        1.8227581480169004        11.448560000000001     
  0.64999997615814209        1253640711620244.8        1.8393521378948536        11.433479999999999     
  0.65999996662139893        1278023523112638.8        1.8520077342585881        11.420700000000000     
  0.66999995708465576        1302433061677771.8        1.8635357202831888        11.407859999999999     
  0.68000000715255737        1327031471556928.0        1.8746004649169001        11.394250000000000     
  0.68999999761581421        1351805211033252.2        1.8851006554023970        11.380010000000000     
  0.69999998807907104        1376800844606806.0        1.8950380186304925        11.365180000000001     
  0.70999997854232788        1401868106735300.5        1.9040280621213541        11.350470000000000     
  0.71999996900558472        1427073042985149.0        1.9124460423451446        11.335419999999999     
  0.72999995946884155        1452379898472375.8        1.9203534980391779        11.319970000000000     
  0.74000000953674316        1477830248643463.8        1.9278645844973819        11.303979999999999     
  0.75000000000000000        1503543593210304.5        1.9349833984068279        11.287459999999999     
  0.75999999046325684        1529337475356332.5        1.9417160959072040        11.270450000000000     
  0.76999998092651367        1555197997003723.2        1.9480433643192026        11.253080000000001     
  0.77999997138977051        1581305001655263.2        1.9540600428225718        11.235150000000001     
  0.78999996185302734        1607523428503377.8        1.9597442155155480        11.216749999999999     
  0.79999995231628418        1633951989536716.2        1.9651225877122922        11.197880000000000     
  0.81000000238418579        1660408465512693.8        1.9701559493866894        11.178720000000000     
  0.81999999284744263        1687232943583540.8        1.9749052541992242        11.159129999999999     
  0.82999998331069946        1714069181566393.0        1.9793672080963087        11.139180000000000     
  0.83999997377395630        1740976929317196.0        1.9835280720540887        11.119020000000001     
  0.84999996423721313        1768138287291545.8        1.9874150656498626        11.098610000000001     
  0.85999995470046997        1795439813914037.8        1.9910518030353290        11.077890000000000     
  0.87000000476837158        1822923559779115.8        1.9944465480419724        11.056889999999999     
  0.87999999523162842        1850548780949225.8        1.9975794701772072        11.035819999999999     
  0.88999998569488525        1878388293849208.5        2.0005046251327085        11.014410000000000     
  0.89999997615814209        1906273064592362.5        2.0031792462178868        10.993050000000000     
  0.90999996662139893        1934549476041387.0        2.0056672284253292        10.971330000000000     
  0.91999995708465576        1962818641484024.0        2.0079315200304988        10.949650000000000     
  0.93000000715255737        1991258741405201.2        2.0099987864044979        10.927880000000000     
  0.93999999761581421        2019820954352048.8        2.0118644547225588        10.906200000000000     
  0.94999998807907104        2048555527221315.8        2.0135429769498940        10.884550000000001     
  0.95999997854232788        2077400571991238.0        2.0150509693845469        10.862850000000000     
  0.96999996900558472        2106499820919656.0        2.0163832599190057        10.841310000000000     
  0.97999995946884155        2135858738208108.0        2.0175665165654060        10.819599999999999     
  0.98999994993209839        2165361150180421.8        2.0185940315374511        10.797960000000000     
   1.0000000000000000        2194760217471477.8        2.0194696967732364        10.776500000000000     
   1.0099999904632568        2224645598699394.8        2.0202109968890789        10.754949999999999     
   1.0199999809265137        2254382733763853.0        2.0208141880359292        10.733599999999999     
   1.0299999713897705        2284397830384797.0        2.0212910036287615        10.712280000000000     
   1.0399999618530273        2314695164893866.0        2.0216466807569327        10.690970000000000     
   1.0499999523162842        2345200614209330.0        2.0218842772793089        10.669820000000000     
   1.0599999427795410        2375908714129651.5        2.0220089648350652        10.648940000000000     
   1.0699999332427979        2406515607534534.0        2.0220276644425845        10.628360000000001     
   1.0799999237060547        2437091141174069.5        2.0219467563821989        10.607939999999999     
   1.0900000333786011        2468379396753314.0        2.0217685928470592        10.587450000000000     
   1.1000000238418579        2499384939296474.0        2.0215010505675424        10.567320000000000     
   1.1100000143051147        2531037158212929.5        2.0211418608318259        10.547090000000001     
   1.1200000047683716        2562398111430024.0        2.0207007939618973        10.527120000000000     
   1.1299999952316284        2593895432111583.0        2.0201825971785055        10.507400000000001     
   1.1399999856948853        2625739848377780.5        2.0195815056269630        10.487590000000001     
