        0.065789      14.169111       1.151932       0.000000      19.053101     483.709673       0.992390       0.955320
        0.131579      13.872841       1.151932       0.000000      33.073181     474.708662       0.985164       0.914722
        0.197368      13.589703       1.151932       0.000000      45.058594     465.961030       0.978296       0.877788
        0.263158      13.323148       1.151932       0.000000      55.537476     457.442455       0.971754       0.844073
        0.328947      13.075017       1.151932       0.000000      64.815613     449.127438       0.965509       0.813141
        0.394737      12.845957       1.151932       0.000000      73.111389     440.990211       0.959529       0.784587
        0.460526      12.635780       1.151932       0.000000      80.594055     433.003378       0.953787       0.758048
        0.526316      12.443751       1.151932       0.000000      87.397827     425.142093       0.948258       0.733216
        0.592105      12.268804       1.151932       0.000000      93.629700     417.382799       0.942921       0.709838
        0.657895      12.109702       1.151932       0.000000      99.379211     409.705985       0.937761       0.687709
        0.723684      11.965142       1.151932       0.000000     104.720825     402.094940       0.932762       0.666653
        0.789474      11.833829       1.151932       0.000000     109.533081     394.502094       0.927910       0.646522
        0.855263      11.714519       1.151932       0.000000     113.859070     386.912816       0.923196       0.627206
        0.921053      11.606045       1.151932       0.000000     117.867004     379.340770       0.918617       0.608639
        0.986842      11.507329       1.151932       0.000000     121.627563     371.786400       0.914168       0.590755
        1.052632      11.417390       1.151932       0.000000     125.185303     364.251004       0.909849       0.573519
        1.118421      11.335338       1.151932       0.000000     125.761108     356.616556       0.905145       0.554492
        1.184211      11.260373       1.151932       0.000000     125.070923     348.934356       0.900335       0.534994
        1.250000      11.191778       1.151932       0.000000     124.042358     341.229124       0.895590       0.515825
        1.315789      11.128914       1.151932       0.000000     122.771484     333.515163       0.890935       0.497077
        1.381579      11.071208       1.151932       0.000000     121.305298     325.792283       0.886379       0.478788
        1.447368      11.018151       1.151932       0.000000     119.669495     318.064105       0.881941       0.461026
        1.513158      10.969290       1.151932       0.000000     117.888428     310.338041       0.877631       0.443824
        1.578947      10.924219       1.151932       0.000000     115.982361     302.612513       0.873454       0.427205
        1.644737      10.882580       1.151932       0.000000     113.970215     294.899510       0.869417       0.411183
        1.710526      10.844049       1.151932       0.000000     111.868530     287.203060       0.865531       0.395809
        1.776316      10.808341       1.151932       0.000000     109.694153     279.515412       0.861796       0.381072
        1.842105      10.775198       1.151932       0.000000     107.462341     271.856049       0.858221       0.367009
        1.907895      10.744392       1.151932       0.000000     105.180725     264.210947       0.854801       0.353591
        1.973684      10.715716       1.151932       0.000000     102.871582     256.588073       0.851544       0.340856
        2.039474      10.688985       1.151932       0.000000     100.566467     248.996312       0.848438       0.328743
        2.105263      10.664034       1.151932       0.000000      98.278442     241.445426       0.845489       0.317281
        2.171053      10.640714       1.151932       0.000000      96.017700     233.918653       0.842685       0.306411
        2.236842      10.618890       1.151932       0.000000      93.792419     226.429468       0.840027       0.296138
        2.302632      10.598440       1.151932       0.000000      91.614136     218.975461       0.837510       0.286438
        2.368421      10.579256       1.151932       0.000000      89.470764     211.446746       0.834998       0.276722
        2.434211      10.561236       1.151932       0.000000      87.372742     203.843291       0.832505       0.267042
        2.500000      10.544292       1.151932       0.000000      85.327942     196.230116       0.830092       0.257677
        2.565789      10.528342       1.151932       0.000000      83.348389     188.621338       0.827781       0.248720
        2.631579      10.513311       1.151932       0.000000      81.423401     181.111459       0.825575       0.240183
        2.697368      10.499131       1.151932       0.000000      79.462769     174.429908       0.823533       0.232324
        2.763158      10.485741       1.151932       0.000000      77.544800     168.112449       0.821606       0.224930
        2.828947      10.473085       1.151932       0.000000      75.690796     162.025566       0.819765       0.217876
        2.894737      10.461110       1.151932       0.000000      73.907593     156.116090       0.818004       0.211138
        2.960526      10.449771       1.151932       0.000000      72.198730     150.357861       0.816322       0.204710
        3.026316      10.439022       1.151932       0.000000      70.569458     144.730337       0.814715       0.198577
        3.092105      10.428826       1.151932       0.000000      69.014526     139.242582       0.813169       0.192678
        3.157895      10.419144       1.151932       0.000000      67.536133     133.874031       0.811684       0.187016
        3.223684      10.409944       1.151932       0.000000      66.130127     128.604809       0.810247       0.181538
        3.289474      10.401195       1.151932       0.000000      64.800415     123.447578       0.808877       0.176320
        3.355263      10.392869       1.151932       0.000000      63.539795     118.388150       0.807552       0.171276
        3.421053      10.384938       1.151932       0.000000      62.345459     113.426114       0.806273       0.166403
        3.486842      10.377379       1.151932       0.000000      61.301025     108.503610       0.804989       0.161490
        3.552631      10.370168       1.151932       0.000000      60.374390     103.616123       0.803732       0.156670
        3.618421      10.363286       1.151932       0.000000      59.531128      98.808119       0.802501       0.151946
        3.684211      10.356713       1.151932       0.000000      58.767700      94.071458       0.801296       0.147313
        3.750000      10.350430       1.151932       0.000000      58.066650      89.426712       0.800142       0.142882
        3.815789      10.344422       1.151932       0.000000      57.426758      84.842632       0.799013       0.138539
        3.881579      10.338672       1.151932       0.000000      56.844727      80.319812       0.797910       0.134294
        3.947368      10.333166       1.151932       0.000000      56.310059      75.883498       0.796859       0.130256
        4.013158      10.327891       1.151932       0.000000      55.824707      71.536416       0.795823       0.126263
        4.078948      10.322833       1.151932       0.000000      55.383301      67.242089       0.794833       0.122458
        4.144737      10.317983       1.151932       0.000000      54.978882      63.012363       0.793866       0.118735
        4.210526      10.313327       1.151932       0.000000      54.613647      58.853270       0.792918       0.115081
        4.276316      10.308857       1.151932       0.000061      54.274658      54.738574       0.792014       0.111603
        4.342105      10.304562       1.151932       0.005798      52.670410      52.651362       0.791044       0.107833
        4.407895      10.300434       1.151932       0.012390      50.906982      50.936510       0.790109       0.104200
        4.473684      10.296464       1.151932       0.018860      49.213135      49.223488       0.789201       0.100673
        4.539474      10.292644       1.151932       0.025330      47.551880      47.553647       0.788326       0.097272
        4.605263      10.288967       1.151932       0.031799      45.985229      45.949086       0.787448       0.093855
        4.671053      10.285426       1.151932       0.039124      44.596558      44.563553       0.786527       0.090238
        4.736842      10.282014       1.151932       0.046692      43.326294      43.306780       0.785606       0.086618
        4.802631      10.278725       1.151932       0.054382      42.130493      42.123647       0.784706       0.083078
        4.868421      10.275553       1.151932       0.062073      40.999268      40.985158       0.783834       0.079646
        4.934211      10.272493       1.151932       0.069763      39.916992      39.874553       0.782970       0.076242
        5.000000      10.269540       1.151932       0.077454      38.865723      38.846947       0.782148       0.073014
        5.065790      10.266689       1.151932       0.085144      37.844360      37.873624       0.781361       0.069920
        5.131579      10.263935       1.151932       0.092712      36.862427      36.872129       0.780596       0.066916
        5.197368      10.261274       1.151932       0.100159      35.906616      35.930970       0.779855       0.064010
        5.263158      10.258701       1.151932       0.107483      34.981567      34.963032       0.779140       0.061204
        5.328948      10.256214       1.151932       0.114807      34.061523      34.056524       0.778455       0.058519
        5.394737      10.253807       1.151932       0.122131      33.151489      33.155920       0.777778       0.055865
        5.460526      10.251479       1.151932       0.129211      32.280151      32.254696       0.777143       0.053383
        5.526316      10.249225       1.151932       0.136292      31.409668      31.392065       0.776528       0.050978
        5.592105      10.247042       1.151932       0.143372      30.545288      30.560365       0.775928       0.048634
        5.657895      10.244927       1.151932       0.150330      29.695312      29.706774       0.775343       0.046347
        5.723684      10.242879       1.151932       0.157166      28.863159      28.842690       0.774786       0.044175
        5.789474      10.240893       1.151932       0.164001      28.034180      28.020940       0.774235       0.042020
        5.855263      10.238967       1.151932       0.170715      27.220947      27.199132       0.773704       0.039948
        5.921053      10.237099       1.151932       0.177429      26.406128      26.400846       0.773191       0.037946
        5.986842      10.235287       1.151932       0.184021      25.607300      25.610657       0.772684       0.035967
        6.052631      10.233529       1.151932       0.190613      24.810059      24.824915       0.772197       0.034068
        6.118421      10.231822       1.151932       0.197083      24.033081      24.000206       0.771723       0.032219
        6.184211      10.230164       1.151932       0.203186      23.228027      23.230582       0.771273       0.030469
        6.250000      10.228554       1.151932       0.208923      22.423584      22.424846       0.770839       0.028782
        6.315790      10.226989       1.151932       0.214417      21.626709      21.593910       0.770428       0.027188
        6.381579      10.225469       1.151932       0.219910      20.811890      20.832476       0.770012       0.025572
        6.447368      10.223991       1.151932       0.225159      20.010132      20.030535       0.769612       0.024017
        6.513158      10.222554       1.151932       0.230286      19.201416      19.216350       0.769218       0.022484
        6.578948      10.221156       1.151932       0.235413      18.412109      18.406228       0.768859       0.021098
        6.644737      10.219797       1.151932       0.240295      17.603760      17.621768       0.768471       0.019588
        6.710526      10.218473       1.151932       0.245178      16.816162      16.792508       0.768123       0.018240
        6.776316      10.217186       1.151932       0.249939      16.032471      16.002771       0.767772       0.016879
        6.842105      10.215932       1.151932       0.254700      15.232544      15.214561       0.767425       0.015530
        6.907895      10.214711       1.151932       0.259338      14.476318      14.497984       0.767091       0.014235
        6.973684      10.213522       1.151932       0.263611      13.781006      13.797973       0.766769       0.012985
        7.039473      10.212363       1.151932       0.267883      13.109009      13.128152       0.766456       0.011774
        7.105263      10.211234       1.151932       0.272034      12.458740      12.436820       0.766162       0.010638
        7.171053      10.210134       1.151932       0.276062      11.806396      11.773170       0.765849       0.009419
        7.236842      10.209062       1.151932       0.280212      11.184692      11.216693       0.765566       0.008328
        7.302632      10.208016       1.151932       0.284119      10.551636      10.570052       0.765262       0.007143
        7.368421      10.206996       1.151932       0.288025       9.947144       9.937409       0.764980       0.006048
        7.434211      10.206001       1.151932       0.291809       9.358154       9.349303       0.764709       0.005001
        7.500000      10.205030       1.151932       0.295715       8.760742       8.773737       0.764441       0.003963
