        0.065789       0.996956       0.003037       0.003037       0.000000       0.000000       0.000000       0.000000       0.000000       0.000000       0.000000       0.000000       0.000000       0.000000       0.000000       0.000000
        0.131579       0.992058       0.007948       0.007948       0.000000       0.000000       0.000000       0.000000       0.000000       0.000000       0.000000       0.000000       0.000000       0.000000       0.000000       0.000000
        0.197368       0.986595       0.013401       0.013401       0.000000       0.000000       0.000000       0.000000       0.000000       0.000000       0.000000       0.000000       0.000000       0.000000       0.000000       0.000000
        0.263158       0.981178       0.018821       0.018821       0.000000       0.000000       0.000000       0.000000       0.000000       0.000000       0.000000       0.000000       0.000000       0.000000       0.000000       0.000000
        0.328947       0.976067       0.023935       0.023935       0.000000       0.000000       0.000000       0.000000       0.000000       0.000000       0.000000       0.000000       0.000000       0.000000       0.000000       0.000000
        0.394737       0.971367       0.028627       0.028627       0.000000       0.000000       0.000000       0.000000       0.000000       0.000000       0.000000       0.000000       0.000000       0.000000       0.000000       0.000000
        0.460526       0.967125       0.032869       0.032869       0.000000       0.000000       0.000000       0.000000       0.000000       0.000000       0.000000       0.000000       0.000000       0.000000       0.000000       0.000000
        0.526316       0.963326       0.036677       0.036677       0.000000       0.000000       0.000000       0.000000       0.000000       0.000000       0.000000       0.000000       0.000000       0.000000       0.000000       0.000000
        0.592105       0.959923       0.040085       0.040085       0.000000       0.000000       0.000000       0.000000       0.000000       0.000000       0.000000       0.000000       0.000000       0.000000       0.000000       0.000000
        0.657895       0.956856       0.043139       0.043139       0.000000       0.000000       0.000000       0.000000       0.000000       0.000000       0.000000       0.000000       0.000000       0.000000       0.000000       0.000000
        0.723684       0.954109       0.045887       0.045887       0.000000       0.000000       0.000000       0.000000       0.000000       0.000000       0.000000       0.000000       0.000000       0.000000       0.000000       0.000000
        0.789474       0.950996       0.049001       0.048133       0.000868       0.000000       0.000000       0.000000       0.000000       0.000000       0.000000       0.000000       0.000000       0.000000       0.000000       0.000000
        0.855263       0.947533       0.052469       0.049905       0.002564       0.000000       0.000000       0.000000       0.000000       0.000000       0.000000       0.000000       0.000000       0.000000       0.000000       0.000000
        0.921053       0.944130       0.055862       0.051409       0.004454       0.000000       0.000000       0.000000       0.000000       0.000000       0.000000       0.000000       0.000000       0.000000       0.000000       0.000000
        0.986842       0.940895       0.059107       0.052722       0.006384       0.000000       0.000000       0.000000       0.000000       0.000000       0.000000       0.000000       0.000000       0.000000       0.000000       0.000000
        1.052632       0.937813       0.062182       0.053893       0.008290       0.000000       0.000000       0.000000       0.000000       0.000000       0.000000       0.000000       0.000000       0.000000       0.000000       0.000000
        1.118421       0.934898       0.065099       0.054955       0.010143       0.000000       0.000000       0.000000       0.000000       0.000000       0.000000       0.000000       0.000000       0.000000       0.000000       0.000000
        1.184211       0.932137       0.067869       0.055934       0.011934       0.000000       0.000000       0.000000       0.000000       0.000000       0.000000       0.000000       0.000000       0.000000       0.000000       0.000000
        1.250000       0.929497       0.070503       0.056845       0.013657       0.000000       0.000000       0.000000       0.000000       0.000000       0.000000       0.000000       0.000000       0.000000       0.000000       0.000000
        1.315789       0.926979       0.073017       0.057703       0.015314       0.000000       0.000000       0.000000       0.000000       0.000000       0.000000       0.000000       0.000000       0.000000       0.000000       0.000000
        1.381579       0.924568       0.075424       0.058517       0.016907       0.000000       0.000000       0.000000       0.000000       0.000000       0.000000       0.000000       0.000000       0.000000       0.000000       0.000000
        1.447368       0.922264       0.077734       0.059294       0.018440       0.000000       0.000000       0.000000       0.000000       0.000000       0.000000       0.000000       0.000000       0.000000       0.000000       0.000000
        1.513158       0.920052       0.079954       0.060039       0.019915       0.000000       0.000000       0.000000       0.000000       0.000000       0.000000       0.000000       0.000000       0.000000       0.000000       0.000000
        1.578947       0.917915       0.082086       0.060754       0.021333       0.000000       0.000000       0.000000       0.000000       0.000000       0.000000       0.000000       0.000000       0.000000       0.000000       0.000000
        1.644737       0.915855       0.084136       0.061440       0.022697       0.000000       0.000000       0.000000       0.000000       0.000000       0.000000       0.000000       0.000000       0.000000       0.000000       0.000000
        1.710526       0.913887       0.086113       0.062102       0.024012       0.000000       0.000000       0.000000       0.000000       0.000000       0.000000       0.000000       0.000000       0.000000       0.000000       0.000000
        1.776316       0.911980       0.088013       0.062737       0.025276       0.000000       0.000000       0.000000       0.000000       0.000000       0.000000       0.000000       0.000000       0.000000       0.000000       0.000000
        1.842105       0.910164       0.089841       0.063349       0.026493       0.000000       0.000000       0.000000       0.000000       0.000000       0.000000       0.000000       0.000000       0.000000       0.000000       0.000000
        1.907895       0.902840       0.093542       0.062978       0.026941       0.000000       0.000000       0.000000       0.000000       0.000000       0.000000       0.000000       0.000000       0.000000       0.003621       0.000000
        1.973684       0.878792       0.102995       0.059657       0.025124       0.000000       0.000000       0.000000       0.000000       0.000000       0.000000       0.000000       0.000000       0.000000       0.018213       0.000000
        2.039474       0.853722       0.112700       0.056060       0.023066       0.000000       0.000000       0.000000       0.000000       0.000000       0.000000       0.000000       0.000000       0.000000       0.033575       0.000000
        2.105263       0.829369       0.122059       0.052494       0.021001       0.000000       0.000000       0.000000       0.000000       0.000000       0.000000       0.000000       0.000000       0.000000       0.048566       0.000000
        2.171053       0.806221       0.130912       0.049049       0.019005       0.000000       0.000000       0.000000       0.000000       0.000000       0.000000       0.000000       0.000000       0.000000       0.062862       0.000000
        2.236842       0.784462       0.139210       0.045765       0.017112       0.000000       0.000000       0.000000       0.000000       0.000000       0.000000       0.000000       0.000000       0.000000       0.076331       0.000000
        2.302632       0.762108       0.145465       0.042611       0.015302       0.004884       0.000000       0.000000       0.000000       0.000000       0.000000       0.000000       0.000000       0.000000       0.087557       0.000000
        2.368421       0.739861       0.150246       0.039631       0.013609       0.012896       0.000000       0.000000       0.000000       0.000000       0.000000       0.000000       0.000000       0.000000       0.097008       0.000000
        2.434211       0.718498       0.154216       0.036849       0.012053       0.021996       0.000000       0.000000       0.000000       0.000000       0.000000       0.000000       0.000000       0.000000       0.105309       0.000000
        2.500000       0.698128       0.157537       0.034266       0.010634       0.031677       0.000000       0.000000       0.000000       0.000000       0.000000       0.000000       0.000000       0.000000       0.112636       0.000000
        2.565789       0.678749       0.160354       0.031871       0.009344       0.041761       0.000000       0.000000       0.000000       0.000000       0.000000       0.000000       0.000000       0.000000       0.119135       0.000000
        2.631579       0.660362       0.162704       0.029659       0.008180       0.052065       0.000000       0.000000       0.000000       0.000000       0.000000       0.000000       0.000000       0.000000       0.124866       0.000000
        2.697368       0.642860       0.164673       0.027615       0.007129       0.062539       0.000000       0.000000       0.000000       0.000000       0.000000       0.000000       0.000000       0.000000       0.129921       0.000000
        2.763158       0.626274       0.166281       0.025733       0.006189       0.073074       0.000000       0.000000       0.000000       0.000000       0.000000       0.000000       0.000000       0.000000       0.134367       0.000000
        2.828947       0.610466       0.167596       0.023996       0.005346       0.083675       0.000000       0.000000       0.000000       0.000000       0.000000       0.000000       0.000000       0.000000       0.138247       0.000000
        2.894737       0.595482       0.168633       0.022399       0.004595       0.094259       0.000000       0.000000       0.000000       0.000000       0.000000       0.000000       0.000000       0.000000       0.141648       0.000000
        2.960526       0.581154       0.169424       0.020927       0.003927       0.104830       0.000000       0.000000       0.000000       0.000000       0.000000       0.000000       0.000000       0.000000       0.144580       0.000000
        3.026316       0.567543       0.170005       0.019573       0.003335       0.115337       0.000000       0.000000       0.000000       0.000000       0.000000       0.000000       0.000000       0.000000       0.147101       0.000000
        3.092105       0.554558       0.170395       0.018326       0.002811       0.125784       0.000000       0.000000       0.000000       0.000000       0.000000       0.000000       0.000000       0.000000       0.149259       0.000000
        3.157895       0.542137       0.170609       0.017178       0.002350       0.136164       0.000000       0.000000       0.000000       0.000000       0.000000       0.000000       0.000000       0.000000       0.151084       0.000000
        3.223684       0.530281       0.170671       0.016121       0.001946       0.146441       0.000000       0.000000       0.000000       0.000000       0.000000       0.000000       0.000000       0.000000       0.152611       0.000000
        3.289474       0.518944       0.170598       0.015148       0.001592       0.156604       0.000000       0.000000       0.000000       0.000000       0.000000       0.000000       0.000000       0.000000       0.153849       0.000000
        3.355263       0.508049       0.170390       0.014250       0.001284       0.166683       0.000000       0.000000       0.000000       0.000000       0.000000       0.000000       0.000000       0.000000       0.154863       0.000000
        3.421053       0.497658       0.170080       0.013423       0.001018       0.176615       0.000000       0.000000       0.000000       0.000000       0.000000       0.000000       0.000000       0.000000       0.155644       0.000000
        3.486842       0.487633       0.169667       0.012658       0.000789       0.186454       0.000000       0.000000       0.000000       0.000000       0.000000       0.000000       0.000000       0.000000       0.156219       0.000000
        3.552631       0.478035       0.169169       0.011952       0.000594       0.196157       0.000000       0.000000       0.000000       0.000000       0.000000       0.000000       0.000000       0.000000       0.156617       0.000000
        3.618421       0.468819       0.168587       0.011301       0.000430       0.205726       0.000000       0.000000       0.000000       0.000000       0.000000       0.000000       0.000000       0.000000       0.156867       0.000000
        3.684211       0.459953       0.167941       0.010698       0.000294       0.215175       0.000000       0.000000       0.000000       0.000000       0.000000       0.000000       0.000000       0.000000       0.156953       0.000000
        3.750000       0.451958       0.167826       0.010079       0.000169       0.222652       0.000000       0.000000       0.000000       0.000000       0.001724       0.000000       0.000000       0.000000       0.155867       0.000000
        3.815789       0.444481       0.167990       0.009471       0.000068       0.229109       0.000000       0.000000       0.000000       0.000000       0.004319       0.000000       0.000000       0.000000       0.154127       0.000000
        3.881579       0.437416       0.168214       0.008898       0.000006       0.235065       0.000000       0.000000       0.000000       0.000000       0.007161       0.000000       0.000000       0.000000       0.152138       0.000000
        3.947368       0.430656       0.168485       0.008359       0.000000       0.240734       0.000000       0.000000       0.000000       0.000000       0.010128       0.000000       0.000000       0.000000       0.149999       0.000000
        4.013158       0.424171       0.168762       0.007855       0.000000       0.246135       0.000000       0.000000       0.000000       0.000000       0.013174       0.000000       0.000000       0.000000       0.147731       0.000000
        4.078948       0.417946       0.169054       0.007382       0.000000       0.251350       0.000000       0.000000       0.000000       0.000000       0.016285       0.000000       0.000000       0.000000       0.145393       0.000000
        4.144737       0.411919       0.169332       0.006940       0.000000       0.256348       0.000000       0.000000       0.000000       0.000000       0.019380       0.000000       0.000000       0.000000       0.143014       0.000000
        4.210526       0.406136       0.169611       0.006527       0.000000       0.261169       0.000000       0.000000       0.000000       0.000000       0.022510       0.000000       0.000000       0.000000       0.140578       0.000000
        4.276316       0.400536       0.169881       0.006140       0.000000       0.265820       0.000000       0.000000       0.000000       0.000000       0.025623       0.000000       0.000000       0.000000       0.138105       0.000000
        4.342105       0.395180       0.170159       0.005780       0.000000       0.270310       0.000000       0.000000       0.000000       0.000000       0.028725       0.000000       0.000000       0.000000       0.135643       0.000000
        4.407895       0.389931       0.170409       0.005440       0.000000       0.274672       0.000000       0.000000       0.000000       0.000000       0.031823       0.000000       0.000000       0.000000       0.133136       0.000000
        4.473684       0.384865       0.170668       0.005122       0.000000       0.278930       0.000000       0.000000       0.000000       0.000000       0.034897       0.000000       0.000000       0.000000       0.130660       0.000000
        4.539474       0.379997       0.170924       0.004825       0.000000       0.283017       0.000000       0.000000       0.000000       0.000000       0.037940       0.000000       0.000000       0.000000       0.128158       0.000000
        4.605263       0.375237       0.171159       0.004546       0.000000       0.286980       0.000000       0.000000       0.000000       0.000000       0.040932       0.000000       0.000000       0.000000       0.125671       0.000000
        4.671053       0.370628       0.171401       0.004283       0.000000       0.290864       0.000000       0.000000       0.000000       0.000000       0.043938       0.000000       0.000000       0.000000       0.123168       0.000000
        4.736842       0.366219       0.171640       0.004039       0.000000       0.294573       0.000000       0.000000       0.000000       0.000000       0.046858       0.000000       0.000000       0.000000       0.120747       0.000000
        4.802631       0.361885       0.171870       0.003807       0.000000       0.298216       0.000000       0.000000       0.000000       0.000000       0.049746       0.000000       0.000000       0.000000       0.118316       0.000000
        4.868421       0.357643       0.172088       0.003589       0.000000       0.301775       0.000000       0.000000       0.000000       0.000000       0.052658       0.000000       0.000000       0.000000       0.115826       0.000000
        4.934211       0.353539       0.172307       0.003384       0.000000       0.305243       0.000000       0.000000       0.000000       0.000000       0.055498       0.000000       0.000000       0.000000       0.113434       0.000000
        5.000000       0.349556       0.172525       0.003191       0.000000       0.308596       0.000000       0.000000       0.000000       0.000000       0.058299       0.000000       0.000000       0.000000       0.111034       0.000000
        5.065790       0.345680       0.172739       0.003009       0.000000       0.311854       0.000000       0.000000       0.000000       0.000000       0.061040       0.000000       0.000000       0.000000       0.108676       0.000000
        5.131579       0.341911       0.172948       0.002838       0.000000       0.315046       0.000000       0.000000       0.000000       0.000000       0.063798       0.000000       0.000000       0.000000       0.106332       0.000000
        5.197368       0.338234       0.173151       0.002677       0.000000       0.318123       0.000000       0.000000       0.000000       0.000000       0.066465       0.000000       0.000000       0.000000       0.104017       0.000000
        5.263158       0.334679       0.173365       0.002525       0.000000       0.321124       0.000000       0.000000       0.000000       0.000000       0.069076       0.000000       0.000000       0.000000       0.101761       0.000000
        5.328948       0.331184       0.173573       0.002381       0.000000       0.324078       0.000000       0.000000       0.000000       0.000000       0.071688       0.000000       0.000000       0.000000       0.099497       0.000000
        5.394737       0.327751       0.173758       0.002245       0.000000       0.326940       0.000000       0.000000       0.000000       0.000000       0.074274       0.000000       0.000000       0.000000       0.097249       0.000000
        5.460526       0.324409       0.173973       0.002115       0.000000       0.329786       0.000000       0.000000       0.000000       0.000000       0.076799       0.000000       0.000000       0.000000       0.095037       0.000000
        5.526316       0.321175       0.174163       0.001995       0.000000       0.332493       0.000000       0.000000       0.000000       0.000000       0.079297       0.000000       0.000000       0.000000       0.092882       0.000000
        5.592105       0.318001       0.174349       0.001880       0.000000       0.335129       0.000000       0.000000       0.000000       0.000000       0.081727       0.000000       0.000000       0.000000       0.090751       0.000000
        5.657895       0.314888       0.174550       0.001771       0.000000       0.337753       0.000000       0.000000       0.000000       0.000000       0.084151       0.000000       0.000000       0.000000       0.088630       0.000000
        5.723684       0.311852       0.174752       0.001668       0.000000       0.340329       0.000000       0.000000       0.000000       0.000000       0.086545       0.000000       0.000000       0.000000       0.086556       0.000000
        5.789474       0.308922       0.174949       0.001572       0.000000       0.342763       0.000000       0.000000       0.000000       0.000000       0.088867       0.000000       0.000000       0.000000       0.084510       0.000000
        5.855263       0.305992       0.175142       0.001479       0.000000       0.345230       0.000000       0.000000       0.000000       0.000000       0.091185       0.000000       0.000000       0.000000       0.082489       0.000000
        5.921053       0.303139       0.175320       0.001392       0.000000       0.347571       0.000000       0.000000       0.000000       0.000000       0.093437       0.000000       0.000000       0.000013       0.080495       0.000000
        5.986842       0.300270       0.175488       0.001309       0.000000       0.349924       0.000000       0.000000       0.000000       0.000000       0.095679       0.000000       0.000000       0.000138       0.078496       0.000000
        6.052631       0.297447       0.175631       0.001230       0.000000       0.352186       0.000000       0.000000       0.000000       0.000000       0.097857       0.000000       0.000000       0.000321       0.076552       0.000000
        6.118421       0.294701       0.175769       0.001156       0.000000       0.354347       0.000000       0.000000       0.000000       0.000000       0.099971       0.000000       0.000000       0.000535       0.074648       0.000000
        6.184211       0.291939       0.175906       0.001085       0.000000       0.356563       0.000000       0.000000       0.000000       0.000000       0.102104       0.000000       0.000000       0.000778       0.072737       0.000000
        6.250000       0.289223       0.176037       0.001017       0.000000       0.358693       0.000000       0.000000       0.000000       0.000000       0.104166       0.000000       0.000000       0.001034       0.070851       0.000000
        6.315790       0.286613       0.176174       0.000954       0.000000       0.360733       0.000000       0.000000       0.000000       0.000000       0.106192       0.000000       0.000000       0.001292       0.069014       0.000000
        6.381579       0.283974       0.176297       0.000894       0.000000       0.362803       0.000000       0.000000       0.000000       0.000000       0.108197       0.000000       0.000000       0.001570       0.067196       0.000000
        6.447368       0.281410       0.176406       0.000837       0.000000       0.364745       0.000000       0.000000       0.000000       0.000000       0.110143       0.000000       0.000000       0.001839       0.065413       0.000000
        6.513158       0.278862       0.176527       0.000782       0.000000       0.366742       0.000000       0.000000       0.000000       0.000000       0.112118       0.000000       0.000000       0.002118       0.063649       0.000000
        6.578948       0.276375       0.176657       0.000731       0.000000       0.368672       0.000000       0.000000       0.000000       0.000000       0.114013       0.000000       0.000000       0.002395       0.061923       0.000000
        6.644737       0.273949       0.176787       0.000683       0.000000       0.370528       0.000000       0.000000       0.000000       0.000000       0.115882       0.000000       0.000000       0.002658       0.060208       0.000000
        6.710526       0.271584       0.176910       0.000637       0.000000       0.372321       0.000000       0.000000       0.000000       0.000000       0.117725       0.000000       0.000000       0.002917       0.058554       0.000000
        6.776316       0.269188       0.177027       0.000594       0.000000       0.374144       0.000000       0.000000       0.000000       0.000000       0.119540       0.000000       0.000000       0.003178       0.056890       0.000000
        6.842105       0.266914       0.177169       0.000553       0.000000       0.375878       0.000000       0.000000       0.000000       0.000000       0.121304       0.000000       0.000000       0.003430       0.055298       0.000000
        6.907895       0.264610       0.177306       0.000514       0.000000       0.377666       0.000000       0.000000       0.000000       0.000000       0.123090       0.000000       0.000000       0.003680       0.053693       0.000000
        6.973684       0.262367       0.177426       0.000478       0.000000       0.379338       0.000000       0.000000       0.000000       0.000000       0.124813       0.000000       0.000000       0.003915       0.052137       0.000000
        7.039473       0.260155       0.177555       0.000443       0.000000       0.380998       0.000000       0.000000       0.000000       0.000000       0.126520       0.000000       0.000000       0.004142       0.050596       0.000000
        7.105263       0.258034       0.177612       0.000413       0.000000       0.382394       0.000000       0.000000       0.000000       0.000416       0.127944       0.000000       0.000000       0.004378       0.049239       0.000000
        7.171053       0.255852       0.177468       0.000386       0.000000       0.383481       0.000000       0.000000       0.000000       0.001476       0.128997       0.000000       0.000000       0.004647       0.048098       0.000000
        7.236842       0.253731       0.177287       0.000362       0.000000       0.384383       0.000000       0.000000       0.000000       0.002803       0.129909       0.000000       0.000000       0.004897       0.047008       0.000000
        7.302632       0.251625       0.177050       0.000340       0.000000       0.385195       0.000000       0.000000       0.000000       0.004296       0.130710       0.000000       0.000000       0.005161       0.046014       0.000000
        7.368421       0.249565       0.176778       0.000319       0.000000       0.385883       0.000000       0.000000       0.000000       0.005874       0.131370       0.000000       0.000000       0.005425       0.045090       0.000000
        7.434211       0.247490       0.176486       0.000300       0.000000       0.386560       0.000000       0.000000       0.000000       0.007591       0.131999       0.000000       0.000000       0.005685       0.044170       0.000000
        7.500000       0.245506       0.176178       0.000282       0.000000       0.387141       0.000000       0.000000       0.000000       0.009333       0.132578       0.000000       0.000000       0.005944       0.043336       0.000000
        7.565790       0.243584       0.175881       0.000265       0.000000       0.387655       0.000000       0.000000       0.000000       0.011120       0.133091       0.000000       0.000000       0.006191       0.042522       0.000000
        7.631579       0.241646       0.175545       0.000249       0.000000       0.388144       0.000000       0.000000       0.000000       0.012955       0.133552       0.000000       0.000000       0.006445       0.041746       0.000000
        7.697368       0.239723       0.175191       0.000235       0.000000       0.388595       0.000000       0.000000       0.000004       0.014830       0.133982       0.000000       0.000000       0.006695       0.040992       0.000000
        7.763158       0.237862       0.174859       0.000221       0.000000       0.388980       0.000000       0.000000       0.000051       0.016712       0.134328       0.000000       0.000000       0.006926       0.040237       0.000000
        7.828947       0.236015       0.174520       0.000207       0.000000       0.389365       0.000000       0.000000       0.000124       0.018632       0.134655       0.000000       0.000000       0.007162       0.039512       0.000000
        7.894737       0.234200       0.174170       0.000195       0.000000       0.389693       0.000000       0.000000       0.000213       0.020559       0.134956       0.000000       0.000000       0.007386       0.038803       0.000000
