   9.9999997764825821E-003   16790984624809.703        8.0398398146558248E-002   41.526769999999999     
   1.9999999552965164E-002   33619981086403.883        6.6745828553885930E-002   37.220320000000001     
   2.9999999329447746E-002   50474466637576.258        5.3946285301956526E-002   29.705950000000001     
   3.9999999105930328E-002   67356269484344.031        5.6195270243406516E-002   20.459800000000001     
   4.9999997019767761E-002   84266458709616.781        7.7292468114841487E-002   16.003240000000002     
   5.9999998658895493E-002   101205349841336.56       0.10785344074990587        14.379690000000000     
   7.0000000298023224E-002   118175407709544.88       0.14172442482313613        13.762330000000000     
   7.9999998211860657E-002   135177634579469.41       0.17479624644344330        13.507700000000000     
   8.9999996125698090E-002   152211065306816.81       0.20467734579014760        13.388120000000001     
   9.9999994039535522E-002   169275707315774.03       0.23048542659029070        13.318370000000000     
  0.10999999940395355        186377202988363.66       0.25243824762796280        13.265790000000001     
  0.11999999731779099        203516250198151.69       0.27090816085526670        13.218540000000001     
  0.12999999523162842        220696085890614.34       0.28692957679607423        13.170970000000001     
  0.14000000059604645        237917259455580.12       0.30176322021998869        13.119270000000000     
  0.14999999105930328        255190565660760.88       0.31641876871373570        13.060990000000000     
  0.15999999642372131        272515291784216.81       0.33175748232624697        12.994640000000000     
  0.17000000178813934        289904222275741.62       0.34861051745681892        12.919820000000000     
  0.17999999225139618        307364187387257.38       0.36778207880604280        12.837850000000000     
  0.18999999761581421        324896493775653.62       0.39004461068869228        12.752030000000000     
  0.19999998807907104        342515128608997.06       0.41613828716023871        12.667090000000000     
  0.20999999344348907        360227219106684.88       0.44667756001708941        12.588520000000001     
  0.21999999880790710        378046306985571.50       0.48211881497558617        12.521400000000000     
  0.22999998927116394        395978539472386.94       0.52268815088395415        12.469530000000001     
  0.23999999463558197        414027747447557.12       0.56837488118670054        12.434860000000000     
  0.25000000000000000        432205067191389.94       0.61897052342081749        12.417510000000000     
  0.25999999046325684        450531227033632.06       0.67411904086657259        12.416110000000000     
  0.26999998092651367        469000792469493.06       0.73323724165129855        12.428369999999999     
  0.28000000119209290        487635204550659.25       0.79573422192585452        12.451499999999999     
  0.28999999165534973        506428316050400.69       0.85393372705416748        12.478680000000001     
  0.29999998211860657        525349004777350.00       0.89328765314676328        12.497949999999999     
  0.31000000238418579        544379690256994.44       0.93134315779362442        12.515169999999999     
  0.31999999284744263        563522570048648.00       0.97002715257905259        12.530340000000001     
  0.32999998331069946        582788928916356.25        1.0099238465456637        12.543240000000001     
  0.34000000357627869        602186309833980.88        1.0512253790039086        12.553710000000001     
  0.34999999403953552        621719286100635.25        1.0891624797743003        12.560779999999999     
  0.35999998450279236        641367723321522.38        1.1247960620464033        12.564909999999999     
  0.37000000476837158        661154903746672.88        1.1597621594605152        12.566350000000000     
  0.37999999523162842        681037529518249.50        1.1941906972797576        12.565140000000000     
  0.38999998569488525        701092752786225.62        1.2282127804974634        12.561360000000001     
  0.39999997615814209        721258982496311.25        1.2617675723862523        12.555099999999999     
  0.40999999642372131        741587000086711.00        1.2948127630175634        12.546510000000000     
  0.41999998688697815        762032498010172.75        1.3272677446382979        12.535740000000001     
  0.42999997735023499        782651603119448.50        1.3591293056630360        12.522919999999999     
  0.43999999761581421        803405472068824.25        1.3902418444891822        12.508240000000001     
  0.44999998807907104        824318278010755.12        1.4206320032833084        12.491820000000001     
  0.45999997854232788        845369233221999.62        1.4501912479621897        12.473830000000000     
  0.46999999880790710        866584352053357.25        1.4789069772620698        12.454400000000000     
  0.47999998927116394        887976998041197.12        1.5067685954247982        12.433640000000000     
  0.48999997973442078        909521631982680.00        1.5337035527828964        12.411709999999999     
  0.50000000000000000        931212908463258.12        1.5597161633988919        12.388690000000000     
  0.50999999046325684        953104044054429.50        1.5848125737551462        12.364680000000000     
  0.51999998092651367        975126855023962.12        1.6089440964742368        12.339829999999999     
  0.52999997138977051        997348990562633.50        1.6321718615133527        12.314150000000000     
  0.53999996185302734        1019736774558792.1        1.6544616460644588        12.287770000000000     
  0.55000001192092896        1042288722175063.8        1.6758136578512348        12.260790000000000     
  0.56000000238418579        1065033342289036.8        1.6962965791680598        12.233210000000000     
  0.56999999284744263        1087888196729684.8        1.7153056026312823        12.205980000000000     
  0.57999998331069946        1110977655475486.6        1.7332284087986078        12.178699999999999     
  0.58999997377395630        1134163806831109.5        1.7502125368967421        12.151230000000000     
  0.59999996423721313        1157543580980353.0        1.7663339927707691        12.123540000000000     
  0.61000001430511475        1181085618157870.2        1.7816557339982475        12.095599999999999     
  0.62000000476837158        1204855132421144.8        1.7961950893580090        12.067489999999999     
  0.62999999523162842        1228736544028953.5        1.8099814303649002        12.039210000000001     
  0.63999998569488525        1252805876654865.5        1.8230528193043993        12.010809999999999     
  0.64999997615814209        1277025356036076.2        1.8354534954677224        11.982260000000000     
  0.65999996662139893        1301403416048872.2        1.8471769917445331        11.953680000000000     
  0.66999995708465576        1325969040718801.8        1.8582976971456957        11.924989999999999     
  0.68000000715255737        1350773664812513.5        1.8688332240118111        11.896229999999999     
  0.68999999761581421        1375669754888487.8        1.8787940354682302        11.867450000000000     
  0.69999998807907104        1400681899853645.0        1.8881941515086804        11.838720000000000     
  0.70999997854232788        1425971293653348.8        1.8971011641632762        11.809930000000000     
  0.71999996900558472        1451291928431409.8        1.9054790782098057        11.781280000000001     
  0.72999995946884155        1476846217218705.8        1.9134137360117489        11.752580000000000     
  0.74000000953674316        1502624181908080.0        1.9209107673439143        11.723879999999999     
  0.75000000000000000        1528573081075994.8        1.9279697520098833        11.695280000000000     
  0.75999999046325684        1554632452144564.0        1.9346116078174866        11.666779999999999     
  0.76999998092651367        1580831160352346.8        1.9408623558018314        11.638380000000000     
  0.77999997138977051        1607292269020932.2        1.9467438593266766        11.610049999999999     
  0.78999996185302734        1633798991893659.0        1.9522619306338440        11.581870000000000     
  0.79999995231628418        1660460375427302.5        1.9574353132029321        11.553820000000000     
  0.81000000238418579        1687389742410276.8        1.9622976498427129        11.525829999999999     
  0.81999999284744263        1714453932626845.8        1.9668459289343529        11.497980000000000     
  0.82999998331069946        1741786106292745.5        1.9711110303696753        11.470179999999999     
  0.83999997377395630        1769129208361721.0        1.9750654908072762        11.442710000000000     
  0.84999996423721313        1796619249937266.2        1.9787594736595502        11.415310000000000     
  0.85999995470046997        1824396637241504.2        1.9822000017493004        11.388030000000001     
  0.87000000476837158        1852380119973308.0        1.9853918860912576        11.360910000000001     
  0.87999999523162842        1880335093827523.5        1.9883401364464388        11.334009999999999     
  0.88999998569488525        1908681233239649.0        1.9910745464986297        11.307150000000000     
  0.89999997615814209        1937009673390272.2        1.9935837248864103        11.280550000000000     
  0.90999996662139893        1965663589893362.2        1.9958888858029575        11.254090000000000     
  0.91999995708465576        1994391035543232.2        1.9979914046917655        11.227860000000000     
  0.93000000715255737        2023113967287484.2        1.9998961622730345        11.201930000000001     
  0.93999999761581421        2052375241670196.0        2.0016384938254288        11.175910000000000     
  0.94999998807907104        2081557641491580.2        2.0031940275398425        11.150270000000001     
  0.95999997854232788        2110899215879500.0        2.0045878161350443        11.124750000000001     
  0.96999996900558472        2140556526086710.2        2.0058253030555013        11.099360000000001     
  0.97999995946884155        2170117618832059.8        2.0069050763322229        11.074280000000000     
  0.98999994993209839        2200199473741357.0        2.0078464899490012        11.049210000000000     
   1.0000000000000000        2230258521548583.0        2.0086440408007773        11.024450000000000     
   1.0099999904632568        2260457500429972.5        2.0093100449946641        10.999810000000000     
   1.0199999809265137        2290741293222186.5        2.0098461643740944        10.975460000000000     
   1.0299999713897705        2321401165624588.0        2.0102640160291019        10.951079999999999     
   1.0399999618530273        2351966958730947.5        2.0105611445141536        10.927149999999999     
   1.0499999523162842        2383086061636500.5        2.0107489542878660        10.903119999999999     
   1.0599999427795410        2414088278143942.0        2.0108279397769624        10.879410000000000     
   1.0699999332427979        2445306924547075.0        2.0108041193915036        10.855869999999999     
   1.0799999237060547        2476546002312479.5        2.0106839867801747        10.832850000000001     
   1.0900000333786011        2508180403180442.5        2.0104724336091091        10.810110000000000     
   1.1000000238418579        2539928839558759.0        2.0101748077747237        10.787730000000000     
   1.1100000143051147        2571888241631229.5        2.0097946132957740        10.765620000000000     
   1.1200000047683716        2603801079203638.5        2.0093347571403744        10.743750000000000     
   1.1299999952316284        2636214722725683.5        2.0087955457974549        10.721980000000000     
   1.1399999856948853        2668597719204321.0        2.0081863889478773        10.700550000000000     
   1.1499999761581421        2701010412430446.0        2.0075089724540049        10.679390000000000     
   1.1599999666213989        2733679923128846.5        2.0067617762818015        10.658350000000000     
   1.1699999570846558        2766520249518797.0        2.0059506377528402        10.637520000000000     
   1.1799999475479126        2799440163192015.5        2.0050744974793226        10.616800000000000     
   1.1899999380111694        2832693868306997.0        2.0041381301200238        10.596259999999999     
   1.1999999284744263        2865941634072482.0        2.0031508622145147        10.576029999999999     
