        0.065789       1.050000       0.955320       0.955320
        0.131579       1.050000       0.914722       0.914722
        0.197368       1.050000       0.877788       0.877788
        0.263158       1.050000       0.844073       0.844073
        0.328947       1.050000       0.813141       0.813141
        0.394737       1.050000       0.784587       0.784587
        0.460526       1.050000       0.758048       0.758048
        0.526316       1.050000       0.733216       0.733216
        0.592105       1.050000       0.709842       0.709842
        0.657895       1.050000       0.687709       0.687709
        0.723684       1.050000       0.666653       0.666653
        0.789474       1.050000       0.646522       0.646522
        0.855263       1.050000       0.627206       0.627206
        0.921053       1.050000       0.608636       0.608636
        0.986842       1.050000       0.590755       0.590755
        1.052632       1.050000       0.573519       0.573519
        1.118421       1.050000       0.556890       0.556890
        1.184211       1.050000       0.540844       0.540844
        1.250000       1.050000       0.524080       0.524080
        1.315789       1.050000       0.506371       0.506371
        1.381579       1.050000       0.488920       0.488920
        1.447368       1.050000       0.471856       0.471856
        1.513158       1.050000       0.455216       0.455216
        1.578947       1.050000       0.439050       0.439050
        1.644737       1.050000       0.423387       0.423387
        1.710526       1.050000       0.408238       0.408238
        1.776316       1.050000       0.393659       0.393659
        1.842105       1.050000       0.379632       0.379632
        1.907895       1.050000       0.366180       0.366180
        1.973684       1.050000       0.353293       0.353293
        2.039474       1.050000       0.341007       0.341007
        2.105263       1.050000       0.329292       0.329292
        2.171053       1.050000       0.318136       0.318136
        2.236842       1.050000       0.307521       0.307521
        2.302632       1.050000       0.297455       0.297455
        2.368421       1.050000       0.287916       0.287916
        2.434211       1.050000       0.278872       0.278872
        2.500000       1.050000       0.270286       0.270286
        2.565789       1.050000       0.262320       0.262320
        2.631579       1.050000       0.254834       0.254834
        2.697368       1.050000       0.247684       0.247684
        2.763158       1.050000       0.240819       0.240819
        2.828947       1.050000       0.234252       0.234252
        2.894737       1.050000       0.227918       0.227918
        2.960526       1.050000       0.221804       0.221804
        3.026316       1.050000       0.215640       0.215640
        3.092105       1.050000       0.209543       0.209543
        3.157895       1.050000       0.203570       0.203570
        3.223684       1.050000       0.197744       0.197744
        3.289474       1.050000       0.192068       0.192068
        3.355263       1.050000       0.186542       0.186542
        3.421053       1.050000       0.181164       0.181164
        3.486842       1.050000       0.175938       0.175938
        3.552631       1.050000       0.170880       0.170880
        3.618421       1.050000       0.165938       0.165938
        3.684211       1.050000       0.161118       0.161118
        3.750000       1.050000       0.156441       0.156441
        3.815789       1.050000       0.151887       0.151887
        3.881579       1.050000       0.147453       0.147453
        3.947368       1.050000       0.143142       0.143142
        4.013158       1.050000       0.138915       0.138915
        4.078948       1.050000       0.134814       0.134814
        4.144737       1.050000       0.130812       0.130812
        4.210526       1.050000       0.126915       0.126915
        4.276316       1.050000       0.123106       0.123106
        4.342105       1.050000       0.119419       0.119419
        4.407895       1.050000       0.115981       0.115981
        4.473684       1.050000       0.112937       0.112937
        4.539474       1.050000       0.110101       0.110101
        4.605263       1.050000       0.107299       0.107299
        4.671053       1.050000       0.104635       0.104635
        4.736842       1.050000       0.102027       0.102027
        4.802631       1.050000       0.099523       0.099523
        4.868421       1.050000       0.097077       0.097077
        4.934211       1.050000       0.094644       0.094644
        5.000000       1.050000       0.092300       0.092300
        5.065790       1.050000       0.090013       0.090013
        5.131579       1.050000       0.087748       0.087748
        5.197368       1.050000       0.085384       0.085384
        5.263158       1.050000       0.083045       0.083045
        5.328948       1.050000       0.080732       0.080732
        5.394737       1.050000       0.078438       0.078438
        5.460526       1.050000       0.076172       0.076172
        5.526316       1.050000       0.073932       0.073932
        5.592105       1.050000       0.071754       0.071754
        5.657895       1.050000       0.069549       0.069549
        5.723684       1.050000       0.067394       0.067394
        5.789474       1.050000       0.065278       0.065278
        5.855263       1.050000       0.063224       0.063224
        5.921053       1.050000       0.061160       0.061160
        5.986842       1.050000       0.059154       0.059154
        6.052631       1.050000       0.057179       0.057179
        6.118421       1.050000       0.055200       0.055200
        6.184211       1.050000       0.053251       0.053251
        6.250000       1.050000       0.051372       0.051372
        6.315790       1.050000       0.049527       0.049527
        6.381579       1.050000       0.047640       0.047640
        6.447368       1.050000       0.045810       0.045810
        6.513158       1.050000       0.044005       0.044005
        6.578948       1.050000       0.042100       0.042100
        6.644737       1.050000       0.040242       0.040242
        6.710526       1.050000       0.038337       0.038337
        6.776316       1.050000       0.036539       0.036539
        6.842105       1.050000       0.034708       0.034708
        6.907895       1.050000       0.032814       0.032814
        6.973684       1.050000       0.031026       0.031026
        7.039473       1.050000       0.029304       0.029304
        7.105263       1.050000       0.027554       0.027554
        7.171053       1.050000       0.025769       0.025769
        7.236842       1.050000       0.024027       0.024027
        7.302632       1.050000       0.022395       0.022395
        7.368421       1.050000       0.020726       0.020726
        7.434211       1.050000       0.019014       0.019014
        7.500000       1.050000       0.017437       0.017437
