        0.067114       0.997231       0.002773       0.002773       0.000000       0.000000       0.000000       0.000000       0.000000       0.000000       0.000000
        0.134228       0.992790       0.007209       0.007209       0.000000       0.000000       0.000000       0.000000       0.000000       0.000000       0.000000
        0.201342       0.987862       0.012139       0.012139       0.000000       0.000000       0.000000       0.000000       0.000000       0.000000       0.000000
        0.268456       0.982933       0.017063       0.017063       0.000000       0.000000       0.000000       0.000000       0.000000       0.000000       0.000000
        0.335570       0.978264       0.021744       0.021744       0.000000       0.000000       0.000000       0.000000       0.000000       0.000000       0.000000
        0.402685       0.973915       0.026078       0.026078       0.000000       0.000000       0.000000       0.000000       0.000000       0.000000       0.000000
        0.469799       0.969963       0.030039       0.030039       0.000000       0.000000       0.000000       0.000000       0.000000       0.000000       0.000000
        0.536913       0.966362       0.033634       0.033634       0.000000       0.000000       0.000000       0.000000       0.000000       0.000000       0.000000
        0.604027       0.963112       0.036892       0.036892       0.000000       0.000000       0.000000       0.000000       0.000000       0.000000       0.000000
        0.671141       0.960152       0.039848       0.039848       0.000000       0.000000       0.000000       0.000000       0.000000       0.000000       0.000000
        0.738255       0.957466       0.042541       0.042542       0.000000       0.000000       0.000000       0.000000       0.000000       0.000000       0.000000
        0.805369       0.954857       0.045141       0.044958       0.000182       0.000000       0.000000       0.000000       0.000000       0.000000       0.000000
        0.872483       0.951622       0.048376       0.046865       0.001511       0.000000       0.000000       0.000000       0.000000       0.000000       0.000000
        0.939597       0.948311       0.051693       0.048481       0.003212       0.000000       0.000000       0.000000       0.000000       0.000000       0.000000
        1.006711       0.945076       0.054930       0.049901       0.005029       0.000000       0.000000       0.000000       0.000000       0.000000       0.000000
        1.073825       0.941963       0.058043       0.051177       0.006866       0.000000       0.000000       0.000000       0.000000       0.000000       0.000000
        1.140940       0.938988       0.061021       0.052340       0.008680       0.000000       0.000000       0.000000       0.000000       0.000000       0.000000
        1.208054       0.936134       0.063868       0.053417       0.010451       0.000000       0.000000       0.000000       0.000000       0.000000       0.000000
        1.275168       0.933403       0.066589       0.054421       0.012168       0.000000       0.000000       0.000000       0.000000       0.000000       0.000000
        1.342282       0.930794       0.069198       0.055369       0.013829       0.000000       0.000000       0.000000       0.000000       0.000000       0.000000
        1.409396       0.928307       0.071700       0.056268       0.015433       0.000000       0.000000       0.000000       0.000000       0.000000       0.000000
        1.476510       0.925896       0.074099       0.057120       0.016978       0.000000       0.000000       0.000000       0.000000       0.000000       0.000000
        1.543624       0.923592       0.076406       0.057937       0.018469       0.000000       0.000000       0.000000       0.000000       0.000000       0.000000
        1.610738       0.921379       0.078624       0.058719       0.019905       0.000000       0.000000       0.000000       0.000000       0.000000       0.000000
        1.677852       0.919243       0.080755       0.059467       0.021289       0.000000       0.000000       0.000000       0.000000       0.000000       0.000000
        1.744966       0.917198       0.082806       0.060185       0.022622       0.000000       0.000000       0.000000       0.000000       0.000000       0.000000
        1.812080       0.915230       0.084778       0.060873       0.023905       0.000000       0.000000       0.000000       0.000000       0.000000       0.000000
        1.879195       0.913338       0.086671       0.061531       0.025139       0.000000       0.000000       0.000000       0.000000       0.000000       0.000000
        1.946309       0.911507       0.088488       0.062161       0.026326       0.000000       0.000000       0.000000       0.000000       0.000000       0.000000
        2.013423       0.909767       0.090236       0.062765       0.027470       0.000000       0.000000       0.000000       0.000000       0.000000       0.000000
        2.080537       0.908089       0.091909       0.063341       0.028568       0.000000       0.000000       0.000000       0.000000       0.000000       0.000000
        2.147651       0.906487       0.093516       0.063892       0.029624       0.000000       0.000000       0.000000       0.000000       0.000000       0.000000
        2.214765       0.898872       0.093977       0.063810       0.030167       0.007140       0.000000       0.000000       0.000000       0.000000       0.000000
        2.281879       0.887581       0.093734       0.063349       0.030386       0.018675       0.000000       0.000000       0.000000       0.000000       0.000000
        2.348993       0.875374       0.093295       0.062794       0.030502       0.031328       0.000000       0.000000       0.000000       0.000000       0.000000
        2.416107       0.862785       0.092758       0.062198       0.030559       0.044449       0.000000       0.000000       0.000000       0.000000       0.000000
        2.483221       0.850060       0.092169       0.061589       0.030580       0.057770       0.000000       0.000000       0.000000       0.000000       0.000000
        2.550335       0.837334       0.091552       0.060978       0.030576       0.071117       0.000000       0.000000       0.000000       0.000000       0.000000
        2.617449       0.823219       0.092543       0.059409       0.029788       0.080882       0.000000       0.000000       0.000000       0.000000       0.003348
        2.684564       0.808601       0.094440       0.057335       0.028576       0.088416       0.000000       0.000000       0.000000       0.000000       0.008533
        2.751678       0.794258       0.096425       0.055252       0.027337       0.095480       0.000000       0.000000       0.000000       0.000000       0.013840
        2.818792       0.780220       0.098415       0.053209       0.026112       0.102256       0.000000       0.000000       0.000000       0.000000       0.019090
        2.885906       0.766151       0.100528       0.051157       0.024862       0.108788       0.000000       0.000000       0.000664       0.000000       0.023849
        2.953020       0.751595       0.102928       0.049010       0.023526       0.115068       0.000000       0.000000       0.002858       0.000000       0.027534
        3.020134       0.737236       0.105331       0.046903       0.022208       0.121197       0.000000       0.000000       0.005393       0.000000       0.030834
        3.087248       0.723213       0.107689       0.044856       0.020926       0.127204       0.000000       0.000000       0.008020       0.000000       0.033887
        3.154362       0.709511       0.109968       0.042880       0.019690       0.133097       0.000000       0.000000       0.010636       0.000000       0.036768
        3.221476       0.696236       0.112178       0.040977       0.018503       0.138891       0.000000       0.000000       0.013197       0.000000       0.039507
        3.288590       0.683311       0.114313       0.039146       0.017365       0.144601       0.000000       0.000000       0.015660       0.000000       0.042133
        3.355705       0.670769       0.116348       0.037391       0.016278       0.150186       0.000000       0.000000       0.018015       0.000000       0.044658
        3.422819       0.658592       0.118317       0.035705       0.015240       0.155710       0.000000       0.000000       0.020251       0.000000       0.047115
        3.489933       0.646782       0.120203       0.034091       0.014250       0.161139       0.000000       0.000000       0.022363       0.000000       0.049506
        3.557047       0.635338       0.122023       0.032543       0.013308       0.166491       0.000000       0.000000       0.024346       0.000000       0.051831
        3.624161       0.624229       0.123764       0.031062       0.012411       0.171744       0.000000       0.000000       0.026195       0.000000       0.054096
        3.691275       0.613426       0.125428       0.029644       0.011560       0.176908       0.000000       0.000000       0.027912       0.000000       0.056309
        3.758389       0.602959       0.127038       0.028287       0.010751       0.182018       0.000000       0.000000       0.029511       0.000000       0.058501
        3.825503       0.592781       0.128581       0.026988       0.009984       0.187040       0.000000       0.000000       0.030977       0.000000       0.060640
        3.892617       0.582893       0.130061       0.025746       0.009257       0.191979       0.000000       0.000000       0.032323       0.000000       0.062746
        3.959731       0.573296       0.131487       0.024556       0.008567       0.196836       0.000000       0.000000       0.033547       0.000000       0.064807
        4.026845       0.563972       0.132858       0.023420       0.007915       0.201624       0.000000       0.000000       0.034668       0.000000       0.066852
        4.093960       0.554924       0.134188       0.022332       0.007298       0.206354       0.000000       0.000000       0.035683       0.000000       0.068875
        4.161074       0.546120       0.135449       0.021294       0.006716       0.210965       0.000000       0.000000       0.036593       0.000000       0.070863
        4.228188       0.537560       0.136682       0.020299       0.006165       0.215540       0.000000       0.000000       0.037405       0.000000       0.072828
        4.295302       0.529213       0.137867       0.019348       0.005645       0.220044       0.000000       0.000000       0.038120       0.000000       0.074771
        4.362416       0.521111       0.139019       0.018438       0.005155       0.224469       0.000000       0.000000       0.038742       0.000000       0.076670
        4.429530       0.513206       0.140117       0.017569       0.004694       0.228822       0.000000       0.000000       0.039290       0.000000       0.078572
        4.496644       0.505516       0.141182       0.016738       0.004261       0.233101       0.000000       0.000000       0.039756       0.000000       0.080446
        4.563758       0.498055       0.142227       0.015942       0.003853       0.237314       0.000000       0.000000       0.040146       0.000000       0.082288
        4.630872       0.490746       0.143230       0.015181       0.003469       0.241461       0.000000       0.000000       0.040453       0.000000       0.084109
        4.697986       0.483635       0.144196       0.014455       0.003112       0.245531       0.000000       0.000000       0.040708       0.000000       0.085907
        4.765100       0.476692       0.145136       0.013759       0.002776       0.249557       0.000000       0.000000       0.040905       0.000000       0.087716
        4.832214       0.469963       0.146061       0.013094       0.002463       0.253486       0.000000       0.000000       0.041030       0.000000       0.089458
        4.899328       0.463356       0.146943       0.012459       0.002171       0.257365       0.000000       0.000000       0.041109       0.000000       0.091198
        4.966443       0.456932       0.147810       0.011850       0.001899       0.261174       0.000000       0.000000       0.041133       0.000000       0.092923
        5.033557       0.450645       0.148655       0.011268       0.001647       0.264948       0.000000       0.000000       0.041114       0.000000       0.094634
        5.100671       0.444527       0.149488       0.010711       0.001413       0.268648       0.000000       0.000000       0.041043       0.000000       0.096311
        5.167785       0.438515       0.150281       0.010179       0.001199       0.272288       0.000000       0.000000       0.040934       0.000000       0.097990
        5.234899       0.432686       0.151061       0.009672       0.001002       0.275829       0.000000       0.000000       0.040786       0.000000       0.099615
        5.302013       0.426979       0.151846       0.009183       0.000822       0.279372       0.000000       0.000000       0.040597       0.000000       0.101236
        5.369127       0.421379       0.152589       0.008718       0.000659       0.282831       0.000000       0.000000       0.040381       0.000000       0.102846
        5.436241       0.415916       0.153327       0.008273       0.000512       0.286220       0.000000       0.000000       0.040117       0.000000       0.104405
        5.503356       0.410576       0.154045       0.007848       0.000383       0.289571       0.000000       0.000000       0.039848       0.000000       0.105981
        5.570470       0.405342       0.154761       0.007440       0.000269       0.292874       0.000000       0.000000       0.039528       0.000000       0.107513
        5.637584       0.400230       0.155459       0.007051       0.000172       0.296114       0.000000       0.000000       0.039195       0.000000       0.109033
        5.704698       0.395180       0.156130       0.006678       0.000093       0.299307       0.000000       0.000000       0.038827       0.000000       0.110521
        5.771812       0.390312       0.156817       0.006323       0.000034       0.302441       0.000000       0.000000       0.038455       0.000000       0.112007
        5.838926       0.385490       0.157483       0.005982       0.000000       0.305541       0.000000       0.000000       0.038044       0.000000       0.113471
        5.906040       0.380760       0.158150       0.005655       0.000000       0.308609       0.000000       0.000000       0.037605       0.000000       0.114907
        5.973154       0.376167       0.158806       0.005345       0.000000       0.311584       0.000000       0.000000       0.037159       0.000000       0.116317
        6.040268       0.371635       0.159440       0.005049       0.000000       0.314522       0.000000       0.000000       0.036700       0.000000       0.117708
        6.107382       0.367210       0.160081       0.004765       0.000000       0.317428       0.000000       0.000000       0.036228       0.000000       0.119075
        6.174496       0.362831       0.160687       0.004496       0.000000       0.320282       0.000000       0.000000       0.035747       0.000000       0.120438
        6.241611       0.358589       0.161294       0.004240       0.000000       0.323061       0.000000       0.000000       0.035270       0.000000       0.121794
        6.308725       0.354393       0.161884       0.003996       0.000000       0.325812       0.000000       0.000000       0.034778       0.000000       0.123129
        6.375839       0.350319       0.162489       0.003763       0.000000       0.328515       0.000000       0.000000       0.034280       0.000000       0.124435
        6.442953       0.346291       0.163051       0.003542       0.000000       0.331150       0.000000       0.000000       0.033786       0.000000       0.125731
        6.510067       0.342339       0.163624       0.003331       0.000000       0.333774       0.000000       0.000000       0.033280       0.000000       0.127008
        6.577181       0.338463       0.164174       0.003131       0.000000       0.336312       0.000000       0.000000       0.032774       0.000000       0.128262
        6.644295       0.334648       0.164721       0.002941       0.000000       0.338834       0.000000       0.000000       0.032263       0.000000       0.129509
        6.711409       0.330910       0.165262       0.002760       0.000000       0.341311       0.000000       0.000000       0.031752       0.000000       0.130738
        6.778523       0.327232       0.165802       0.002587       0.000000       0.343770       0.000000       0.000000       0.031239       0.000000       0.131978
        6.845637       0.323616       0.166323       0.002424       0.000000       0.346156       0.000000       0.000000       0.030721       0.000000       0.133169
        6.912751       0.320076       0.166839       0.002269       0.000000       0.348513       0.000000       0.000000       0.030217       0.000000       0.134366
        6.979865       0.316597       0.167365       0.002122       0.000000       0.350842       0.000000       0.000000       0.029699       0.000000       0.135535
        7.046979       0.313164       0.167848       0.001983       0.000000       0.353080       0.000000       0.000000       0.029189       0.000000       0.136687
        7.114093       0.309822       0.168360       0.001851       0.000000       0.355298       0.000000       0.000000       0.028672       0.000000       0.137822
        7.181207       0.306511       0.168853       0.001726       0.000000       0.357518       0.000000       0.000000       0.028171       0.000000       0.138948
        7.248321       0.303261       0.169337       0.001608       0.000000       0.359660       0.000000       0.000000       0.027660       0.000000       0.140064
        7.315436       0.300056       0.169808       0.001496       0.000000       0.361776       0.000000       0.000000       0.027160       0.000000       0.141168
        7.382550       0.296898       0.170293       0.001390       0.000000       0.363887       0.000000       0.000000       0.026647       0.000000       0.142265
        7.449664       0.293785       0.170764       0.001290       0.000000       0.365959       0.000000       0.000000       0.026141       0.000000       0.143317
        7.516778       0.290749       0.171233       0.001196       0.000000       0.368001       0.000000       0.000000       0.025657       0.000000       0.144401
        7.583892       0.287758       0.171689       0.001107       0.000000       0.369945       0.000000       0.000000       0.025154       0.000000       0.145425
        7.651006       0.284813       0.172150       0.001023       0.000000       0.371922       0.000000       0.000000       0.024672       0.000000       0.146474
        7.718120       0.281898       0.172593       0.000945       0.000000       0.373839       0.000000       0.000000       0.024183       0.000000       0.147488
        7.785234       0.279030       0.173042       0.000870       0.000000       0.375729       0.000000       0.000000       0.023690       0.000000       0.148476
        7.852348       0.276207       0.173478       0.000801       0.000000       0.377589       0.000000       0.000000       0.023211       0.000000       0.149484
        7.919463       0.273445       0.173926       0.000735       0.000000       0.379422       0.000000       0.000000       0.022734       0.000000       0.150469
        7.986577       0.270683       0.174354       0.000674       0.000000       0.381250       0.000000       0.000000       0.022256       0.000000       0.151447
        8.053691       0.268120       0.174634       0.000622       0.000000       0.382677       0.000000       0.000000       0.021908       0.000539       0.152106
        8.120805       0.265678       0.174726       0.000579       0.000000       0.383720       0.000000       0.000000       0.021677       0.001704       0.152483
        8.187919       0.263359       0.174757       0.000541       0.000000       0.384585       0.000000       0.000000       0.021515       0.003090       0.152705
        8.255033       0.261116       0.174737       0.000507       0.000000       0.385301       0.000000       0.000000       0.021385       0.004616       0.152857
        8.322147       0.258873       0.174673       0.000474       0.000000       0.385976       0.000000       0.000000       0.021262       0.006267       0.152921
        8.389262       0.256721       0.174585       0.000445       0.000000       0.386561       0.000000       0.000000       0.021181       0.007971       0.152949
        8.456376       0.254646       0.174485       0.000418       0.000000       0.387052       0.000000       0.000000       0.021115       0.009719       0.152943
        8.523490       0.252586       0.174369       0.000392       0.000000       0.387546       0.000000       0.000000       0.021060       0.011534       0.152900
        8.590604       0.250542       0.174216       0.000368       0.000000       0.387988       0.000000       0.000000       0.021015       0.013390       0.152848
        8.657718       0.248589       0.174078       0.000346       0.000000       0.388383       0.000000       0.000000       0.020991       0.015251       0.152761
        8.724832       0.246651       0.173923       0.000325       0.000000       0.388730       0.000000       0.000000       0.020957       0.017131       0.152617
        8.791946       0.244728       0.173742       0.000305       0.000000       0.389050       0.000000       0.000000       0.020936       0.019045       0.152501
        8.859060       0.242897       0.173577       0.000287       0.000000       0.389309       0.000000       0.000000       0.020929       0.020935       0.152357
        8.926174       0.241051       0.173392       0.000270       0.000000       0.389599       0.000000       0.000000       0.020925       0.022860       0.152183
        8.993288       0.239265       0.173211       0.000253       0.000000       0.389833       0.000000       0.000000       0.020928       0.024787       0.152031
        9.060403       0.237450       0.172993       0.000238       0.000000       0.390072       0.000000       0.000000       0.020930       0.026721       0.151824
        9.127517       0.235725       0.172803       0.000223       0.000000       0.390267       0.000000       0.000000       0.020944       0.028641       0.151632
        9.194631       0.234001       0.172599       0.000209       0.000000       0.390472       0.000000       0.000000       0.020960       0.030577       0.151424
        9.261745       0.232338       0.172390       0.000197       0.000000       0.390587       0.000000       0.000000       0.020980       0.032474       0.151228
        9.328859       0.230659       0.172171       0.000184       0.000000       0.390755       0.000000       0.000000       0.021004       0.034398       0.151001
        9.395973       0.229057       0.171984       0.000173       0.000000       0.390884       0.000000       0.000000       0.021028       0.036309       0.150775
