        0.067114       0.954386       0.631799       0.485672       0.322955
        0.134228       0.912375       0.631799       0.485672       0.322955
        0.201342       0.873676       0.631799       0.485672       0.322955
        0.268456       0.837994       0.631799       0.485672       0.322955
        0.335570       0.805017       0.631799       0.485672       0.322955
        0.402685       0.774455       0.631799       0.485672       0.322955
        0.469799       0.746020       0.631799       0.485672       0.322955
        0.536913       0.719467       0.631799       0.485672       0.322955
        0.604027       0.694569       0.631799       0.485672       0.322955
        0.671141       0.671142       0.631799       0.485672       0.322955
        0.738255       0.649016       0.631799       0.485672       0.322955
        0.805369       0.628060       0.631799       0.485672       0.322955
        0.872483       0.608122       0.631799       0.485672       0.322955
        0.939597       0.589122       0.631799       0.485672       0.322955
        1.006711       0.570991       0.631799       0.485672       0.322955
        1.073825       0.553668       0.631799       0.485672       0.322955
        1.140940       0.537105       0.631799       0.485672       0.322955
        1.208054       0.521246       0.631799       0.485672       0.322955
        1.275168       0.506071       0.631799       0.485672       0.322955
        1.342282       0.491532       0.631799       0.485672       0.322955
        1.409396       0.477619       0.631799       0.485672       0.322955
        1.476510       0.464304       0.631799       0.485672       0.322955
        1.543624       0.451556       0.631799       0.485672       0.322955
        1.610738       0.439357       0.631799       0.485672       0.322955
        1.677852       0.427693       0.631799       0.485672       0.322955
        1.744966       0.416536       0.631799       0.485672       0.322955
        1.812080       0.405871       0.631799       0.485672       0.322955
        1.879195       0.395684       0.631799       0.485672       0.322955
        1.946309       0.385943       0.631799       0.485672       0.322955
        2.013423       0.376632       0.631799       0.485672       0.322955
        2.080537       0.367739       0.631799       0.485672       0.322955
        2.147651       0.359238       0.631799       0.485672       0.322955
        2.214765       0.351236       0.631799       0.485672       0.322955
        2.281879       0.343588       0.631799       0.485672       0.322955
        2.348993       0.336190       0.631799       0.485672       0.322955
        2.416107       0.329014       0.631799       0.485672       0.322955
        2.483221       0.322026       0.631799       0.485672       0.322955
        2.550335       0.315226       0.631799       0.485672       0.322955
        2.617449       0.308863       0.631799       0.485672       0.322955
        2.684564       0.302821       0.631799       0.485672       0.322955
        2.751678       0.296946       0.631799       0.485672       0.322955
        2.818792       0.291199       0.631799       0.485672       0.322955
        2.885906       0.285528       0.631799       0.485672       0.322955
        2.953020       0.279881       0.631799       0.485672       0.322955
        3.020134       0.274324       0.631799       0.485672       0.322955
        3.087248       0.268876       0.631799       0.485672       0.322955
        3.154362       0.263511       0.631799       0.485672       0.322955
        3.221476       0.258272       0.631799       0.485672       0.322955
        3.288590       0.253111       0.631799       0.485672       0.322955
        3.355705       0.248075       0.631799       0.485672       0.322955
        3.422819       0.243121       0.631799       0.485672       0.322955
        3.489933       0.238277       0.631799       0.485672       0.322955
        3.557047       0.233532       0.631799       0.485672       0.322955
        3.624161       0.228891       0.631799       0.485672       0.322955
        3.691275       0.224335       0.631799       0.485672       0.322955
        3.758389       0.219870       0.631799       0.485672       0.322955
        3.825503       0.215490       0.631799       0.485672       0.322955
        3.892617       0.211201       0.631799       0.485672       0.322955
        3.959731       0.207006       0.631799       0.485672       0.322955
        4.026845       0.202890       0.631799       0.485672       0.322955
        4.093960       0.198857       0.631799       0.485672       0.322955
        4.161074       0.194927       0.631799       0.485672       0.322955
        4.228188       0.191053       0.631799       0.485672       0.322955
        4.295302       0.187242       0.631799       0.485672       0.322955
        4.362416       0.183519       0.631799       0.485672       0.322955
        4.429530       0.179861       0.631799       0.485672       0.322955
        4.496644       0.176279       0.631799       0.485672       0.322955
        4.563758       0.172783       0.631799       0.485672       0.322955
        4.630872       0.169333       0.631799       0.485672       0.322955
        4.697986       0.165947       0.631799       0.485672       0.322955
        4.765100       0.162619       0.631799       0.485672       0.322955
        4.832214       0.159389       0.631799       0.485672       0.322955
        4.899328       0.156178       0.631799       0.485672       0.322955
        4.966443       0.153055       0.631799       0.485672       0.322955
        5.033557       0.149956       0.631799       0.485672       0.322955
        5.100671       0.146935       0.631799       0.485672       0.322955
        5.167785       0.143946       0.631799       0.485672       0.322955
        5.234899       0.141051       0.631799       0.485672       0.322955
        5.302013       0.138173       0.631799       0.485672       0.322955
        5.369127       0.135342       0.631799       0.485672       0.322955
        5.436241       0.132576       0.631799       0.485672       0.322955
        5.503356       0.129844       0.631799       0.485672       0.322955
        5.570470       0.127157       0.631799       0.485672       0.322955
        5.637584       0.124520       0.631799       0.485672       0.322955
        5.704698       0.121888       0.631799       0.485672       0.322955
        5.771812       0.119360       0.631799       0.485672       0.322955
        5.838926       0.116835       0.631799       0.485672       0.322955
        5.906040       0.114338       0.631799       0.485672       0.322955
        5.973154       0.111930       0.631799       0.485672       0.322955
        6.040268       0.109521       0.631799       0.485672       0.322955
        6.107382       0.107155       0.631799       0.485672       0.322955
        6.174496       0.104795       0.631799       0.485672       0.322955
        6.241611       0.102524       0.631799       0.485672       0.322955
        6.308725       0.100249       0.631799       0.485672       0.322955
        6.375839       0.098040       0.631799       0.485672       0.322955
        6.442953       0.095840       0.631799       0.485672       0.322955
        6.510067       0.093660       0.631799       0.485672       0.322955
        6.577181       0.091530       0.631799       0.485672       0.322955
        6.644295       0.089412       0.631799       0.485672       0.322955
        6.711409       0.087328       0.631799       0.485672       0.322955
        6.778523       0.085266       0.631799       0.485672       0.322955
        6.845637       0.083234       0.631799       0.485672       0.322955
        6.912751       0.081229       0.631799       0.485672       0.322955
        6.979865       0.079253       0.631799       0.485672       0.322955
        7.046979       0.077306       0.631799       0.485672       0.322955
        7.114093       0.075417       0.631799       0.485672       0.322955
        7.181207       0.073489       0.631799       0.485672       0.322955
        7.248321       0.071629       0.631799       0.485672       0.322955
        7.315436       0.069769       0.631799       0.485672       0.322955
        7.382550       0.067931       0.631799       0.485672       0.322955
        7.449664       0.066091       0.631799       0.485672       0.322955
        7.516778       0.064296       0.631799       0.485672       0.322955
        7.583892       0.062557       0.631799       0.485672       0.322955
        7.651006       0.060801       0.631799       0.485672       0.322955
        7.718120       0.059064       0.631799       0.485672       0.322955
        7.785234       0.057349       0.631799       0.485672       0.322955
        7.852348       0.055658       0.631799       0.485672       0.322955
        7.919463       0.053999       0.631799       0.485672       0.322955
        7.986577       0.052311       0.631799       0.485672       0.322955
        8.053691       0.050692       0.631799       0.485672       0.322955
        8.120805       0.049087       0.631799       0.485672       0.322955
        8.187919       0.047510       0.631799       0.485672       0.322955
        8.255033       0.045987       0.631799       0.485672       0.322955
        8.322147       0.044405       0.631799       0.485672       0.322955
        8.389262       0.042867       0.631799       0.485672       0.322955
        8.456376       0.041397       0.631799       0.485672       0.322955
        8.523490       0.039880       0.631799       0.485672       0.322955
        8.590604       0.038365       0.631799       0.485672       0.322955
        8.657718       0.036902       0.631799       0.485672       0.322955
        8.724832       0.035440       0.631799       0.485672       0.322955
        8.791946       0.033982       0.631799       0.485672       0.322955
        8.859060       0.032599       0.631799       0.485672       0.322955
        8.926174       0.031140       0.631799       0.485672       0.322955
        8.993288       0.029756       0.631799       0.485672       0.322955
        9.060403       0.028288       0.631799       0.485672       0.322955
        9.127517       0.026913       0.631799       0.485672       0.322955
        9.194631       0.025501       0.631799       0.485672       0.322955
        9.261745       0.024182       0.631799       0.485672       0.322955
        9.328859       0.022778       0.631799       0.485672       0.322955
        9.395973       0.021460       0.631799       0.485672       0.322955
