        0.065789       0.996956       0.003037       0.003037       0.000000       0.000000       0.000000       0.000000       0.000000       0.000000       0.000000       0.000000       0.000000       0.000000       0.000000       0.000000
        0.131579       0.992058       0.007948       0.007948       0.000000       0.000000       0.000000       0.000000       0.000000       0.000000       0.000000       0.000000       0.000000       0.000000       0.000000       0.000000
        0.197368       0.986595       0.013401       0.013401       0.000000       0.000000       0.000000       0.000000       0.000000       0.000000       0.000000       0.000000       0.000000       0.000000       0.000000       0.000000
        0.263158       0.981178       0.018821       0.018821       0.000000       0.000000       0.000000       0.000000       0.000000       0.000000       0.000000       0.000000       0.000000       0.000000       0.000000       0.000000
        0.328947       0.976067       0.023935       0.023935       0.000000       0.000000       0.000000       0.000000       0.000000       0.000000       0.000000       0.000000       0.000000       0.000000       0.000000       0.000000
        0.394737       0.971367       0.028627       0.028627       0.000000       0.000000       0.000000       0.000000       0.000000       0.000000       0.000000       0.000000       0.000000       0.000000       0.000000       0.000000
        0.460526       0.967125       0.032869       0.032869       0.000000       0.000000       0.000000       0.000000       0.000000       0.000000       0.000000       0.000000       0.000000       0.000000       0.000000       0.000000
        0.526316       0.963326       0.036677       0.036677       0.000000       0.000000       0.000000       0.000000       0.000000       0.000000       0.000000       0.000000       0.000000       0.000000       0.000000       0.000000
        0.592105       0.959923       0.040085       0.040085       0.000000       0.000000       0.000000       0.000000       0.000000       0.000000       0.000000       0.000000       0.000000       0.000000       0.000000       0.000000
        0.657895       0.956856       0.043139       0.043139       0.000000       0.000000       0.000000       0.000000       0.000000       0.000000       0.000000       0.000000       0.000000       0.000000       0.000000       0.000000
        0.723684       0.954109       0.045887       0.045887       0.000000       0.000000       0.000000       0.000000       0.000000       0.000000       0.000000       0.000000       0.000000       0.000000       0.000000       0.000000
        0.789474       0.950996       0.049001       0.048133       0.000868       0.000000       0.000000       0.000000       0.000000       0.000000       0.000000       0.000000       0.000000       0.000000       0.000000       0.000000
        0.855263       0.947533       0.052469       0.049905       0.002564       0.000000       0.000000       0.000000       0.000000       0.000000       0.000000       0.000000       0.000000       0.000000       0.000000       0.000000
        0.921053       0.944130       0.055862       0.051409       0.004454       0.000000       0.000000       0.000000       0.000000       0.000000       0.000000       0.000000       0.000000       0.000000       0.000000       0.000000
        0.986842       0.940895       0.059107       0.052722       0.006384       0.000000       0.000000       0.000000       0.000000       0.000000       0.000000       0.000000       0.000000       0.000000       0.000000       0.000000
        1.052632       0.937813       0.062182       0.053893       0.008290       0.000000       0.000000       0.000000       0.000000       0.000000       0.000000       0.000000       0.000000       0.000000       0.000000       0.000000
        1.118421       0.934898       0.065099       0.054955       0.010143       0.000000       0.000000       0.000000       0.000000       0.000000       0.000000       0.000000       0.000000       0.000000       0.000000       0.000000
        1.184211       0.932137       0.067869       0.055934       0.011934       0.000000       0.000000       0.000000       0.000000       0.000000       0.000000       0.000000       0.000000       0.000000       0.000000       0.000000
        1.250000       0.929497       0.070503       0.056845       0.013657       0.000000       0.000000       0.000000       0.000000       0.000000       0.000000       0.000000       0.000000       0.000000       0.000000       0.000000
        1.315789       0.926979       0.073017       0.057703       0.015314       0.000000       0.000000       0.000000       0.000000       0.000000       0.000000       0.000000       0.000000       0.000000       0.000000       0.000000
        1.381579       0.924568       0.075424       0.058517       0.016907       0.000000       0.000000       0.000000       0.000000       0.000000       0.000000       0.000000       0.000000       0.000000       0.000000       0.000000
        1.447368       0.922264       0.077734       0.059294       0.018440       0.000000       0.000000       0.000000       0.000000       0.000000       0.000000       0.000000       0.000000       0.000000       0.000000       0.000000
        1.513158       0.920052       0.079954       0.060039       0.019915       0.000000       0.000000       0.000000       0.000000       0.000000       0.000000       0.000000       0.000000       0.000000       0.000000       0.000000
        1.578947       0.917915       0.082086       0.060754       0.021333       0.000000       0.000000       0.000000       0.000000       0.000000       0.000000       0.000000       0.000000       0.000000       0.000000       0.000000
        1.644737       0.915855       0.084136       0.061440       0.022697       0.000000       0.000000       0.000000       0.000000       0.000000       0.000000       0.000000       0.000000       0.000000       0.000000       0.000000
        1.710526       0.913887       0.086113       0.062102       0.024012       0.000000       0.000000       0.000000       0.000000       0.000000       0.000000       0.000000       0.000000       0.000000       0.000000       0.000000
        1.776316       0.911980       0.088013       0.062737       0.025276       0.000000       0.000000       0.000000       0.000000       0.000000       0.000000       0.000000       0.000000       0.000000       0.000000       0.000000
        1.842105       0.910164       0.089841       0.063349       0.026493       0.000000       0.000000       0.000000       0.000000       0.000000       0.000000       0.000000       0.000000       0.000000       0.000000       0.000000
        1.907895       0.908409       0.091597       0.063934       0.027662       0.000000       0.000000       0.000000       0.000000       0.000000       0.000000       0.000000       0.000000       0.000000       0.000000       0.000000
        1.973684       0.906715       0.093279       0.064493       0.028786       0.000000       0.000000       0.000000       0.000000       0.000000       0.000000       0.000000       0.000000       0.000000       0.000000       0.000000
        2.039474       0.905098       0.094895       0.065029       0.029866       0.000000       0.000000       0.000000       0.000000       0.000000       0.000000       0.000000       0.000000       0.000000       0.000000       0.000000
        2.105263       0.903557       0.096446       0.065541       0.030905       0.000000       0.000000       0.000000       0.000000       0.000000       0.000000       0.000000       0.000000       0.000000       0.000000       0.000000
        2.171053       0.899208       0.097387       0.065724       0.031663       0.003412       0.000000       0.000000       0.000000       0.000000       0.000000       0.000000       0.000000       0.000000       0.000000       0.000000
        2.236842       0.888649       0.097106       0.065237       0.031868       0.014253       0.000000       0.000000       0.000000       0.000000       0.000000       0.000000       0.000000       0.000000       0.000000       0.000000
        2.302632       0.876701       0.096535       0.064605       0.031929       0.026755       0.000000       0.000000       0.000000       0.000000       0.000000       0.000000       0.000000       0.000000       0.000000       0.000000
        2.368421       0.864220       0.095838       0.063918       0.031920       0.039933       0.000000       0.000000       0.000000       0.000000       0.000000       0.000000       0.000000       0.000000       0.000000       0.000000
        2.434211       0.851524       0.095080       0.063211       0.031868       0.053402       0.000000       0.000000       0.000000       0.000000       0.000000       0.000000       0.000000       0.000000       0.000000       0.000000
        2.500000       0.838737       0.094289       0.062500       0.031788       0.066963       0.000000       0.000000       0.000000       0.000000       0.000000       0.000000       0.000000       0.000000       0.000000       0.000000
        2.565789       0.825035       0.094562       0.061158       0.031181       0.078184       0.000000       0.000000       0.000000       0.000000       0.002221       0.000000       0.000000       0.000000       0.000000       0.000000
        2.631579       0.810204       0.096341       0.058958       0.029866       0.085941       0.000000       0.000000       0.000000       0.000000       0.007515       0.000000       0.000000       0.000000       0.000000       0.000000
        2.697368       0.795570       0.098269       0.056726       0.028506       0.093131       0.000000       0.000000       0.000000       0.000000       0.013033       0.000000       0.000000       0.000000       0.000000       0.000000
        2.763158       0.781273       0.100217       0.054537       0.027161       0.099995       0.000000       0.000000       0.000000       0.000000       0.018524       0.000000       0.000000       0.000000       0.000000       0.000000
        2.828947       0.767326       0.102153       0.052408       0.025849       0.106631       0.000000       0.000000       0.000000       0.000000       0.023899       0.000000       0.000000       0.000000       0.000000       0.000000
        2.894737       0.753731       0.104053       0.050350       0.024578       0.113081       0.000000       0.000000       0.000000       0.000000       0.029127       0.000000       0.000000       0.000000       0.000000       0.000000
        2.960526       0.740501       0.105910       0.048366       0.023351       0.119376       0.000000       0.000000       0.000000       0.000000       0.034198       0.000000       0.000000       0.000000       0.000000       0.000000
        3.026316       0.727623       0.107725       0.046453       0.022169       0.125537       0.000000       0.000000       0.000000       0.000000       0.039098       0.000000       0.000000       0.000000       0.000000       0.000000
        3.092105       0.714973       0.109523       0.044598       0.021022       0.131578       0.000000       0.000000       0.000159       0.000000       0.043747       0.000000       0.000000       0.000000       0.000000       0.000000
        3.157895       0.701988       0.111536       0.042694       0.019827       0.137458       0.000000       0.000000       0.001602       0.000000       0.047422       0.000000       0.000000       0.000000       0.000000       0.000000
        3.223684       0.689110       0.113570       0.040821       0.018649       0.143231       0.000000       0.000000       0.003428       0.000000       0.050682       0.000000       0.000000       0.000000       0.000000       0.000000
        3.289474       0.676506       0.115560       0.039007       0.017510       0.148879       0.000000       0.000000       0.005367       0.000000       0.053674       0.000000       0.000000       0.000000       0.000000       0.000000
        3.355263       0.664207       0.117506       0.037255       0.016413       0.154460       0.000000       0.000000       0.007330       0.000000       0.056510       0.000000       0.000000       0.000000       0.000000       0.000000
        3.421053       0.652245       0.119383       0.035569       0.015362       0.159923       0.000000       0.000000       0.009257       0.000000       0.059185       0.000000       0.000000       0.000000       0.000000       0.000000
        3.486842       0.640602       0.121198       0.033950       0.014358       0.165317       0.000000       0.000000       0.011130       0.000000       0.061765       0.000000       0.000000       0.000000       0.000000       0.000000
        3.552631       0.629265       0.122949       0.032395       0.013399       0.170630       0.000000       0.000000       0.012920       0.000000       0.064243       0.000000       0.000000       0.000000       0.000000       0.000000
        3.618421       0.618279       0.124637       0.030903       0.012486       0.175846       0.000000       0.000000       0.014622       0.000000       0.066629       0.000000       0.000000       0.000000       0.000000       0.000000
        3.684211       0.607582       0.126256       0.029475       0.011617       0.180978       0.000000       0.000000       0.016226       0.000000       0.068943       0.000000       0.000000       0.000000       0.000000       0.000000
        3.750000       0.597191       0.127829       0.028104       0.010790       0.186057       0.000000       0.000000       0.017732       0.000000       0.071204       0.000000       0.000000       0.000000       0.000000       0.000000
        3.815789       0.587090       0.129336       0.026793       0.010006       0.191046       0.000000       0.000000       0.019135       0.000000       0.073399       0.000000       0.000000       0.000000       0.000000       0.000000
        3.881579       0.577293       0.130782       0.025539       0.009263       0.195932       0.000000       0.000000       0.020439       0.000000       0.075539       0.000000       0.000000       0.000000       0.000000       0.000000
        3.947368       0.567741       0.132184       0.024337       0.008558       0.200776       0.000000       0.000000       0.021638       0.000000       0.077639       0.000000       0.000000       0.000000       0.000000       0.000000
        4.013158       0.558479       0.133534       0.023189       0.007892       0.205536       0.000000       0.000000       0.022748       0.000000       0.079699       0.000000       0.000000       0.000000       0.000000       0.000000
        4.078948       0.549477       0.134831       0.022091       0.007262       0.210210       0.000000       0.000000       0.023763       0.000000       0.081722       0.000000       0.000000       0.000000       0.000000       0.000000
        4.144737       0.540718       0.136082       0.021041       0.006667       0.214803       0.000000       0.000000       0.024680       0.000000       0.083696       0.000000       0.000000       0.000000       0.000000       0.000000
        4.210526       0.532173       0.137297       0.020035       0.006104       0.219355       0.000000       0.000000       0.025504       0.000000       0.085648       0.000000       0.000000       0.000000       0.000000       0.000000
        4.276316       0.523888       0.138475       0.019075       0.005574       0.223835       0.000000       0.000000       0.026252       0.000000       0.087570       0.000000       0.000000       0.000000       0.000000       0.000000
        4.342105       0.515800       0.139596       0.018158       0.005076       0.228212       0.000000       0.000000       0.026911       0.000000       0.089449       0.000000       0.000000       0.000000       0.000000       0.000000
        4.407895       0.507957       0.140696       0.017280       0.004607       0.232527       0.000000       0.000000       0.027493       0.000000       0.091302       0.000000       0.000000       0.000000       0.000000       0.000000
        4.473684       0.500282       0.141756       0.016440       0.004165       0.236796       0.000000       0.000000       0.028000       0.000000       0.093140       0.000000       0.000000       0.000000       0.000000       0.000000
        4.539474       0.492836       0.142790       0.015639       0.003752       0.240999       0.000000       0.000000       0.028446       0.000000       0.094952       0.000000       0.000000       0.000000       0.000000       0.000000
        4.605263       0.485573       0.143781       0.014874       0.003365       0.245092       0.000000       0.000000       0.028812       0.000000       0.096713       0.000000       0.000000       0.000000       0.000000       0.000000
        4.671053       0.478477       0.144749       0.014142       0.003003       0.249168       0.000000       0.000000       0.029125       0.000000       0.098488       0.000000       0.000000       0.000000       0.000000       0.000000
        4.736842       0.471581       0.145697       0.013442       0.002664       0.253160       0.000000       0.000000       0.029369       0.000000       0.100212       0.000000       0.000000       0.000000       0.000000       0.000000
        4.802631       0.464836       0.146606       0.012774       0.002349       0.257073       0.000000       0.000000       0.029556       0.000000       0.101912       0.000000       0.000000       0.000000       0.000000       0.000000
        4.868421       0.458260       0.147494       0.012136       0.002056       0.260949       0.000000       0.000000       0.029704       0.000000       0.103614       0.000000       0.000000       0.000000       0.000000       0.000000
        4.934211       0.451866       0.148360       0.011527       0.001784       0.264723       0.000000       0.000000       0.029791       0.000000       0.105267       0.000000       0.000000       0.000000       0.000000       0.000000
        5.000000       0.445610       0.149212       0.010943       0.001533       0.268470       0.000000       0.000000       0.029831       0.000000       0.106908       0.000000       0.000000       0.000000       0.000000       0.000000
        5.065790       0.439476       0.150034       0.010386       0.001301       0.272152       0.000000       0.000000       0.029820       0.000000       0.108532       0.000000       0.000000       0.000000       0.000000       0.000000
        5.131579       0.433510       0.150838       0.009854       0.001089       0.275762       0.000000       0.000000       0.029779       0.000000       0.110125       0.000000       0.000000       0.000000       0.000000       0.000000
        5.197368       0.427650       0.151618       0.009346       0.000895       0.279322       0.000000       0.000000       0.029690       0.000000       0.111692       0.000000       0.000000       0.000000       0.000000       0.000000
        5.263158       0.421974       0.152402       0.008861       0.000720       0.282832       0.000000       0.000000       0.029576       0.000000       0.113245       0.000000       0.000000       0.000000       0.000000       0.000000
        5.328948       0.416374       0.153152       0.008396       0.000562       0.286269       0.000000       0.000000       0.029408       0.000000       0.114767       0.000000       0.000000       0.000000       0.000000       0.000000
        5.394737       0.410942       0.153890       0.007955       0.000423       0.289642       0.000000       0.000000       0.029233       0.000000       0.116286       0.000000       0.000000       0.000000       0.000000       0.000000
        5.460526       0.405602       0.154615       0.007532       0.000300       0.292984       0.000000       0.000000       0.029021       0.000000       0.117783       0.000000       0.000000       0.000000       0.000000       0.000000
        5.526316       0.400368       0.155338       0.007126       0.000195       0.296279       0.000000       0.000000       0.028762       0.000000       0.119240       0.000000       0.000000       0.000000       0.000000       0.000000
        5.592105       0.395271       0.156039       0.006742       0.000109       0.299508       0.000000       0.000000       0.028505       0.000000       0.120701       0.000000       0.000000       0.000000       0.000000       0.000000
        5.657895       0.390251       0.156733       0.006372       0.000043       0.302691       0.000000       0.000000       0.028198       0.000000       0.122117       0.000000       0.000000       0.000000       0.000000       0.000000
        5.723684       0.385368       0.157422       0.006021       0.000003       0.305822       0.000000       0.000000       0.027885       0.000000       0.123530       0.000000       0.000000       0.000000       0.000000       0.000000
        5.789474       0.380547       0.158111       0.005683       0.000000       0.308924       0.000000       0.000000       0.027523       0.000000       0.124899       0.000000       0.000000       0.000000       0.000000       0.000000
        5.855263       0.375847       0.158784       0.005362       0.000000       0.311951       0.000000       0.000000       0.027154       0.000000       0.126249       0.000000       0.000000       0.000000       0.000000       0.000000
        5.921053       0.371239       0.159451       0.005056       0.000000       0.314958       0.000000       0.000000       0.026779       0.000000       0.127606       0.000000       0.000000       0.000000       0.000000       0.000000
        5.986842       0.366722       0.160095       0.004765       0.000000       0.317880       0.000000       0.000000       0.026388       0.000000       0.128927       0.000000       0.000000       0.000000       0.000000       0.000000
        6.052631       0.362328       0.160735       0.004490       0.000000       0.320743       0.000000       0.000000       0.025998       0.000000       0.130234       0.000000       0.000000       0.000000       0.000000       0.000000
        6.118421       0.357964       0.161352       0.004226       0.000000       0.323590       0.000000       0.000000       0.025589       0.000000       0.131527       0.000000       0.000000       0.000000       0.000000       0.000000
        6.184211       0.353722       0.161957       0.003977       0.000000       0.326348       0.000000       0.000000       0.025182       0.000000       0.132807       0.000000       0.000000       0.000000       0.000000       0.000000
        6.250000       0.349525       0.162553       0.003739       0.000000       0.329083       0.000000       0.000000       0.024752       0.000000       0.134068       0.000000       0.000000       0.000000       0.000000       0.000000
        6.315790       0.345436       0.163150       0.003513       0.000000       0.331790       0.000000       0.000000       0.024333       0.000000       0.135311       0.000000       0.000000       0.000000       0.000000       0.000000
        6.381579       0.341423       0.163724       0.003299       0.000000       0.334401       0.000000       0.000000       0.023902       0.000000       0.136538       0.000000       0.000000       0.000000       0.000000       0.000000
        6.447368       0.337486       0.164298       0.003095       0.000000       0.336993       0.000000       0.000000       0.023468       0.000000       0.137741       0.000000       0.000000       0.000000       0.000000       0.000000
        6.513158       0.333626       0.164867       0.002901       0.000000       0.339533       0.000000       0.000000       0.023028       0.000000       0.138942       0.000000       0.000000       0.000000       0.000000       0.000000
        6.578948       0.329826       0.165416       0.002718       0.000000       0.342032       0.000000       0.000000       0.022593       0.000000       0.140113       0.000000       0.000000       0.000000       0.000000       0.000000
        6.644737       0.326073       0.165975       0.002542       0.000000       0.344534       0.000000       0.000000       0.022138       0.000000       0.141283       0.000000       0.000000       0.000000       0.000000       0.000000
        6.710526       0.322441       0.166518       0.002378       0.000000       0.346933       0.000000       0.000000       0.021705       0.000000       0.142426       0.000000       0.000000       0.000000       0.000000       0.000000
        6.776316       0.318840       0.167050       0.002221       0.000000       0.349312       0.000000       0.000000       0.021261       0.000000       0.143556       0.000000       0.000000       0.000000       0.000000       0.000000
        6.842105       0.315300       0.167580       0.002073       0.000000       0.351664       0.000000       0.000000       0.020814       0.000000       0.144676       0.000000       0.000000       0.000000       0.000000       0.000000
        6.907895       0.311821       0.168093       0.001933       0.000000       0.353949       0.000000       0.000000       0.020369       0.000000       0.145797       0.000000       0.000000       0.000000       0.000000       0.000000
        6.973684       0.308372       0.168603       0.001799       0.000000       0.356234       0.000000       0.000000       0.019915       0.000000       0.146872       0.000000       0.000000       0.000000       0.000000       0.000000
        7.039473       0.305031       0.169102       0.001675       0.000000       0.358429       0.000000       0.000000       0.019480       0.000000       0.147936       0.000000       0.000000       0.000000       0.000000       0.000000
        7.105263       0.301704       0.169594       0.001556       0.000000       0.360623       0.000000       0.000000       0.019033       0.000000       0.149007       0.000000       0.000000       0.000000       0.000000       0.000000
        7.171053       0.298470       0.170098       0.001444       0.000000       0.362765       0.000000       0.000000       0.018590       0.000000       0.150049       0.000000       0.000000       0.000000       0.000000       0.000000
        7.236842       0.295280       0.170588       0.001338       0.000000       0.364867       0.000000       0.000000       0.018150       0.000000       0.151078       0.000000       0.000000       0.000000       0.000000       0.000000
        7.302632       0.292122       0.171077       0.001238       0.000000       0.366993       0.000000       0.000000       0.017717       0.000000       0.152101       0.000000       0.000000       0.000000       0.000000       0.000000
        7.368421       0.289024       0.171549       0.001145       0.000000       0.369042       0.000000       0.000000       0.017289       0.000000       0.153126       0.000000       0.000000       0.000000       0.000000       0.000000
        7.434211       0.285988       0.172022       0.001056       0.000000       0.371038       0.000000       0.000000       0.016858       0.000000       0.154119       0.000000       0.000000       0.000000       0.000000       0.000000
        7.500000       0.282967       0.172481       0.000973       0.000000       0.373006       0.000000       0.000000       0.016418       0.000000       0.155093       0.000000       0.000000       0.000000       0.000000       0.000000
