   9.9999997764825821E-003   16790984624809.703        8.0398398146558248E-002   41.526769999999999     
   1.9999999552965164E-002   33619981086403.883        6.6745828553885930E-002   37.220320000000001     
   2.9999999329447746E-002   50474466637576.258        5.3946285301956526E-002   29.705950000000001     
   3.9999999105930328E-002   67356269484344.031        5.6195270243406516E-002   20.459800000000001     
   4.9999997019767761E-002   84266458709616.781        7.7292468114841487E-002   16.003240000000002     
   5.9999998658895493E-002   101205349841336.56       0.10785344074990587        14.379690000000000     
   7.0000000298023224E-002   118175407709544.88       0.14172442482313613        13.762330000000000     
   7.9999998211860657E-002   135177634579469.41       0.17479624644344330        13.507700000000000     
   8.9999996125698090E-002   152211065306816.81       0.20467734579014760        13.388120000000001     
   9.9999994039535522E-002   169275707315774.03       0.23048542659029070        13.318370000000000     
  0.10999999940395355        186377202988363.66       0.25243824762796280        13.265790000000001     
  0.11999999731779099        203516250198151.69       0.27090816085526670        13.218540000000001     
  0.12999999523162842        220696085890614.34       0.28692957679607423        13.170970000000001     
  0.14000000059604645        237917259455580.12       0.30176322021998869        13.119270000000000     
  0.14999999105930328        255190565660760.88       0.31641876871373570        13.060990000000000     
  0.15999999642372131        272515291784216.81       0.33175748232624697        12.994640000000000     
  0.17000000178813934        289904222275741.62       0.34861051745681892        12.919820000000000     
  0.17999999225139618        307364187387257.38       0.36778207880604280        12.837850000000000     
  0.18999999761581421        324896493775653.62       0.39004461068869228        12.752030000000000     
  0.19999998807907104        342515128608997.06       0.41613828716023871        12.667090000000000     
  0.20999999344348907        360227219106684.88       0.44667756001708941        12.588520000000001     
  0.21999999880790710        378046306985571.50       0.48211881497558617        12.521400000000000     
  0.22999998927116394        395978539472386.94       0.52268815088395415        12.469530000000001     
  0.23999999463558197        414027747447557.12       0.56837488118670054        12.434860000000000     
  0.25000000000000000        432205067191389.94       0.61897052342081749        12.417510000000000     
  0.25999999046325684        450531227033632.06       0.67411904086657259        12.416110000000000     
  0.26999998092651367        469000792469493.06       0.73323724165129855        12.428369999999999     
  0.28000000119209290        487635204550659.25       0.79573422192585452        12.451499999999999     
  0.28999999165534973        506432948743008.88       0.86088355110385872        12.482600000000000     
  0.29999998211860657        525398895313129.62       0.92796308663806681        12.518950000000000     
  0.31000000238418579        544554366525718.12       0.99632144147535229        12.558180000000000     
  0.31999999284744263        563908568372495.38        1.0653001502792303        12.598280000000001     
  0.32999998331069946        583451641533295.62        1.1292940164779712        12.634639999999999     
  0.34000000357627869        603167906125445.00        1.1818998035005692        12.662739999999999     
  0.34999999403953552        623039306526471.25        1.2304150591475234        12.686030000000001     
  0.35999998450279236        643067565147728.38        1.2760231974642005        12.704920000000000     
  0.37000000476837158        663251018971357.00        1.3191844540488924        12.719609999999999     
  0.37999999523162842        683587114077073.38        1.3601627568554640        12.730320000000001     
  0.38999998569488525        704073890479543.25        1.3970411101223539        12.736910000000000     
  0.39999997615814209        724696677985507.62        1.4294268687201728        12.739920000000000     
  0.40999999642372131        745470324968710.25        1.4599557450526000        12.739940000000001     
  0.41999998688697815        766370658276696.38        1.4888905050245169        12.737140000000000     
  0.42999997735023499        787401657273628.88        1.5163965649869195        12.731680000000001     
  0.43999999761581421        808561777728638.88        1.5425800875563371        12.723720000000000     
  0.44999998807907104        829860166239952.38        1.5675110703665858        12.713450000000000     
  0.45999997854232788        851297773103489.00        1.5912708309971813        12.701029999999999     
  0.46999999880790710        872896158157924.88        1.6138755633460404        12.686650000000000     
  0.47999998927116394        894627703428096.62        1.6351147568086741        12.670690000000000     
  0.48999997973442078        916503574891059.25        1.6552976288233823        12.653140000000000     
  0.50000000000000000        938477029866267.12        1.6745341976315860        12.634069999999999     
  0.50999999046325684        960644939144025.50        1.6928867542120924        12.613590000000000     
  0.51999998092651367        982895583560285.00        1.7103895454151821        12.591810000000001     
  0.52999997138977051        1005338247145801.2        1.7271015051676339        12.568830000000000     
  0.53999996185302734        1027932007782535.8        1.7430829608471881        12.544700000000001     
  0.55000001192092896        1050626499786749.2        1.7582907904844758        12.519629999999999     
  0.56000000238418579        1073475414877899.6        1.7728254704049862        12.493600000000001     
  0.56999999284744263        1096514032792002.5        1.7866935201501342        12.466749999999999     
  0.57999998331069946        1119686998791740.5        1.7999305653636186        12.439120000000001     
  0.58999997377395630        1142958439206148.5        1.8125247622178500        12.410880000000001     
  0.59999996423721313        1166433005373373.2        1.8245459103753323        12.382000000000000     
  0.61000001430511475        1190057718295896.8        1.8359866685435782        12.352620000000000     
  0.62000000476837158        1213822718653553.2        1.8468810941088953        12.322770000000000     
  0.62999999523162842        1237700566651663.5        1.8572408162989427        12.292550000000000     
  0.63999998569488525        1261791756083726.5        1.8671121083265867        12.261920000000000     
  0.64999997615814209        1286053879994329.8        1.8764955035058699        12.230990000000000     
  0.65999996662139893        1310402718407597.8        1.8854075192522508        12.199820000000001     
  0.66999995708465576        1334905148398873.0        1.8938567828908892        12.168490000000000     
  0.68000000715255737        1359618900445271.8        1.9018872689288249        12.136950000000001     
  0.68999999761581421        1384507982088839.0        1.9094994696795191        12.105290000000000     
  0.69999998807907104        1409438282817919.5        1.9167051435826155        12.073560000000001     
  0.70999997854232788        1434681587265522.2        1.9235484541591426        12.041660000000000     
  0.71999996900558472        1459990462131578.0        1.9300060196637574        12.009810000000000     
  0.72999995946884155        1485441406237616.0        1.9361117122041684        11.977940000000000     
  0.74000000953674316        1511152375064657.8        1.9418850008531807        11.946030000000000     
  0.75000000000000000        1536894703657046.8        1.9473157209527814        11.914249999999999     
  0.75999999046325684        1562876981969137.8        1.9524434002498026        11.882460000000000     
  0.76999998092651367        1589007625231678.0        1.9572695091662242        11.850740000000000     
  0.77999997138977051        1615302075753361.5        1.9618076581492805        11.819089999999999     
  0.78999996185302734        1641743346994625.0        1.9660670073258577        11.787550000000000     
  0.79999995231628418        1668375033780780.8        1.9700532304014069        11.756180000000001     
  0.81000000238418579        1695116123384681.8        1.9737894585048532        11.724880000000001     
  0.81999999284744263        1722033017733711.2        1.9772678988151484        11.693820000000001     
  0.82999998331069946        1749166460765422.0        1.9805182812993740        11.662839999999999     
  0.83999997377395630        1776449575404472.0        1.9835480628036641        11.631950000000000     
  0.84999996423721313        1803913127481258.0        1.9863492253208777        11.601330000000001     
  0.85999995470046997        1831475391546693.8        1.9889423631564709        11.570869999999999     
  0.87000000476837158        1859285801634138.5        1.9913384513161168        11.540530000000000     
  0.87999999523162842        1887171403886222.0        1.9935350857275236        11.510470000000000     
  0.88999998569488525        1915242551416610.2        1.9955507090522517        11.480530000000000     
  0.89999997615814209        1943541294819745.2        1.9973841386459739        11.450860000000000     
  0.90999996662139893        1971962745183500.2        1.9990501202056956        11.421320000000000     
  0.91999995708465576        2000490272329281.8        2.0005437173086023        11.392139999999999     
  0.93000000715255737        2029295167096600.2        2.0018871848654634        11.363020000000001     
  0.93999999761581421        2058165394708392.0        2.0030732437042134        11.334239999999999     
  0.94999998807907104        2087259179435272.5        2.0041173473453000        11.305600000000000     
  0.95999997854232788        2116568918909884.5        2.0050206257884025        11.277189999999999     
  0.96999996900558472        2145934250695794.5        2.0057886504103082        11.249040000000001     
  0.97999995946884155        2175479901132450.2        2.0064270862862355        11.221159999999999     
  0.98999994993209839        2205239130577038.8        2.0069433538881896        11.193440000000001     
   1.0000000000000000        2235101229554925.5        2.0073395144133483        11.166029999999999     
   1.0099999904632568        2265326579148084.0        2.0076240048843323        11.138640000000001     
   1.0199999809265137        2295487308618709.0        2.0077966719448899        11.111750000000001     
   1.0299999713897705        2325907231301408.0        2.0078652588594594        11.084970000000000     
   1.0399999618530273        2356532180328763.0        2.0078329130170864        11.058400000000001     
   1.0499999523162842        2387302524631819.0        2.0077036642191404        11.032060000000000     
   1.0599999427795410        2418275281965752.5        2.0074807961341059        11.005879999999999     
   1.0699999332427979        2449296266817606.0        2.0071700912110186        10.980060000000000     
   1.0799999237060547        2480611130682599.5        2.0067726472872698        10.954359999999999     
   1.0900000333786011        2511940724134347.0        2.0062962207227768        10.929060000000000     
   1.1000000238418579        2543530936242048.0        2.0057385659868761        10.903840000000001     
   1.1100000143051147        2575447574998136.0        2.0051041149410205        10.878810000000000     
   1.1200000047683716        2607449502813009.0        2.0043985164181284        10.854050000000001     
   1.1299999952316284        2639531968207069.0        2.0036240237683485        10.829540000000000     
   1.1399999856948853        2671775983907463.0        2.0027815517126708        10.805199999999999     
