        0.010000       0.996712       0.003288       0.003288       0.000000       0.000000       0.000000       0.000000       0.000000       0.000000       0.000000
        0.020000       0.991478       0.008519       0.008519       0.000000       0.000000       0.000000       0.000000       0.000000       0.000000       0.000000
        0.030000       0.985832       0.014173       0.014173       0.000000       0.000000       0.000000       0.000000       0.000000       0.000000       0.000000
        0.040000       0.980370       0.019636       0.019636       0.000000       0.000000       0.000000       0.000000       0.000000       0.000000       0.000000
        0.050000       0.975349       0.024650       0.024650       0.000000       0.000000       0.000000       0.000000       0.000000       0.000000       0.000000
        0.060000       0.970863       0.029133       0.029133       0.000000       0.000000       0.000000       0.000000       0.000000       0.000000       0.000000
        0.070000       0.966911       0.033088       0.033088       0.000000       0.000000       0.000000       0.000000       0.000000       0.000000       0.000000
        0.080000       0.963448       0.036559       0.036559       0.000000       0.000000       0.000000       0.000000       0.000000       0.000000       0.000000
        0.090000       0.960396       0.039604       0.039604       0.000000       0.000000       0.000000       0.000000       0.000000       0.000000       0.000000
        0.100000       0.957710       0.042285       0.042286       0.000000       0.000000       0.000000       0.000000       0.000000       0.000000       0.000000
        0.110000       0.955330       0.044665       0.044665       0.000000       0.000000       0.000000       0.000000       0.000000       0.000000       0.000000
        0.120000       0.952827       0.047168       0.046658       0.000510       0.000000       0.000000       0.000000       0.000000       0.000000       0.000000
        0.130000       0.949867       0.050131       0.048183       0.001948       0.000000       0.000000       0.000000       0.000000       0.000000       0.000000
        0.140000       0.946922       0.053079       0.049463       0.003616       0.000000       0.000000       0.000000       0.000000       0.000000       0.000000
        0.150000       0.944069       0.055924       0.050578       0.005346       0.000000       0.000000       0.000000       0.000000       0.000000       0.000000
        0.160000       0.941353       0.058654       0.051580       0.007074       0.000000       0.000000       0.000000       0.000000       0.000000       0.000000
        0.170000       0.938728       0.061264       0.052498       0.008767       0.000000       0.000000       0.000000       0.000000       0.000000       0.000000
        0.180000       0.936226       0.063778       0.053360       0.010418       0.000000       0.000000       0.000000       0.000000       0.000000       0.000000
        0.190000       0.933800       0.066196       0.054177       0.012020       0.000000       0.000000       0.000000       0.000000       0.000000       0.000000
        0.200000       0.931465       0.068539       0.054964       0.013575       0.000000       0.000000       0.000000       0.000000       0.000000       0.000000
        0.210000       0.929192       0.070809       0.055727       0.015082       0.000000       0.000000       0.000000       0.000000       0.000000       0.000000
        0.220000       0.926979       0.073014       0.056469       0.016544       0.000000       0.000000       0.000000       0.000000       0.000000       0.000000
        0.230000       0.924843       0.075164       0.057199       0.017965       0.000000       0.000000       0.000000       0.000000       0.000000       0.000000
        0.240000       0.922752       0.077255       0.057911       0.019344       0.000000       0.000000       0.000000       0.000000       0.000000       0.000000
        0.250000       0.920708       0.079288       0.058608       0.020680       0.000000       0.000000       0.000000       0.000000       0.000000       0.000000
        0.260000       0.918724       0.081267       0.059291       0.021977       0.000000       0.000000       0.000000       0.000000       0.000000       0.000000
        0.270000       0.916801       0.083194       0.059958       0.023236       0.000000       0.000000       0.000000       0.000000       0.000000       0.000000
        0.280000       0.914940       0.085066       0.060609       0.024456       0.000000       0.000000       0.000000       0.000000       0.000000       0.000000
        0.290000       0.913124       0.086877       0.061241       0.025637       0.000000       0.000000       0.000000       0.000000       0.000000       0.000000
        0.300000       0.911369       0.088633       0.061854       0.026779       0.000000       0.000000       0.000000       0.000000       0.000000       0.000000
        0.310000       0.909676       0.090331       0.062448       0.027884       0.000000       0.000000       0.000000       0.000000       0.000000       0.000000
        0.320000       0.908028       0.091968       0.063018       0.028950       0.000000       0.000000       0.000000       0.000000       0.000000       0.000000
        0.330000       0.903099       0.092959       0.063237       0.029721       0.003953       0.000000       0.000000       0.000000       0.000000       0.000000
        0.340000       0.891899       0.092807       0.062828       0.029978       0.015289       0.000000       0.000000       0.000000       0.000000       0.000000
        0.350000       0.879356       0.092388       0.062286       0.030102       0.028250       0.000000       0.000000       0.000000       0.000000       0.000000
        0.360000       0.866280       0.091852       0.061692       0.030160       0.041873       0.000000       0.000000       0.000000       0.000000       0.000000
        0.370000       0.852974       0.091257       0.061080       0.030177       0.055776       0.000000       0.000000       0.000000       0.000000       0.000000
        0.380000       0.839333       0.090929       0.060284       0.030026       0.069118       0.000000       0.000000       0.000000       0.000000       0.000622
        0.390000       0.823784       0.092814       0.058187       0.028819       0.077574       0.000000       0.000000       0.000000       0.000000       0.005811
        0.400000       0.808357       0.094968       0.055983       0.027506       0.085213       0.000000       0.000000       0.000000       0.000000       0.011476
        0.410000       0.793251       0.097151       0.053808       0.026198       0.092472       0.000000       0.000000       0.000000       0.000000       0.017145
        0.420000       0.778526       0.099312       0.051692       0.024918       0.099478       0.000000       0.000000       0.000000       0.000000       0.022706
        0.430000       0.764153       0.101434       0.049645       0.023678       0.106293       0.000000       0.000000       0.000000       0.000000       0.028109
        0.440000       0.749992       0.103582       0.047635       0.022452       0.112927       0.000000       0.000000       0.000361       0.000000       0.033128
        0.450000       0.735435       0.105957       0.045560       0.021164       0.119361       0.000000       0.000000       0.002128       0.000000       0.037112
        0.460000       0.721092       0.108332       0.043525       0.019897       0.125653       0.000000       0.000000       0.004236       0.000000       0.040667
        0.470000       0.707085       0.110651       0.041557       0.018673       0.131842       0.000000       0.000000       0.006439       0.000000       0.043987
        0.480000       0.693459       0.112893       0.039662       0.017499       0.137905       0.000000       0.000000       0.008627       0.000000       0.047100
        0.490000       0.680199       0.115061       0.037841       0.016374       0.143892       0.000000       0.000000       0.010755       0.000000       0.050087
        0.500000       0.667336       0.117139       0.036096       0.015301       0.149767       0.000000       0.000000       0.012795       0.000000       0.052945
        0.510000       0.654884       0.119141       0.034424       0.014280       0.155549       0.000000       0.000000       0.014733       0.000000       0.055700
        0.520000       0.642784       0.121053       0.032825       0.013309       0.161231       0.000000       0.000000       0.016554       0.000000       0.058372
        0.530000       0.631035       0.122897       0.031294       0.012385       0.166844       0.000000       0.000000       0.018250       0.000000       0.060964
        0.540000       0.619667       0.124662       0.029831       0.011510       0.172355       0.000000       0.000000       0.019831       0.000000       0.063486
        0.550000       0.608650       0.126356       0.028432       0.010680       0.177775       0.000000       0.000000       0.021291       0.000000       0.065955
        0.560000       0.597923       0.127978       0.027095       0.009894       0.183121       0.000000       0.000000       0.022627       0.000000       0.068364
        0.570000       0.587532       0.129528       0.025819       0.009150       0.188364       0.000000       0.000000       0.023850       0.000000       0.070723
        0.580000       0.577461       0.131032       0.024597       0.008446       0.193541       0.000000       0.000000       0.024958       0.000000       0.073034
        0.590000       0.567680       0.132461       0.023431       0.007781       0.198594       0.000000       0.000000       0.025950       0.000000       0.075283
        0.600000       0.558189       0.133847       0.022317       0.007153       0.203611       0.000000       0.000000       0.026856       0.000000       0.077526
        0.610000       0.548958       0.135174       0.021253       0.006561       0.208526       0.000000       0.000000       0.027650       0.000000       0.079707
        0.620000       0.539970       0.136449       0.020236       0.006003       0.213367       0.000000       0.000000       0.028348       0.000000       0.081853
        0.630000       0.531273       0.137677       0.019266       0.005478       0.218116       0.000000       0.000000       0.028970       0.000000       0.083980
        0.640000       0.522789       0.138863       0.018337       0.004983       0.222787       0.000000       0.000000       0.029489       0.000000       0.086043
        0.650000       0.514549       0.140003       0.017452       0.004518       0.227386       0.000000       0.000000       0.029943       0.000000       0.088108
        0.660000       0.506538       0.141121       0.016603       0.004081       0.231928       0.000000       0.000000       0.030315       0.000000       0.090114
        0.670000       0.498741       0.142186       0.015794       0.003671       0.236358       0.000000       0.000000       0.030615       0.000000       0.092088
        0.680000       0.491142       0.143214       0.015022       0.003288       0.240719       0.000000       0.000000       0.030852       0.000000       0.094045
        0.690000       0.483742       0.144214       0.014283       0.002930       0.245030       0.000000       0.000000       0.031033       0.000000       0.095984
        0.700000       0.476555       0.145195       0.013576       0.002595       0.249255       0.000000       0.000000       0.031146       0.000000       0.097875
        0.710000       0.469521       0.146126       0.012902       0.002284       0.253397       0.000000       0.000000       0.031211       0.000000       0.099737
        0.720000       0.462654       0.147042       0.012256       0.001993       0.257490       0.000000       0.000000       0.031212       0.000000       0.101578
        0.730000       0.456001       0.147932       0.011641       0.001726       0.261501       0.000000       0.000000       0.031189       0.000000       0.103392
        0.740000       0.449471       0.148797       0.011050       0.001477       0.265458       0.000000       0.000000       0.031105       0.000000       0.105184
        0.750000       0.443123       0.149643       0.010488       0.001249       0.269339       0.000000       0.000000       0.030988       0.000000       0.106933
        0.760000       0.436928       0.150466       0.009950       0.001040       0.273138       0.000000       0.000000       0.030827       0.000000       0.108651
        0.770000       0.430885       0.151267       0.009437       0.000850       0.276861       0.000000       0.000000       0.030631       0.000000       0.110330
        0.780000       0.424980       0.152061       0.008945       0.000677       0.280559       0.000000       0.000000       0.030408       0.000000       0.112020
        0.790000       0.419182       0.152819       0.008476       0.000523       0.284182       0.000000       0.000000       0.030154       0.000000       0.113672
        0.800000       0.413521       0.153565       0.008028       0.000386       0.287740       0.000000       0.000000       0.029869       0.000000       0.115294
        0.810000       0.408012       0.154312       0.007599       0.000267       0.291237       0.000000       0.000000       0.029554       0.000000       0.116879
        0.820000       0.402626       0.155030       0.007191       0.000167       0.294666       0.000000       0.000000       0.029232       0.000000       0.118455
        0.830000       0.397331       0.155752       0.006798       0.000086       0.298071       0.000000       0.000000       0.028863       0.000000       0.119995
        0.840000       0.392159       0.156448       0.006425       0.000026       0.301404       0.000000       0.000000       0.028492       0.000000       0.121524
        0.850000       0.387093       0.157146       0.006067       0.000000       0.304679       0.000000       0.000000       0.028080       0.000000       0.122996
        0.860000       0.382133       0.157840       0.005725       0.000000       0.307918       0.000000       0.000000       0.027653       0.000000       0.124455
        0.870000       0.377281       0.158514       0.005400       0.000000       0.311080       0.000000       0.000000       0.027216       0.000000       0.125896
        0.880000       0.372536       0.159169       0.005091       0.000000       0.314170       0.000000       0.000000       0.026773       0.000000       0.127320
        0.890000       0.367897       0.159840       0.004795       0.000000       0.317251       0.000000       0.000000       0.026318       0.000000       0.128710
        0.900000       0.363335       0.160466       0.004516       0.000000       0.320243       0.000000       0.000000       0.025866       0.000000       0.130098
        0.910000       0.358864       0.161097       0.004248       0.000000       0.323203       0.000000       0.000000       0.025399       0.000000       0.131454
        0.920000       0.354485       0.161706       0.003995       0.000000       0.326076       0.000000       0.000000       0.024926       0.000000       0.132783
        0.930000       0.350166       0.162310       0.003752       0.000000       0.328967       0.000000       0.000000       0.024456       0.000000       0.134121
        0.940000       0.345970       0.162904       0.003523       0.000000       0.331727       0.000000       0.000000       0.023975       0.000000       0.135398
        0.950000       0.341850       0.163491       0.003306       0.000000       0.334481       0.000000       0.000000       0.023505       0.000000       0.136691
        0.960000       0.337791       0.164066       0.003098       0.000000       0.337177       0.000000       0.000000       0.023020       0.000000       0.137960
        0.970000       0.333824       0.164631       0.002902       0.000000       0.339825       0.000000       0.000000       0.022547       0.000000       0.139200
        0.980000       0.329903       0.165189       0.002715       0.000000       0.342445       0.000000       0.000000       0.022060       0.000000       0.140427
        0.990000       0.326088       0.165733       0.002540       0.000000       0.344961       0.000000       0.000000       0.021579       0.000000       0.141607
        1.000000       0.322334       0.166276       0.002372       0.000000       0.347467       0.000000       0.000000       0.021100       0.000000       0.142794
        1.010000       0.318642       0.166818       0.002213       0.000000       0.349958       0.000000       0.000000       0.020623       0.000000       0.143987
        1.020000       0.314980       0.167331       0.002063       0.000000       0.352384       0.000000       0.000000       0.020138       0.000000       0.145136
        1.030000       0.311424       0.167868       0.001920       0.000000       0.354801       0.000000       0.000000       0.019664       0.000000       0.146271
        1.040000       0.307945       0.168375       0.001787       0.000000       0.357094       0.000000       0.000000       0.019196       0.000000       0.147396
        1.050000       0.304482       0.168883       0.001659       0.000000       0.359420       0.000000       0.000000       0.018719       0.000000       0.148498
        1.060000       0.301109       0.169375       0.001540       0.000000       0.361654       0.000000       0.000000       0.018258       0.000000       0.149584
        1.070000       0.297783       0.169872       0.001427       0.000000       0.363886       0.000000       0.000000       0.017796       0.000000       0.150668
        1.080000       0.294502       0.170355       0.001321       0.000000       0.366065       0.000000       0.000000       0.017333       0.000000       0.151719
        1.090000       0.291298       0.170854       0.001220       0.000000       0.368219       0.000000       0.000000       0.016872       0.000000       0.152770
        1.100000       0.288109       0.171338       0.001125       0.000000       0.370369       0.000000       0.000000       0.016412       0.000000       0.153799
        1.110000       0.285011       0.171816       0.001036       0.000000       0.372434       0.000000       0.000000       0.015965       0.000000       0.154811
        1.120000       0.281914       0.172282       0.000952       0.000000       0.374506       0.000000       0.000000       0.015511       0.000000       0.155797
        1.130000       0.278908       0.172744       0.000875       0.000000       0.376506       0.000000       0.000000       0.015077       0.000000       0.156789
        1.140000       0.275932       0.173195       0.000802       0.000000       0.378480       0.000000       0.000000       0.014643       0.000000       0.157766
        1.150000       0.273018       0.173650       0.000733       0.000000       0.380404       0.000000       0.000000       0.014212       0.000000       0.158721
        1.160000       0.270195       0.174003       0.000672       0.000000       0.382116       0.000000       0.000000       0.013843       0.000332       0.159508
        1.170000       0.267632       0.174125       0.000625       0.000000       0.383272       0.000000       0.000000       0.013651       0.001464       0.159851
        1.180000       0.265114       0.174135       0.000582       0.000000       0.384242       0.000000       0.000000       0.013507       0.002902       0.160059
        1.190000       0.262733       0.174128       0.000544       0.000000       0.385078       0.000000       0.000000       0.013405       0.004503       0.160157
        1.200000       0.260399       0.174047       0.000509       0.000000       0.385786       0.000000       0.000000       0.013337       0.006199       0.160183
        1.210000       0.258156       0.173961       0.000477       0.000000       0.386393       0.000000       0.000000       0.013281       0.007984       0.160183
        1.220000       0.255928       0.173838       0.000447       0.000000       0.387021       0.000000       0.000000       0.013259       0.009849       0.160148
        1.230000       0.253761       0.173706       0.000419       0.000000       0.387540       0.000000       0.000000       0.013229       0.011754       0.160052
        1.240000       0.251640       0.173540       0.000393       0.000000       0.388009       0.000000       0.000000       0.013227       0.013678       0.159939
        1.250000       0.249596       0.173373       0.000370       0.000000       0.388373       0.000000       0.000000       0.013223       0.015606       0.159791
        1.260000       0.247536       0.173186       0.000347       0.000000       0.388799       0.000000       0.000000       0.013232       0.017599       0.159620
        1.270000       0.245552       0.173018       0.000325       0.000000       0.389183       0.000000       0.000000       0.013245       0.019611       0.159438
        1.280000       0.243599       0.172810       0.000306       0.000000       0.389481       0.000000       0.000000       0.013268       0.021599       0.159243
        1.290000       0.241676       0.172611       0.000287       0.000000       0.389808       0.000000       0.000000       0.013299       0.023621       0.159029
        1.300000       0.239815       0.172396       0.000269       0.000000       0.390033       0.000000       0.000000       0.013336       0.025601       0.158805
        1.310000       0.237953       0.172187       0.000253       0.000000       0.390303       0.000000       0.000000       0.013368       0.027634       0.158557
        1.320000       0.236137       0.171965       0.000237       0.000000       0.390530       0.000000       0.000000       0.013413       0.029642       0.158313
        1.330000       0.234352       0.171743       0.000222       0.000000       0.390757       0.000000       0.000000       0.013465       0.031656       0.158058
        1.340000       0.232597       0.171512       0.000209       0.000000       0.390922       0.000000       0.000000       0.013511       0.033651       0.157793
        1.350000       0.230888       0.171288       0.000196       0.000000       0.391087       0.000000       0.000000       0.013570       0.035631       0.157514
        1.360000       0.229195       0.171058       0.000183       0.000000       0.391247       0.000000       0.000000       0.013629       0.037636       0.157265
        1.370000       0.227470       0.170801       0.000171       0.000000       0.391402       0.000000       0.000000       0.013674       0.039642       0.156958
        1.380000       0.225838       0.170573       0.000160       0.000000       0.391524       0.000000       0.000000       0.013735       0.041622       0.156683
        1.390000       0.224266       0.170360       0.000150       0.000000       0.391643       0.000000       0.000000       0.013813       0.043564       0.156398
        1.400000       0.222664       0.170120       0.000140       0.000000       0.391751       0.000000       0.000000       0.013876       0.045531       0.156103
