   0.100000E-01   0.167922E+14   0.862910E-01   0.430187E+02
   0.200000E-01   0.336236E+14   0.708741E-01   0.382452E+02
   0.300000E-01   0.504826E+14   0.573470E-01   0.297934E+02
   0.400000E-01   0.673682E+14   0.622073E-01   0.204869E+02
   0.500000E-01   0.842807E+14   0.860190E-01   0.163186E+02
   0.600000E-01   0.101221E+15   0.117980E+00   0.147960E+02
   0.700000E-01   0.118190E+15   0.151298E+00   0.141919E+02
   0.800000E-01   0.135187E+15   0.181806E+00   0.139178E+02
   0.900000E-01   0.152210E+15   0.207567E+00   0.137683E+02
   0.100000E+00   0.169262E+15   0.228388E+00   0.136677E+02
   0.110000E+00   0.186346E+15   0.245097E+00   0.135870E+02
   0.120000E+00   0.203465E+15   0.258717E+00   0.135144E+02
   0.130000E+00   0.220622E+15   0.270354E+00   0.134434E+02
   0.140000E+00   0.237822E+15   0.281335E+00   0.133666E+02
   0.150000E+00   0.255066E+15   0.292660E+00   0.132789E+02
   0.160000E+00   0.272372E+15   0.305251E+00   0.131764E+02
   0.170000E+00   0.289732E+15   0.320019E+00   0.130585E+02
   0.180000E+00   0.307171E+15   0.337972E+00   0.129281E+02
   0.190000E+00   0.324685E+15   0.360094E+00   0.127926E+02
   0.200000E+00   0.342294E+15   0.387326E+00   0.126616E+02
   0.210000E+00   0.359998E+15   0.420364E+00   0.125456E+02
   0.220000E+00   0.377811E+15   0.459638E+00   0.124526E+02
   0.230000E+00   0.395752E+15   0.505277E+00   0.123869E+02
   0.240000E+00   0.413817E+15   0.557036E+00   0.123494E+02
   0.250000E+00   0.432017E+15   0.614444E+00   0.123379E+02
   0.260000E+00   0.450371E+15   0.676869E+00   0.123483E+02
   0.270000E+00   0.468889E+15   0.743527E+00   0.123758E+02
   0.280000E+00   0.487580E+15   0.813557E+00   0.124159E+02
   0.290000E+00   0.506442E+15   0.886032E+00   0.124641E+02
   0.300000E+00   0.525496E+15   0.960129E+00   0.125168E+02
   0.310000E+00   0.544747E+15   0.103503E+01   0.125711E+02
   0.320000E+00   0.564195E+15   0.110994E+01   0.126246E+02
   0.330000E+00   0.583861E+15   0.117832E+01   0.126714E+02
   0.340000E+00   0.603704E+15   0.123439E+01   0.127072E+02
   0.350000E+00   0.623714E+15   0.128584E+01   0.127367E+02
   0.360000E+00   0.643890E+15   0.133393E+01   0.127609E+02
   0.370000E+00   0.664227E+15   0.137916E+01   0.127799E+02
   0.380000E+00   0.684725E+15   0.142123E+01   0.127941E+02
   0.390000E+00   0.705365E+15   0.145680E+01   0.128030E+02
   0.400000E+00   0.726175E+15   0.148996E+01   0.128082E+02
   0.410000E+00   0.747115E+15   0.152123E+01   0.128100E+02
   0.420000E+00   0.768182E+15   0.155079E+01   0.128087E+02
   0.430000E+00   0.789395E+15   0.157883E+01   0.128044E+02
   0.440000E+00   0.810753E+15   0.160531E+01   0.127974E+02
   0.450000E+00   0.832263E+15   0.163006E+01   0.127882E+02
   0.460000E+00   0.853892E+15   0.165351E+01   0.127766E+02
   0.470000E+00   0.875701E+15   0.167579E+01   0.127630E+02
   0.480000E+00   0.897606E+15   0.169696E+01   0.127474E+02
   0.490000E+00   0.919702E+15   0.171713E+01   0.127301E+02
   0.500000E+00   0.941928E+15   0.173632E+01   0.127110E+02
   0.510000E+00   0.964297E+15   0.175457E+01   0.126905E+02
   0.520000E+00   0.986813E+15   0.177195E+01   0.126686E+02
   0.530000E+00   0.100951E+16   0.178851E+01   0.126454E+02
   0.540000E+00   0.103232E+16   0.180423E+01   0.126210E+02
   0.550000E+00   0.105530E+16   0.181920E+01   0.125957E+02
   0.560000E+00   0.107845E+16   0.183344E+01   0.125693E+02
   0.570000E+00   0.110173E+16   0.184697E+01   0.125422E+02
   0.580000E+00   0.112518E+16   0.185982E+01   0.125143E+02
   0.590000E+00   0.114870E+16   0.187202E+01   0.124857E+02
   0.600000E+00   0.117250E+16   0.188361E+01   0.124566E+02
   0.610000E+00   0.119641E+16   0.189461E+01   0.124268E+02
   0.620000E+00   0.122048E+16   0.190505E+01   0.123967E+02
   0.630000E+00   0.124471E+16   0.191493E+01   0.123661E+02
   0.640000E+00   0.126906E+16   0.192430E+01   0.123352E+02
   0.650000E+00   0.129362E+16   0.193316E+01   0.123041E+02
   0.660000E+00   0.131836E+16   0.194156E+01   0.122726E+02
   0.670000E+00   0.134320E+16   0.194950E+01   0.122410E+02
   0.680000E+00   0.136821E+16   0.195699E+01   0.122092E+02
   0.690000E+00   0.139345E+16   0.196407E+01   0.121773E+02
   0.700000E+00   0.141881E+16   0.197074E+01   0.121453E+02
   0.710000E+00   0.144432E+16   0.197703E+01   0.121133E+02
   0.720000E+00   0.147002E+16   0.198295E+01   0.120811E+02
   0.730000E+00   0.149591E+16   0.198851E+01   0.120490E+02
   0.740000E+00   0.152197E+16   0.199374E+01   0.120169E+02
   0.750000E+00   0.154814E+16   0.199863E+01   0.119849E+02
   0.760000E+00   0.157446E+16   0.200322E+01   0.119530E+02
   0.770000E+00   0.160090E+16   0.200750E+01   0.119211E+02
   0.780000E+00   0.162766E+16   0.201150E+01   0.118893E+02
   0.790000E+00   0.165454E+16   0.201523E+01   0.118575E+02
   0.800000E+00   0.168156E+16   0.201870E+01   0.118260E+02
   0.810000E+00   0.170872E+16   0.202191E+01   0.117945E+02
   0.820000E+00   0.173607E+16   0.202487E+01   0.117633E+02
   0.830000E+00   0.176365E+16   0.202762E+01   0.117321E+02
   0.840000E+00   0.179137E+16   0.203014E+01   0.117011E+02
   0.850000E+00   0.181921E+16   0.203244E+01   0.116703E+02
   0.860000E+00   0.184724E+16   0.203454E+01   0.116397E+02
   0.870000E+00   0.187545E+16   0.203645E+01   0.116092E+02
   0.880000E+00   0.190376E+16   0.203817E+01   0.115790E+02
   0.890000E+00   0.193234E+16   0.203971E+01   0.115490E+02
   0.900000E+00   0.196106E+16   0.204107E+01   0.115191E+02
   0.910000E+00   0.198998E+16   0.204228E+01   0.114895E+02
   0.920000E+00   0.201899E+16   0.204332E+01   0.114601E+02
   0.930000E+00   0.204835E+16   0.204422E+01   0.114309E+02
   0.940000E+00   0.207761E+16   0.204496E+01   0.114020E+02
   0.950000E+00   0.210727E+16   0.204557E+01   0.113732E+02
   0.960000E+00   0.213702E+16   0.204605E+01   0.113447E+02
   0.970000E+00   0.216695E+16   0.204640E+01   0.113165E+02
   0.980000E+00   0.219711E+16   0.204662E+01   0.112884E+02
   0.990000E+00   0.222722E+16   0.204673E+01   0.112606E+02
   0.100000E+01   0.225767E+16   0.204673E+01   0.112330E+02
   0.101000E+01   0.228836E+16   0.204662E+01   0.112057E+02
   0.102000E+01   0.231918E+16   0.204640E+01   0.111785E+02
   0.103000E+01   0.235017E+16   0.204609E+01   0.111516E+02
   0.104000E+01   0.238121E+16   0.204568E+01   0.111250E+02
   0.105000E+01   0.241254E+16   0.204518E+01   0.110986E+02
   0.106000E+01   0.244397E+16   0.204460E+01   0.110724E+02
   0.107000E+01   0.247564E+16   0.204393E+01   0.110465E+02
   0.108000E+01   0.250743E+16   0.204319E+01   0.110208E+02
   0.109000E+01   0.253950E+16   0.204236E+01   0.109952E+02
   0.110000E+01   0.257181E+16   0.204146E+01   0.109698E+02
   0.111000E+01   0.260406E+16   0.204050E+01   0.109449E+02
   0.112000E+01   0.263662E+16   0.203946E+01   0.109200E+02
   0.113000E+01   0.266936E+16   0.203836E+01   0.108954E+02
   0.114000E+01   0.270222E+16   0.203721E+01   0.108711E+02
   0.115000E+01   0.273522E+16   0.203599E+01   0.108469E+02
   0.116000E+01   0.276844E+16   0.203473E+01   0.108232E+02
   0.117000E+01   0.280178E+16   0.203344E+01   0.108002E+02
   0.118000E+01   0.283540E+16   0.203211E+01   0.107775E+02
   0.119000E+01   0.286914E+16   0.203075E+01   0.107552E+02
   0.120000E+01   0.290296E+16   0.202934E+01   0.107332E+02
   0.121000E+01   0.293691E+16   0.202790E+01   0.107115E+02
   0.122000E+01   0.297144E+16   0.202641E+01   0.106899E+02
   0.123000E+01   0.300586E+16   0.202489E+01   0.106686E+02
   0.124000E+01   0.304038E+16   0.202334E+01   0.106476E+02
   0.125000E+01   0.307484E+16   0.202175E+01   0.106268E+02
   0.126000E+01   0.310993E+16   0.202012E+01   0.106061E+02
   0.127000E+01   0.314503E+16   0.201846E+01   0.105857E+02
   0.128000E+01   0.318023E+16   0.201677E+01   0.105654E+02
   0.129000E+01   0.321570E+16   0.201506E+01   0.105454E+02
   0.130000E+01   0.325101E+16   0.201332E+01   0.105257E+02
   0.131000E+01   0.328682E+16   0.201154E+01   0.105060E+02
   0.132000E+01   0.332267E+16   0.200974E+01   0.104866E+02
   0.133000E+01   0.335888E+16   0.200791E+01   0.104672E+02
   0.134000E+01   0.339487E+16   0.200607E+01   0.104482E+02
   0.135000E+01   0.343109E+16   0.200421E+01   0.104294E+02
   0.136000E+01   0.346778E+16   0.200231E+01   0.104106E+02
   0.137000E+01   0.350454E+16   0.200039E+01   0.103919E+02
   0.138000E+01   0.354152E+16   0.199844E+01   0.103735E+02
   0.139000E+01   0.357833E+16   0.199651E+01   0.103554E+02
   0.140000E+01   0.361555E+16   0.199454E+01   0.103373E+02
