        0.032362       0.996094       0.003418       0.001426       0.000000       0.000000       0.000000       0.000000       0.000000       0.000000       0.000000       0.000000       0.000000       0.000000       0.000000       0.000000
        0.064725       0.996094       0.003418       0.004170       0.000000       0.000000       0.000000       0.000000       0.000000       0.000000       0.000000       0.000000       0.000000       0.000000       0.000000       0.000000
        0.097087       0.992188       0.007690       0.007539       0.000000       0.000000       0.000000       0.000000       0.000000       0.000000       0.000000       0.000000       0.000000       0.000000       0.000000       0.000000
        0.129450       0.988281       0.011536       0.011324       0.000000       0.000000       0.000000       0.000000       0.000000       0.000000       0.000000       0.000000       0.000000       0.000000       0.000000       0.000000
        0.161812       0.984375       0.015381       0.015250       0.000000       0.000000       0.000000       0.000000       0.000000       0.000000       0.000000       0.000000       0.000000       0.000000       0.000000       0.000000
        0.194175       0.980469       0.019226       0.019103       0.000000       0.000000       0.000000       0.000000       0.000000       0.000000       0.000000       0.000000       0.000000       0.000000       0.000000       0.000000
        0.226537       0.977539       0.022724       0.022819       0.000000       0.000000       0.000000       0.000000       0.000000       0.000000       0.000000       0.000000       0.000000       0.000000       0.000000       0.000000
        0.258900       0.973877       0.026072       0.026192       0.000000       0.000000       0.000000       0.000000       0.000000       0.000000       0.000000       0.000000       0.000000       0.000000       0.000000       0.000000
        0.291262       0.970703       0.029240       0.029235       0.000000       0.000000       0.000000       0.000000       0.000000       0.000000       0.000000       0.000000       0.000000       0.000000       0.000000       0.000000
        0.323625       0.968018       0.031920       0.031982       0.000000       0.000000       0.000000       0.000000       0.000000       0.000000       0.000000       0.000000       0.000000       0.000000       0.000000       0.000000
        0.355987       0.965820       0.034347       0.034407       0.000000       0.000000       0.000000       0.000000       0.000000       0.000000       0.000000       0.000000       0.000000       0.000000       0.000000       0.000000
        0.388350       0.963379       0.036550       0.036470       0.000000       0.000000       0.000000       0.000000       0.000000       0.000000       0.000000       0.000000       0.000000       0.000000       0.000000       0.000000
        0.420712       0.961670       0.038255       0.038337       0.000000       0.000000       0.000000       0.000000       0.000000       0.000000       0.000000       0.000000       0.000000       0.000000       0.000000       0.000000
        0.453074       0.959961       0.039961       0.039880       0.000000       0.000000       0.000000       0.000000       0.000000       0.000000       0.000000       0.000000       0.000000       0.000000       0.000000       0.000000
        0.485437       0.958740       0.041179       0.041293       0.000000       0.000000       0.000000       0.000000       0.000000       0.000000       0.000000       0.000000       0.000000       0.000000       0.000000       0.000000
        0.517799       0.957520       0.042397       0.042458       0.000000       0.000000       0.000000       0.000000       0.000000       0.000000       0.000000       0.000000       0.000000       0.000000       0.000000       0.000000
        0.550162       0.956543       0.043372       0.043489       0.000000       0.000000       0.000000       0.000000       0.000000       0.000000       0.000000       0.000000       0.000000       0.000000       0.000000       0.000000
        0.582524       0.955566       0.044347       0.044353       0.000000       0.000000       0.000000       0.000000       0.000000       0.000000       0.000000       0.000000       0.000000       0.000000       0.000000       0.000000
        0.614887       0.954834       0.045078       0.045154       0.000000       0.000000       0.000000       0.000000       0.000000       0.000000       0.000000       0.000000       0.000000       0.000000       0.000000       0.000000
        0.647249       0.954102       0.045809       0.045839       0.000000       0.000000       0.000000       0.000000       0.000000       0.000000       0.000000       0.000000       0.000000       0.000000       0.000000       0.000000
        0.679612       0.953613       0.046455       0.046480       0.000000       0.000000       0.000000       0.000000       0.000000       0.000000       0.000000       0.000000       0.000000       0.000000       0.000000       0.000000
        0.711974       0.953003       0.047066       0.047052       0.000000       0.000000       0.000000       0.000000       0.000000       0.000000       0.000000       0.000000       0.000000       0.000000       0.000000       0.000000
        0.744337       0.952271       0.047799       0.047528       0.000296       0.000000       0.000000       0.000000       0.000000       0.000000       0.000000       0.000000       0.000000       0.000000       0.000000       0.000000
        0.776699       0.951416       0.048655       0.047921       0.000813       0.000000       0.000000       0.000000       0.000000       0.000000       0.000000       0.000000       0.000000       0.000000       0.000000       0.000000
        0.809062       0.950439       0.049633       0.048247       0.001417       0.000000       0.000000       0.000000       0.000000       0.000000       0.000000       0.000000       0.000000       0.000000       0.000000       0.000000
        0.841424       0.949463       0.050611       0.048563       0.002079       0.000000       0.000000       0.000000       0.000000       0.000000       0.000000       0.000000       0.000000       0.000000       0.000000       0.000000
        0.873786       0.948364       0.051623       0.048859       0.002772       0.000000       0.000000       0.000000       0.000000       0.000000       0.000000       0.000000       0.000000       0.000000       0.000000       0.000000
        0.906149       0.947327       0.052660       0.049160       0.003490       0.000000       0.000000       0.000000       0.000000       0.000000       0.000000       0.000000       0.000000       0.000000       0.000000       0.000000
        0.938511       0.946289       0.053698       0.049476       0.004230       0.000000       0.000000       0.000000       0.000000       0.000000       0.000000       0.000000       0.000000       0.000000       0.000000       0.000000
        0.970874       0.945190       0.054796       0.049784       0.004974       0.000000       0.000000       0.000000       0.000000       0.000000       0.000000       0.000000       0.000000       0.000000       0.000000       0.000000
        1.003236       0.944092       0.055895       0.050109       0.005731       0.000000       0.000000       0.000000       0.000000       0.000000       0.000000       0.000000       0.000000       0.000000       0.000000       0.000000
        1.035599       0.942993       0.056993       0.050445       0.006494       0.000000       0.000000       0.000000       0.000000       0.000000       0.000000       0.000000       0.000000       0.000000       0.000000       0.000000
        1.067961       0.941895       0.058091       0.050778       0.007254       0.000000       0.000000       0.000000       0.000000       0.000000       0.000000       0.000000       0.000000       0.000000       0.000000       0.000000
        1.100324       0.940918       0.059068       0.051095       0.008002       0.000000       0.000000       0.000000       0.000000       0.000000       0.000000       0.000000       0.000000       0.000000       0.000000       0.000000
        1.132686       0.939941       0.060044       0.051306       0.008686       0.000000       0.000000       0.000000       0.000000       0.000000       0.000000       0.000000       0.000000       0.000000       0.000000       0.000000
        1.165049       0.939209       0.060776       0.051479       0.009340       0.000000       0.000000       0.000000       0.000000       0.000000       0.000000       0.000000       0.000000       0.000000       0.000000       0.000000
        1.197411       0.938538       0.061447       0.051546       0.009921       0.000000       0.000000       0.000000       0.000000       0.000000       0.000000       0.000000       0.000000       0.000000       0.000000       0.000000
        1.229774       0.937988       0.061997       0.051567       0.010462       0.000000       0.000000       0.000000       0.000000       0.000000       0.000000       0.000000       0.000000       0.000000       0.000000       0.000000
        1.262136       0.931274       0.065009       0.050753       0.010494       0.000000       0.000000       0.000000       0.000000       0.000000       0.000000       0.000000       0.000000       0.000000       0.003755       0.000000
        1.294498       0.915558       0.071542       0.048796       0.009826       0.000000       0.000000       0.000000       0.000000       0.000000       0.000000       0.000000       0.000000       0.000000       0.012896       0.000000
        1.326861       0.899719       0.078106       0.046825       0.009131       0.000000       0.000000       0.000000       0.000000       0.000000       0.000000       0.000000       0.000000       0.000000       0.022162       0.000000
        1.359223       0.884277       0.084546       0.044906       0.008450       0.000000       0.000000       0.000000       0.000000       0.000000       0.000000       0.000000       0.000000       0.000000       0.031165       0.000000
        1.391586       0.869324       0.090753       0.043064       0.007800       0.000000       0.000000       0.000000       0.000000       0.000000       0.000000       0.000000       0.000000       0.000000       0.039918       0.000000
        1.423948       0.854889       0.096779       0.041294       0.007177       0.000000       0.000000       0.000000       0.000000       0.000000       0.000000       0.000000       0.000000       0.000000       0.048310       0.000000
        1.456311       0.840973       0.102595       0.039605       0.006591       0.000000       0.000000       0.000000       0.000000       0.000000       0.000000       0.000000       0.000000       0.000000       0.056416       0.000000
        1.488673       0.827576       0.108218       0.037989       0.006035       0.000000       0.000000       0.000000       0.000000       0.000000       0.000000       0.000000       0.000000       0.000000       0.064197       0.000000
        1.521036       0.814606       0.113685       0.036449       0.005514       0.000000       0.000000       0.000000       0.000000       0.000000       0.000000       0.000000       0.000000       0.000000       0.071710       0.000000
        1.553398       0.802155       0.118932       0.034983       0.005025       0.000000       0.000000       0.000000       0.000000       0.000000       0.000000       0.000000       0.000000       0.000000       0.078906       0.000000
        1.585761       0.790100       0.124026       0.033587       0.004569       0.000000       0.000000       0.000000       0.000000       0.000000       0.000000       0.000000       0.000000       0.000000       0.085907       0.000000
        1.618123       0.778473       0.128956       0.032247       0.004137       0.000000       0.000000       0.000000       0.000000       0.000000       0.000000       0.000000       0.000000       0.000000       0.092585       0.000000
        1.650485       0.767212       0.133721       0.030973       0.003735       0.000000       0.000000       0.000000       0.000000       0.000000       0.000000       0.000000       0.000000       0.000000       0.099041       0.000000
        1.682848       0.756378       0.138370       0.029756       0.003360       0.000000       0.000000       0.000000       0.000000       0.000000       0.000000       0.000000       0.000000       0.000000       0.105252       0.000000
        1.715210       0.745880       0.142853       0.028596       0.003011       0.000000       0.000000       0.000000       0.000000       0.000000       0.000000       0.000000       0.000000       0.000000       0.111267       0.000000
        1.747573       0.735718       0.147225       0.027485       0.002684       0.000000       0.000000       0.000000       0.000000       0.000000       0.000000       0.000000       0.000000       0.000000       0.117059       0.000000
        1.779935       0.725922       0.151438       0.026426       0.002381       0.000000       0.000000       0.000000       0.000000       0.000000       0.000000       0.000000       0.000000       0.000000       0.122610       0.000000
        1.812298       0.716370       0.155565       0.025411       0.002098       0.000000       0.000000       0.000000       0.000000       0.000000       0.000000       0.000000       0.000000       0.000000       0.128041       0.000000
        1.844660       0.707184       0.159571       0.024442       0.001837       0.000000       0.000000       0.000000       0.000000       0.000000       0.000000       0.000000       0.000000       0.000000       0.133266       0.000000
        1.877023       0.698242       0.163428       0.023521       0.001598       0.000000       0.000000       0.000000       0.000000       0.000000       0.000000       0.000000       0.000000       0.000000       0.138302       0.000000
        1.909385       0.689575       0.167210       0.022635       0.001376       0.000000       0.000000       0.000000       0.000000       0.000000       0.000000       0.000000       0.000000       0.000000       0.143194       0.000000
        1.941748       0.681198       0.170889       0.021788       0.001172       0.000000       0.000000       0.000000       0.000000       0.000000       0.000000       0.000000       0.000000       0.000000       0.147910       0.000000
        1.974110       0.673050       0.174453       0.020981       0.000986       0.000000       0.000000       0.000000       0.000000       0.000000       0.000000       0.000000       0.000000       0.000000       0.152489       0.000000
        2.006473       0.665146       0.177937       0.020205       0.000816       0.000000       0.000000       0.000000       0.000000       0.000000       0.000000       0.000000       0.000000       0.000000       0.156918       0.000000
        2.038835       0.657471       0.181339       0.019463       0.000663       0.000000       0.000000       0.000000       0.000000       0.000000       0.000000       0.000000       0.000000       0.000000       0.161207       0.000000
        2.071197       0.650024       0.184646       0.018751       0.000524       0.000000       0.000000       0.000000       0.000000       0.000000       0.000000       0.000000       0.000000       0.000000       0.165356       0.000000
        2.103560       0.642761       0.187848       0.018071       0.000402       0.000000       0.000000       0.000000       0.000000       0.000000       0.000000       0.000000       0.000000       0.000000       0.169370       0.000000
        2.135922       0.635727       0.190983       0.017419       0.000294       0.000000       0.000000       0.000000       0.000000       0.000000       0.000000       0.000000       0.000000       0.000000       0.173296       0.000000
        2.168285       0.628876       0.194079       0.016791       0.000200       0.000000       0.000000       0.000000       0.000000       0.000000       0.000000       0.000000       0.000000       0.000000       0.177067       0.000000
        2.200647       0.622208       0.197062       0.016191       0.000122       0.000000       0.000000       0.000000       0.000000       0.000000       0.000000       0.000000       0.000000       0.000000       0.180736       0.000000
        2.233010       0.615723       0.199983       0.015617       0.000060       0.000000       0.000000       0.000000       0.000000       0.000000       0.000000       0.000000       0.000000       0.000000       0.184304       0.000000
        2.265372       0.609406       0.202822       0.015065       0.000016       0.000000       0.000000       0.000000       0.000000       0.000000       0.000000       0.000000       0.000000       0.000000       0.187760       0.000000
        2.297735       0.603271       0.205647       0.014529       0.000000       0.000000       0.000000       0.000000       0.000000       0.000000       0.000000       0.000000       0.000000       0.000000       0.191094       0.000000
        2.330097       0.597290       0.208360       0.014020       0.000000       0.000000       0.000000       0.000000       0.000000       0.000000       0.000000       0.000000       0.000000       0.000000       0.194364       0.000000
        2.362460       0.591446       0.211046       0.013529       0.000000       0.000000       0.000000       0.000000       0.000000       0.000000       0.000000       0.000000       0.000000       0.000000       0.197514       0.000000
        2.394822       0.585754       0.213643       0.013059       0.000000       0.000000       0.000000       0.000000       0.000000       0.000000       0.000000       0.000000       0.000000       0.000000       0.200578       0.000000
        2.427185       0.580215       0.216197       0.012607       0.000000       0.000000       0.000000       0.000000       0.000000       0.000000       0.000000       0.000000       0.000000       0.000000       0.203594       0.000000
        2.459547       0.574814       0.218695       0.012174       0.000000       0.000000       0.000000       0.000000       0.000000       0.000000       0.000000       0.000000       0.000000       0.000000       0.206500       0.000000
        2.491909       0.569534       0.221112       0.011760       0.000000       0.000000       0.000000       0.000000       0.000000       0.000000       0.000000       0.000000       0.000000       0.000000       0.209360       0.000000
        2.524272       0.564377       0.223482       0.011361       0.000000       0.000000       0.000000       0.000000       0.000000       0.000000       0.000000       0.000000       0.000000       0.000000       0.212137       0.000000
        2.556634       0.559341       0.225806       0.010976       0.000000       0.000000       0.000000       0.000000       0.000000       0.000000       0.000000       0.000000       0.000000       0.000000       0.214842       0.000000
        2.588997       0.554443       0.228078       0.010608       0.000000       0.000000       0.000000       0.000000       0.000000       0.000000       0.000000       0.000000       0.000000       0.000000       0.217493       0.000000
        2.621359       0.549652       0.230314       0.010253       0.000000       0.000000       0.000000       0.000000       0.000000       0.000000       0.000000       0.000000       0.000000       0.000000       0.220053       0.000000
        2.653722       0.544952       0.232474       0.009912       0.000000       0.000000       0.000000       0.000000       0.000000       0.000000       0.000000       0.000000       0.000000       0.000000       0.222570       0.000000
        2.686084       0.540375       0.234592       0.009586       0.000000       0.000000       0.000000       0.000000       0.000000       0.000000       0.000000       0.000000       0.000000       0.000000       0.225027       0.000000
        2.718447       0.535919       0.236693       0.009270       0.000000       0.000000       0.000000       0.000000       0.000000       0.000000       0.000000       0.000000       0.000000       0.000000       0.227406       0.000000
        2.750809       0.531540       0.238726       0.008967       0.000000       0.000000       0.000000       0.000000       0.000000       0.000000       0.000000       0.000000       0.000000       0.000000       0.229736       0.000000
        2.783172       0.527252       0.240709       0.008676       0.000000       0.000000       0.000000       0.000000       0.000000       0.000000       0.000000       0.000000       0.000000       0.000000       0.232033       0.000000
        2.815534       0.523071       0.242672       0.008395       0.000000       0.000000       0.000000       0.000000       0.000000       0.000000       0.000000       0.000000       0.000000       0.000000       0.234267       0.000000
        2.847897       0.518982       0.244573       0.008125       0.000000       0.000000       0.000000       0.000000       0.000000       0.000000       0.000000       0.000000       0.000000       0.000000       0.236449       0.000000
        2.880259       0.514954       0.246440       0.007864       0.000000       0.000049       0.000000       0.000000       0.000000       0.000000       0.000000       0.000000       0.000000       0.000000       0.238578       0.000000
        2.912621       0.510696       0.247872       0.007610       0.000000       0.001196       0.000000       0.000000       0.000000       0.000000       0.000000       0.000000       0.000000       0.000000       0.240247       0.000000
        2.944984       0.506348       0.249073       0.007364       0.000000       0.002855       0.000000       0.000000       0.000000       0.000000       0.000000       0.000000       0.000000       0.000000       0.241729       0.000000
        2.977346       0.502045       0.250153       0.007127       0.000000       0.004773       0.000000       0.000000       0.000000       0.000000       0.000000       0.000000       0.000000       0.000000       0.243011       0.000000
        3.009709       0.497757       0.251154       0.006898       0.000000       0.006846       0.000000       0.000000       0.000000       0.000000       0.000000       0.000000       0.000000       0.000000       0.244245       0.000000
        3.042071       0.493515       0.252072       0.006677       0.000000       0.009022       0.000000       0.000000       0.000000       0.000000       0.000000       0.000000       0.000000       0.000000       0.245389       0.000000
        3.074434       0.489334       0.252925       0.006463       0.000000       0.011279       0.000000       0.000000       0.000000       0.000000       0.000000       0.000000       0.000000       0.000000       0.246469       0.000000
        3.106796       0.485207       0.253732       0.006258       0.000000       0.013582       0.000000       0.000000       0.000000       0.000000       0.000000       0.000000       0.000000       0.000000       0.247492       0.000000
        3.139159       0.481155       0.254496       0.006059       0.000000       0.015928       0.000000       0.000000       0.000000       0.000000       0.000000       0.000000       0.000000       0.000000       0.248424       0.000000
        3.171521       0.477150       0.255218       0.005868       0.000000       0.018283       0.000000       0.000000       0.000000       0.000000       0.000000       0.000000       0.000000       0.000000       0.249347       0.000000
        3.203883       0.473221       0.255898       0.005684       0.000000       0.020668       0.000000       0.000000       0.000000       0.000000       0.000000       0.000000       0.000000       0.000000       0.250207       0.000000
        3.236246       0.469345       0.256548       0.005506       0.000000       0.023046       0.000000       0.000000       0.000000       0.000000       0.000000       0.000000       0.000000       0.000000       0.251060       0.000000
        3.268609       0.465477       0.257105       0.005335       0.000000       0.025401       0.000000       0.000000       0.000000       0.000000       0.000000       0.000000       0.000000       0.000256       0.251763       0.000000
        3.300971       0.461456       0.257378       0.005175       0.000000       0.027652       0.000000       0.000000       0.000000       0.000000       0.000000       0.000000       0.000000       0.001311       0.252205       0.000000
        3.333333       0.457405       0.257510       0.005024       0.000000       0.029846       0.000000       0.000000       0.000000       0.000000       0.000000       0.000000       0.000000       0.002734       0.252502       0.000000
        3.365696       0.453354       0.257565       0.004878       0.000000       0.031997       0.000000       0.000000       0.000000       0.000000       0.000000       0.000000       0.000000       0.004404       0.252687       0.000000
        3.398058       0.449310       0.257529       0.004739       0.000000       0.034102       0.000000       0.000000       0.000000       0.000000       0.000000       0.000000       0.000000       0.006247       0.252804       0.000000
        3.430421       0.445312       0.257443       0.004605       0.000000       0.036179       0.000000       0.000000       0.000000       0.000000       0.000000       0.000000       0.000000       0.008218       0.252834       0.000000
        3.462783       0.441345       0.257300       0.004476       0.000000       0.038207       0.000000       0.000000       0.000000       0.000000       0.000000       0.000000       0.000000       0.010299       0.252831       0.000000
        3.495146       0.437416       0.257135       0.004351       0.000000       0.040198       0.000000       0.000000       0.000000       0.000000       0.000000       0.000000       0.000000       0.012481       0.252780       0.000000
        3.527508       0.433540       0.256902       0.004232       0.000000       0.042174       0.000000       0.000000       0.000000       0.000000       0.000000       0.000000       0.000000       0.014705       0.252688       0.000000
        3.559871       0.429703       0.256647       0.004117       0.000000       0.044107       0.000000       0.000000       0.000000       0.000000       0.000000       0.000000       0.000000       0.016992       0.252549       0.000000
        3.592233       0.425911       0.256376       0.004005       0.000000       0.046011       0.000000       0.000000       0.000000       0.000000       0.000000       0.000000       0.000000       0.019330       0.252367       0.000000
        3.624596       0.422173       0.256071       0.003897       0.000000       0.047869       0.000000       0.000000       0.000000       0.000000       0.000000       0.000000       0.000000       0.021704       0.252183       0.000000
        3.656958       0.418465       0.255742       0.003793       0.000000       0.049707       0.000000       0.000000       0.000000       0.000000       0.000000       0.000000       0.000000       0.024114       0.251961       0.000000
        3.689321       0.414848       0.255402       0.003693       0.000000       0.051537       0.000000       0.000000       0.000000       0.000000       0.000000       0.000000       0.000000       0.026521       0.251711       0.000000
        3.721683       0.411240       0.255052       0.003595       0.000000       0.053290       0.000000       0.000000       0.000000       0.000000       0.000000       0.000000       0.000000       0.028987       0.251446       0.000000
        3.754045       0.407692       0.254675       0.003501       0.000000       0.055032       0.000000       0.000000       0.000000       0.000000       0.000000       0.000000       0.000000       0.031444       0.251159       0.000000
        3.786408       0.404190       0.254279       0.003410       0.000000       0.056749       0.000000       0.000000       0.000000       0.000000       0.000000       0.000000       0.000000       0.033918       0.250870       0.000000
        3.818770       0.400742       0.253871       0.003322       0.000000       0.058440       0.000000       0.000000       0.000000       0.000000       0.000000       0.000000       0.000000       0.036385       0.250553       0.000000
        3.851133       0.397346       0.253466       0.003237       0.000000       0.060094       0.000000       0.000000       0.000000       0.000000       0.000000       0.000000       0.000000       0.038868       0.250223       0.000000
        3.883495       0.393990       0.253041       0.003154       0.000000       0.061718       0.000000       0.000000       0.000000       0.000000       0.000000       0.000000       0.000000       0.041351       0.249885       0.000000
        3.915858       0.390686       0.252607       0.003074       0.000000       0.063332       0.000000       0.000000       0.000000       0.000000       0.000000       0.000000       0.000000       0.043826       0.249536       0.000000
        3.948220       0.387428       0.252166       0.002996       0.000000       0.064909       0.000000       0.000000       0.000000       0.000000       0.000000       0.000000       0.000000       0.046302       0.249182       0.000000
        3.980583       0.384224       0.251734       0.002921       0.000000       0.066458       0.000000       0.000000       0.000000       0.000000       0.000000       0.000000       0.000000       0.048779       0.248810       0.000000
        4.012945       0.381058       0.251285       0.002848       0.000000       0.067984       0.000000       0.000000       0.000000       0.000000       0.000000       0.000000       0.000000       0.051240       0.248423       0.000000
        4.045308       0.377953       0.250818       0.002777       0.000000       0.069514       0.000000       0.000000       0.000000       0.000000       0.000000       0.000000       0.000000       0.053675       0.248051       0.000000
        4.077670       0.374847       0.250376       0.002707       0.000000       0.070937       0.000000       0.000000       0.000000       0.000000       0.000000       0.000000       0.000000       0.056174       0.247662       0.000000
        4.110032       0.371826       0.249908       0.002641       0.000000       0.072420       0.000000       0.000000       0.000000       0.000000       0.000000       0.000000       0.000000       0.058592       0.247258       0.000000
        4.142395       0.368843       0.249443       0.002576       0.000000       0.073845       0.000000       0.000000       0.000000       0.000000       0.000000       0.000000       0.000000       0.061014       0.246857       0.000000
        4.174757       0.365898       0.248973       0.002513       0.000000       0.075248       0.000000       0.000000       0.000000       0.000000       0.000000       0.000000       0.000000       0.063422       0.246445       0.000000
        4.207120       0.362984       0.248502       0.002452       0.000000       0.076619       0.000000       0.000000       0.000000       0.000000       0.000000       0.000000       0.000000       0.065846       0.246055       0.000000
        4.239482       0.360130       0.248034       0.002392       0.000000       0.077989       0.000000       0.000000       0.000000       0.000000       0.000000       0.000000       0.000000       0.068226       0.245633       0.000000
        4.271845       0.357330       0.247549       0.002335       0.000000       0.079355       0.000000       0.000000       0.000000       0.000000       0.000000       0.000000       0.000000       0.070551       0.245201       0.000000
        4.304207       0.354530       0.247068       0.002279       0.000000       0.080652       0.000000       0.000000       0.000000       0.000000       0.000000       0.000000       0.000000       0.072934       0.244798       0.000000
        4.336570       0.351791       0.246602       0.002224       0.000000       0.081938       0.000000       0.000000       0.000000       0.000000       0.000000       0.000000       0.000000       0.075294       0.244388       0.000000
        4.368932       0.349083       0.246129       0.002171       0.000000       0.083208       0.000000       0.000000       0.000000       0.000000       0.000000       0.000000       0.000000       0.077626       0.243955       0.000000
        4.401295       0.346420       0.245652       0.002119       0.000000       0.084463       0.000000       0.000000       0.000000       0.000000       0.000000       0.000000       0.000000       0.079933       0.243528       0.000000
        4.433657       0.343796       0.245175       0.002069       0.000000       0.085706       0.000000       0.000000       0.000000       0.000000       0.000000       0.000000       0.000000       0.082226       0.243103       0.000000
        4.466020       0.341194       0.244652       0.002021       0.000000       0.086909       0.000000       0.000000       0.000000       0.000000       0.000000       0.000000       0.000065       0.084463       0.242695       0.000000
        4.498382       0.338493       0.243792       0.001981       0.000000       0.088020       0.000000       0.000000       0.000000       0.000000       0.000000       0.000000       0.000699       0.086517       0.242504       0.000000
        4.530744       0.335777       0.242771       0.001944       0.000000       0.089041       0.000000       0.000000       0.000000       0.000000       0.000000       0.000000       0.001589       0.088441       0.242402       0.000000
        4.563107       0.333031       0.241646       0.001909       0.000000       0.090006       0.000000       0.000000       0.000000       0.000000       0.000000       0.000000       0.002646       0.090323       0.242369       0.000000
        4.595469       0.330360       0.240468       0.001878       0.000000       0.091046       0.000000       0.000000       0.000000       0.000000       0.000000       0.000000       0.003750       0.092040       0.242327       0.000000
        4.627832       0.327644       0.239235       0.001847       0.000000       0.091932       0.000000       0.000000       0.000000       0.000000       0.000000       0.000000       0.004991       0.093823       0.242382       0.000000
        4.660194       0.324974       0.237972       0.001818       0.000000       0.092850       0.000000       0.000000       0.000000       0.000000       0.000000       0.000000       0.006261       0.095502       0.242415       0.000000
        4.692557       0.322334       0.236691       0.001790       0.000000       0.093736       0.000000       0.000000       0.000000       0.000000       0.000000       0.000000       0.007586       0.097162       0.242492       0.000000
        4.724919       0.319740       0.235403       0.001764       0.000000       0.094595       0.000000       0.000000       0.000000       0.000000       0.000000       0.000000       0.008940       0.098774       0.242579       0.000000
        4.757281       0.317131       0.234073       0.001739       0.000000       0.095439       0.000000       0.000000       0.000000       0.000000       0.000000       0.000000       0.010327       0.100349       0.242660       0.000000
        4.789644       0.314568       0.232741       0.001714       0.000000       0.096260       0.000000       0.000000       0.000000       0.000000       0.000000       0.000000       0.011736       0.101897       0.242770       0.000000
        4.822007       0.312027       0.231409       0.001690       0.000000       0.097059       0.000000       0.000000       0.000000       0.000000       0.000000       0.000000       0.013182       0.103436       0.242894       0.000000
        4.854369       0.309525       0.230065       0.001668       0.000000       0.097838       0.000000       0.000000       0.000000       0.000000       0.000000       0.000000       0.014621       0.104923       0.243025       0.000000
        4.886732       0.307045       0.228717       0.001646       0.000000       0.098602       0.000000       0.000000       0.000000       0.000000       0.000000       0.000000       0.016072       0.106380       0.243150       0.000000
        4.919094       0.304588       0.227370       0.001624       0.000000       0.099362       0.000000       0.000000       0.000000       0.000000       0.000000       0.000000       0.017546       0.107829       0.243293       0.000000
        4.951456       0.302177       0.226029       0.001603       0.000000       0.100088       0.000000       0.000000       0.000000       0.000000       0.000000       0.000000       0.019016       0.109246       0.243446       0.000000
        4.983819       0.299782       0.224683       0.001583       0.000000       0.100809       0.000000       0.000000       0.000000       0.000000       0.000000       0.000000       0.020500       0.110651       0.243611       0.000000
        5.016181       0.297379       0.223324       0.001564       0.000000       0.101468       0.000000       0.000000       0.000000       0.000000       0.000000       0.000000       0.022011       0.112048       0.243762       0.000000
        5.048544       0.295036       0.221979       0.001545       0.000000       0.102167       0.000000       0.000000       0.000000       0.000000       0.000000       0.000000       0.023492       0.113399       0.243927       0.000000
        5.080906       0.292725       0.220644       0.001526       0.000000       0.102836       0.000000       0.000000       0.000000       0.000000       0.000000       0.000000       0.024976       0.114730       0.244088       0.000000
        5.113269       0.290443       0.219314       0.001509       0.000000       0.103503       0.000000       0.000000       0.000000       0.000000       0.000000       0.000000       0.026458       0.116042       0.244259       0.000000
        5.145631       0.288200       0.217992       0.001491       0.000000       0.104205       0.000000       0.000000       0.000000       0.000000       0.000000       0.000000       0.027908       0.117298       0.244400       0.000000
        5.177993       0.285950       0.216661       0.001474       0.000000       0.104794       0.000000       0.000000       0.000000       0.000000       0.000000       0.000000       0.029407       0.118598       0.244594       0.000000
        5.210356       0.283760       0.215350       0.001458       0.000000       0.105490       0.000000       0.000000       0.000000       0.000000       0.000000       0.000000       0.030845       0.119815       0.244741       0.000000
        5.242719       0.281563       0.214040       0.001442       0.000000       0.106045       0.000000       0.000000       0.000000       0.000000       0.000000       0.000000       0.032352       0.121093       0.244940       0.000000
        5.275081       0.279442       0.212752       0.001426       0.000000       0.106699       0.000000       0.000000       0.000000       0.000000       0.000000       0.000000       0.033768       0.122267       0.245092       0.000000
        5.307444       0.277283       0.211441       0.001411       0.000000       0.107235       0.000000       0.000000       0.000000       0.000000       0.000000       0.000000       0.035251       0.123498       0.245287       0.000000
        5.339806       0.275185       0.210158       0.001396       0.000000       0.107824       0.000000       0.000000       0.000000       0.000000       0.000000       0.000000       0.036692       0.124675       0.245461       0.000000
        5.372168       0.273140       0.208902       0.001381       0.000000       0.108444       0.000000       0.000000       0.000000       0.000000       0.000000       0.000000       0.038099       0.125807       0.245610       0.000000
        5.404531       0.271065       0.207615       0.001367       0.000000       0.109020       0.000000       0.000000       0.000000       0.000000       0.000000       0.000000       0.039536       0.126963       0.245789       0.000000
        5.436893       0.269051       0.206369       0.001353       0.000000       0.109580       0.000000       0.000000       0.000000       0.000000       0.000000       0.000000       0.040964       0.128104       0.245973       0.000000
        5.469256       0.267036       0.205107       0.001340       0.000000       0.110107       0.000000       0.000000       0.000000       0.000000       0.000000       0.000000       0.042371       0.129214       0.246141       0.000000
        5.501618       0.265068       0.203877       0.001326       0.000000       0.110645       0.000000       0.000000       0.000000       0.000000       0.000000       0.000000       0.043788       0.130333       0.246335       0.000000
        5.533981       0.263100       0.202633       0.001313       0.000000       0.111150       0.000000       0.000000       0.000000       0.000000       0.000000       0.000000       0.045172       0.131406       0.246492       0.000000
        5.566343       0.261131       0.201354       0.001301       0.000000       0.111608       0.000000       0.000000       0.000000       0.000000       0.000000       0.000081       0.046549       0.132510       0.246761       0.000000
        5.598706       0.259224       0.200019       0.001291       0.000000       0.112151       0.000000       0.000000       0.000000       0.000000       0.000000       0.000339       0.047710       0.133481       0.247102       0.000000
        5.631068       0.257271       0.198608       0.001282       0.000000       0.112602       0.000000       0.000000       0.000000       0.000000       0.000000       0.000674       0.048835       0.134452       0.247520       0.000000
        5.663431       0.255379       0.197220       0.001274       0.000000       0.113090       0.000000       0.000000       0.000000       0.000000       0.000000       0.001051       0.049907       0.135392       0.247964       0.000000
        5.695793       0.253502       0.195823       0.001266       0.000000       0.113528       0.000000       0.000000       0.000000       0.000000       0.000000       0.001458       0.050941       0.136310       0.248428       0.000000
        5.728156       0.251617       0.194409       0.001258       0.000000       0.113938       0.000000       0.000000       0.000000       0.000000       0.000000       0.001901       0.051976       0.137237       0.248925       0.000000
        5.760518       0.249763       0.193003       0.001251       0.000000       0.114390       0.000000       0.000000       0.000000       0.000000       0.000000       0.002350       0.052950       0.138109       0.249393       0.000000
        5.792880       0.247948       0.191612       0.001244       0.000000       0.114812       0.000000       0.000000       0.000000       0.000000       0.000000       0.002815       0.053915       0.138992       0.249913       0.000000
        5.825243       0.246132       0.190213       0.001238       0.000000       0.115207       0.000000       0.000000       0.000000       0.000000       0.000000       0.003290       0.054854       0.139850       0.250421       0.000000
        5.857605       0.244331       0.188821       0.001231       0.000000       0.115603       0.000000       0.000000       0.000000       0.000000       0.000000       0.003781       0.055785       0.140700       0.250931       0.000000
        5.889968       0.242577       0.187454       0.001225       0.000000       0.115997       0.000000       0.000000       0.000000       0.000000       0.000000       0.004270       0.056682       0.141527       0.251444       0.000000
        5.922330       0.240822       0.186079       0.001219       0.000000       0.116386       0.000000       0.000000       0.000000       0.000000       0.000000       0.004773       0.057582       0.142368       0.251993       0.000000
        5.954693       0.239098       0.184749       0.001213       0.000000       0.116600       0.000000       0.000000       0.000000       0.000000       0.000168       0.005300       0.058475       0.143160       0.252436       0.000000
        5.987055       0.237419       0.183466       0.001205       0.000000       0.116664       0.000000       0.000000       0.000000       0.000000       0.000487       0.005845       0.059364       0.143931       0.252836       0.000000
        6.019418       0.235725       0.182175       0.001198       0.000000       0.116616       0.000000       0.000000       0.000000       0.000000       0.000846       0.006423       0.060284       0.144727       0.253253       0.000000
        6.051780       0.234070       0.180908       0.001192       0.000000       0.116547       0.000000       0.000000       0.000000       0.000000       0.001247       0.006988       0.061155       0.145469       0.253624       0.000000
        6.084143       0.232445       0.179672       0.001184       0.000000       0.116446       0.000000       0.000000       0.000000       0.000000       0.001665       0.007571       0.062028       0.146202       0.253971       0.000000
        6.116505       0.230797       0.178410       0.001178       0.000000       0.116319       0.000000       0.000000       0.000000       0.000000       0.002116       0.008162       0.062901       0.146941       0.254339       0.000000
        6.148868       0.229210       0.177193       0.001171       0.000000       0.116180       0.000000       0.000000       0.000000       0.000000       0.002573       0.008748       0.063750       0.147661       0.254702       0.000000
        6.181230       0.227654       0.175999       0.001164       0.000000       0.116028       0.000000       0.000000       0.000000       0.000000       0.003039       0.009335       0.064585       0.148366       0.255055       0.000000
        6.213592       0.226074       0.174783       0.001157       0.000000       0.115822       0.000000       0.000000       0.000000       0.000000       0.003498       0.009932       0.065420       0.149068       0.255407       0.000000
        6.245955       0.224495       0.173561       0.001151       0.000000       0.115612       0.000000       0.000000       0.000000       0.000000       0.003977       0.010538       0.066263       0.149790       0.255795       0.000000
        6.278317       0.222969       0.172377       0.001145       0.000000       0.115364       0.000000       0.000000       0.000000       0.000000       0.004424       0.011125       0.067064       0.150470       0.256153       0.000000
        6.310680       0.221474       0.171233       0.001138       0.000000       0.115216       0.000000       0.000000       0.000000       0.000000       0.004960       0.011718       0.067842       0.151091       0.256408       0.000000
        6.343042       0.219933       0.170025       0.001133       0.000000       0.114889       0.000000       0.000000       0.000000       0.000000       0.005379       0.012340       0.068689       0.151844       0.256875       0.000000
        6.375405       0.218483       0.168906       0.001126       0.000000       0.114745       0.000000       0.000000       0.000000       0.000000       0.005942       0.012920       0.069435       0.152445       0.257140       0.000000
        6.407767       0.217033       0.167788       0.001120       0.000000       0.114538       0.000000       0.000000       0.000000       0.000000       0.006459       0.013512       0.070189       0.153055       0.257413       0.000000
        6.440130       0.215569       0.166646       0.001114       0.000000       0.114275       0.000000       0.000000       0.000000       0.000000       0.006948       0.014112       0.070959       0.153701       0.257751       0.000000
        6.472492       0.214149       0.165541       0.001109       0.000000       0.114039       0.000000       0.000000       0.000000       0.000000       0.007453       0.014707       0.071712       0.154330       0.258076       0.000000
        6.504855       0.212685       0.164378       0.001103       0.000000       0.113657       0.000000       0.000000       0.000000       0.000000       0.007849       0.015315       0.072505       0.155042       0.258545       0.000000
        6.537217       0.211327       0.163324       0.001097       0.000000       0.113506       0.000000       0.000000       0.000000       0.000000       0.008441       0.015876       0.073185       0.155575       0.258760       0.000000
        6.569580       0.209946       0.162250       0.001092       0.000000       0.113252       0.000000       0.000000       0.000000       0.000000       0.008942       0.016472       0.073915       0.156173       0.259054       0.000000
        6.601942       0.208580       0.161178       0.001087       0.000000       0.112985       0.000000       0.000000       0.000000       0.000000       0.009438       0.017057       0.074632       0.156772       0.259375       0.000000
        6.634304       0.207191       0.160074       0.001082       0.000000       0.112641       0.000000       0.000000       0.000000       0.000000       0.009874       0.017657       0.075385       0.157440       0.259808       0.000000
        6.666667       0.205864       0.159038       0.001076       0.000000       0.112438       0.000000       0.000000       0.000000       0.000000       0.010441       0.018218       0.076043       0.157954       0.260019       0.000000
        6.699029       0.204536       0.157997       0.001071       0.000000       0.112157       0.000000       0.000000       0.000000       0.000000       0.010926       0.018807       0.076745       0.158532       0.260317       0.000000
        6.731392       0.203209       0.156942       0.001066       0.000000       0.111872       0.000000       0.000000       0.000000       0.000000       0.011427       0.019370       0.077422       0.159108       0.260649       0.000000
        6.763754       0.201942       0.155944       0.001061       0.000000       0.111604       0.000000       0.000000       0.000000       0.000000       0.011913       0.019928       0.078078       0.159644       0.260923       0.000000
        6.796117       0.200615       0.154896       0.001056       0.000000       0.111316       0.000000       0.000000       0.000000       0.000000       0.012418       0.020526       0.078785       0.160238       0.261257       0.000000
        6.828479       0.199364       0.153915       0.001051       0.000000       0.111059       0.000000       0.000000       0.000000       0.000000       0.012924       0.021080       0.079417       0.160736       0.261477       0.000000
        6.860841       0.198082       0.152887       0.001047       0.000000       0.110708       0.000000       0.000000       0.000000       0.000000       0.013346       0.021647       0.080094       0.161331       0.261862       0.000000
        6.893204       0.196861       0.151919       0.001042       0.000000       0.110454       0.000000       0.000000       0.000000       0.000000       0.013856       0.022201       0.080737       0.161869       0.262166       0.000000
        6.925566       0.195595       0.150913       0.001038       0.000000       0.110118       0.000000       0.000000       0.000000       0.000000       0.014295       0.022769       0.081392       0.162414       0.262470       0.000000
        6.957929       0.194374       0.149937       0.001033       0.000000       0.109816       0.000000       0.000000       0.000000       0.000000       0.014760       0.023325       0.082039       0.162970       0.262812       0.000000
        6.990291       0.193169       0.148976       0.001029       0.000000       0.109515       0.000000       0.000000       0.000000       0.000000       0.015219       0.023872       0.082665       0.163493       0.263110       0.000000
        7.022654       0.191978       0.148031       0.001025       0.000000       0.109241       0.000000       0.000000       0.000000       0.000000       0.015708       0.024414       0.083275       0.163992       0.263373       0.000000
        7.055017       0.190788       0.147088       0.001020       0.000000       0.108988       0.000000       0.000000       0.000000       0.000000       0.016236       0.024950       0.083868       0.164462       0.263596       0.000000
        7.087379       0.189613       0.146138       0.001016       0.000000       0.108649       0.000000       0.000000       0.000000       0.000000       0.016647       0.025492       0.084500       0.165025       0.263983       0.000000
        7.119742       0.188393       0.145145       0.001012       0.000000       0.108205       0.000000       0.000000       0.000000       0.000000       0.016952       0.026056       0.085166       0.165636       0.264436       0.000000
        7.152104       0.187279       0.144269       0.001008       0.000000       0.108039       0.000000       0.000000       0.000000       0.000000       0.017563       0.026564       0.085703       0.166030       0.264564       0.000000
        7.184466       0.186134       0.143353       0.001004       0.000000       0.107738       0.000000       0.000000       0.000000       0.000000       0.018017       0.027087       0.086282       0.166507       0.264829       0.000000
        7.216829       0.185020       0.142461       0.001000       0.000000       0.107426       0.000000       0.000000       0.000000       0.000000       0.018435       0.027633       0.086898       0.167036       0.265164       0.000000
        7.249191       0.183914       0.141587       0.000996       0.000000       0.107226       0.000000       0.000000       0.000000       0.000000       0.019015       0.028129       0.087416       0.167415       0.265289       0.000000
        7.281554       0.182762       0.140641       0.000992       0.000000       0.106770       0.000000       0.000000       0.000000       0.000000       0.019272       0.028687       0.088076       0.168043       0.265794       0.000000
        7.313916       0.181679       0.139784       0.000988       0.000000       0.106549       0.000000       0.000000       0.000000       0.000000       0.019814       0.029180       0.088589       0.168420       0.265924       0.000000
        7.346279       0.180603       0.138912       0.000985       0.000000       0.106225       0.000000       0.000000       0.000000       0.000000       0.020214       0.029692       0.089165       0.168925       0.266265       0.000000
        7.378641       0.179543       0.138073       0.000980       0.000000       0.105983       0.000000       0.000000       0.000000       0.000000       0.020715       0.030199       0.089695       0.169327       0.266430       0.000000
        7.411003       0.178474       0.137200       0.000977       0.000000       0.105655       0.000000       0.000000       0.000000       0.000000       0.021115       0.030698       0.090260       0.169836       0.266798       0.000000
        7.443366       0.177376       0.136307       0.000974       0.000000       0.105295       0.000000       0.000000       0.000000       0.000000       0.021492       0.031212       0.090831       0.170332       0.267127       0.000000
        7.475728       0.176384       0.135537       0.000969       0.000000       0.105131       0.000000       0.000000       0.000000       0.000000       0.022063       0.031710       0.091325       0.170670       0.267195       0.000000
        7.508091       0.175316       0.134661       0.000967       0.000000       0.104767       0.000000       0.000000       0.000000       0.000000       0.022422       0.032200       0.091873       0.171158       0.267543       0.000000
        7.540453       0.174278       0.133811       0.000963       0.000000       0.104406       0.000000       0.000000       0.000000       0.000000       0.022761       0.032713       0.092455       0.171695       0.267953       0.000000
        7.572816       0.173286       0.133022       0.000960       0.000000       0.104158       0.000000       0.000000       0.000000       0.000000       0.023227       0.033192       0.092948       0.172067       0.268110       0.000000
        7.605178       0.172249       0.132161       0.000957       0.000000       0.103747       0.000000       0.000000       0.000000       0.000000       0.023502       0.033694       0.093528       0.172623       0.268571       0.000000
        7.637540       0.171288       0.131397       0.000953       0.000000       0.103531       0.000000       0.000000       0.000000       0.000000       0.024005       0.034155       0.093996       0.172973       0.268709       0.000000
        7.669903       0.170280       0.130581       0.000950       0.000000       0.103226       0.000000       0.000000       0.000000       0.000000       0.024414       0.034632       0.094503       0.173393       0.268957       0.000000
        7.702265       0.169304       0.129792       0.000947       0.000000       0.102960       0.000000       0.000000       0.000000       0.000000       0.024866       0.035102       0.094999       0.173799       0.269192       0.000000
        7.734628       0.168358       0.129030       0.000944       0.000000       0.102701       0.000000       0.000000       0.000000       0.000000       0.025304       0.035568       0.095490       0.174201       0.269421       0.000000
        7.766990       0.167397       0.128245       0.000940       0.000000       0.102375       0.000000       0.000000       0.000000       0.000000       0.025654       0.036021       0.095975       0.174615       0.269691       0.000000
