        0.032362       0.000000       1.100000       9.971300       0.983412
        0.064725       0.000000       1.100000       9.971300       0.967245
        0.097087       0.000000       1.100000       9.971300       0.951445
        0.129450       0.000000       1.100000       9.971300       0.936020
        0.161812       0.000000       1.100000       9.971300       0.920935
        0.194175       0.000000       1.100000       9.971300       0.906172
        0.226537       0.000000       1.100000       9.971300       0.891654
        0.258900       0.000000       1.100000       9.971300       0.877515
        0.291262       0.000000       1.100000       9.971300       0.863626
        0.323625       0.000000       1.100000       9.971300       0.850008
        0.355987       0.000000       1.100000       9.971300       0.836618
        0.388350       0.000000       1.100000       9.971300       0.823549
        0.420712       0.000000       1.100000       9.971300       0.810693
        0.453074       0.000000       1.100000       9.971300       0.798075
        0.485437       0.000000       1.100000       9.971300       0.785691
        0.517799       0.000000       1.100000       9.971300       0.773532
        0.550162       0.000000       1.100000       9.971300       0.761596
        0.582524       0.000000       1.100000       9.971300       0.749874
        0.614887       0.000000       1.100000       9.971300       0.738367
        0.647249       0.000000       1.100000       9.971300       0.727066
        0.679612       0.000000       1.100000       9.971300       0.715932
        0.711974       0.000000       1.100000       9.971300       0.705033
        0.744337       0.000000       1.100000       9.971300       0.694327
        0.776699       0.000000       1.100000       9.971300       0.683811
        0.809062       0.000000       1.100000       9.971300       0.673482
        0.841424       0.000000       1.100000       9.971300       0.663338
        0.873786       0.000000       1.100000       9.971300       0.653400
        0.906149       0.000000       1.100000       9.971300       0.643620
        0.938511       0.000000       1.100000       9.971300       0.634024
        0.970874       0.000000       1.100000       9.971300       0.624614
        1.003236       0.000000       1.100000       9.971300       0.615417
        1.035599       0.000000       1.100000       9.971300       0.606498
        1.067961       0.000000       1.100000       9.971300       0.598023
        1.100324       0.000000       1.100000       9.971300       0.590312
        1.132686       0.000000       1.100000       9.971300       0.583754
        1.165049       0.000000       1.100000       9.971300       0.578533
        1.197411       0.000000       1.100000       9.971300       0.574493
        1.229774       0.000000       1.100000       9.971300       0.571347
        1.262136       0.000000       1.100000       9.971300       0.568702
        1.294498       0.000000       1.100000       9.971300       0.566397
        1.326861       0.000000       1.100000       9.971300       0.564489
        1.359223       0.000000       1.100000       9.971300       0.562881
        1.391586       0.000000       1.100000       9.971300       0.561499
        1.423948       0.000000       1.100000       9.971300       0.560287
        1.456311       0.000000       1.100000       9.971300       0.559211
        1.488673       0.000000       1.100000       9.971300       0.558262
        1.521036       0.000000       1.100000       9.971300       0.557363
        1.553398       0.000000       1.100000       9.971300       0.556583
        1.585761       0.000000       1.100000       9.971300       0.555839
        1.618123       0.000000       1.100000       9.971300       0.555167
        1.650485       0.000000       1.100000       9.971300       0.554529
        1.682848       0.000000       1.100000       9.971300       0.553941
        1.715210       0.000000       1.100000       9.971300       0.553389
        1.747573       0.000000       1.100000       9.971300       0.552857
        1.779935       0.000000       1.100000       9.971300       0.552396
        1.812298       0.000000       1.100000       9.971300       0.551904
        1.844660       0.000000       1.100000       9.971300       0.551467
        1.877023       0.000000       1.100000       9.971300       0.551047
        1.909385       0.000000       1.100000       9.971300       0.550638
        1.941748       0.000000       1.100000       9.971300       0.550260
        1.974110       0.000000       1.100000       9.971300       0.549891
        2.006473       0.000000       1.100000       9.971300       0.549538
        2.038835       0.000000       1.100000       9.971300       0.549195
        2.071197       0.000000       1.100000       9.971300       0.548873
        2.103560       0.000000       1.100000       9.971300       0.548557
        2.135922       0.000000       1.100000       9.971300       0.548257
        2.168285       0.000000       1.100000       9.971300       0.547957
        2.200647       0.000000       1.100000       9.971300       0.547674
        2.233010       0.000000       1.100000       9.971300       0.547400
        2.265372       0.000000       1.100000       9.971300       0.547134
        2.297735       0.000000       1.100000       9.971300       0.546875
        2.330097       0.000000       1.100000       9.971300       0.546632
        2.362460       0.000000       1.100000       9.971300       0.546379
        2.394822       0.000000       1.100000       9.971300       0.546141
        2.427185       0.000000       1.100000       9.971300       0.545911
        2.459547       0.000000       1.100000       9.971300       0.545687
        2.491909       0.000000       1.100000       9.971300       0.545466
        2.524272       0.000000       1.100000       9.971300       0.545252
        2.556634       0.000000       1.100000       9.971300       0.545042
        2.588997       0.000000       1.100000       9.971300       0.544839
        2.621359       0.000000       1.100000       9.971300       0.544637
        2.653722       0.000000       1.100000       9.971300       0.544439
        2.686084       0.000000       1.100000       9.971300       0.544250
        2.718447       0.000000       1.100000       9.971300       0.544067
        2.750809       0.000000       1.100000       9.971300       0.543884
        2.783172       0.000000       1.100000       9.971300       0.543702
        2.815534       0.000000       1.100000       9.971300       0.543530
        2.847897       0.000000       1.100000       9.971300       0.543365
        2.880259       0.000000       1.100000       9.971300       0.543189
        2.912621       0.000000       1.100000       9.971300       0.543029
        2.944984       0.000000       1.100000       9.971300       0.542863
        2.977346       0.000000       1.100000       9.971300       0.542737
        3.009709       0.000000       1.100000       9.971300       0.542582
        3.042071       0.000000       1.100000       9.971300       0.542434
        3.074434       0.000000       1.100000       9.971300       0.542298
        3.106796       0.000000       1.100000       9.971300       0.542152
        3.139159       0.000000       1.100000       9.971300       0.542030
        3.171521       0.000000       1.100000       9.971300       0.541884
        3.203883       0.000000       1.100000       9.971300       0.541764
        3.236246       0.000000       1.100000       9.971300       0.541623
        3.268609       0.000000       1.100000       9.971300       0.541497
        3.300971       0.000000       1.100000       9.971300       0.541369
        3.333333       0.000000       1.100000       9.971300       0.541243
        3.365696       0.000000       1.100000       9.971300       0.541112
        3.398058       0.000000       1.100000       9.971300       0.540978
        3.430421       0.000000       1.100000       9.971300       0.540862
        3.462783       0.000000       1.100000       9.971300       0.540738
        3.495146       0.000000       1.100000       9.971300       0.540600
        3.527508       0.000000       1.100000       9.971300       0.540494
        3.559871       0.000000       1.100000       9.971300       0.540379
        3.592233       0.000000       1.100000       9.971300       0.540264
        3.624596       0.000000       1.100000       9.971300       0.540146
        3.656958       0.000000       1.100000       9.971300       0.540024
        3.689321       0.000000       1.100000       9.971300       0.539941
        3.721683       0.000000       1.100000       9.971300       0.539804
        3.754045       0.000000       1.100000       9.971300       0.539693
        3.786408       0.000000       1.100000       9.971300       0.539582
        3.818770       0.000000       1.100000       9.971300       0.539480
        3.851133       0.000000       1.100000       9.971300       0.539370
        3.883495       0.000000       1.100000       9.971300       0.539258
        3.915858       0.000000       1.100000       9.971300       0.539161
        3.948220       0.000000       1.100000       9.971300       0.539056
        3.980583       0.000000       1.100000       9.971300       0.538950
        4.012945       0.000000       1.100000       9.971300       0.538849
        4.045308       0.000000       1.100000       9.971300       0.538777
        4.077670       0.000000       1.100000       9.971300       0.538620
        4.110032       0.000000       1.100000       9.971300       0.538545
        4.142395       0.000000       1.100000       9.971300       0.538450
        4.174757       0.000000       1.100000       9.971300       0.538353
        4.207120       0.000000       1.100000       9.971300       0.538240
        4.239482       0.000000       1.100000       9.971300       0.538154
        4.271845       0.000000       1.100000       9.971300       0.538100
        4.304207       0.000000       1.100000       9.971300       0.537983
        4.336570       0.000000       1.100000       9.971300       0.537878
        4.368932       0.000000       1.100000       9.971300       0.537781
        4.401295       0.000000       1.100000       9.971300       0.537695
        4.433657       0.000000       1.100000       9.971300       0.537611
        4.466020       0.000000       1.100000       9.971300       0.537532
        4.498382       0.000000       1.100000       9.971300       0.537438
        4.530744       0.000000       1.100000       9.971300       0.537340
        4.563107       0.000000       1.100000       9.971300       0.537210
        4.595469       0.000000       1.100000       9.971300       0.537195
        4.627832       0.000000       1.100000       9.971300       0.537055
        4.660194       0.000000       1.100000       9.971300       0.536976
        4.692557       0.000000       1.100000       9.971300       0.536886
        4.724919       0.000000       1.100000       9.971300       0.536804
        4.757281       0.000000       1.100000       9.971300       0.536718
        4.789644       0.000000       1.100000       9.971300       0.536632
        4.822007       0.000000       1.100000       9.971300       0.536539
        4.854369       0.000000       1.100000       9.971300       0.536453
        4.886732       0.000000       1.100000       9.971300       0.536371
        4.919094       0.000000       1.100000       9.971300       0.536287
        4.951456       0.000000       1.100000       9.971300       0.536204
        4.983819       0.000000       1.100000       9.971300       0.536116
        5.016181       0.000000       1.100000       9.971300       0.535990
        5.048544       0.000000       1.100000       9.971300       0.535913
        5.080906       0.000000       1.100000       9.971300       0.535825
        5.113269       0.000000       1.100000       9.971300       0.535745
        5.145631       0.000000       1.100000       9.971300       0.535707
        5.177993       0.000000       1.100000       9.971300       0.535584
        5.210356       0.000000       1.100000       9.971300       0.535556
        5.242719       0.000000       1.100000       9.971300       0.535426
        5.275081       0.000000       1.100000       9.971300       0.535399
        5.307444       0.000000       1.100000       9.971300       0.535270
        5.339806       0.000000       1.100000       9.971300       0.535201
        5.372168       0.000000       1.100000       9.971300       0.535171
        5.404531       0.000000       1.100000       9.971300       0.535093
        5.436893       0.000000       1.100000       9.971300       0.535023
        5.469256       0.000000       1.100000       9.971300       0.534943
        5.501618       0.000000       1.100000       9.971300       0.534868
        5.533981       0.000000       1.100000       9.971300       0.534791
        5.566343       0.000000       1.100000       9.971300       0.534663
        5.598706       0.000000       1.100000       9.971300       0.534645
        5.631068       0.000000       1.100000       9.971300       0.534555
        5.663431       0.000000       1.100000       9.971300       0.534505
        5.695793       0.000000       1.100000       9.971300       0.534439
        5.728156       0.000000       1.100000       9.971300       0.534340
        5.760518       0.000000       1.100000       9.971300       0.534292
        5.792880       0.000000       1.100000       9.971300       0.534221
        5.825243       0.000000       1.100000       9.971300       0.534148
        5.857605       0.000000       1.100000       9.971300       0.534074
        5.889968       0.000000       1.100000       9.971300       0.534014
        5.922330       0.000000       1.100000       9.971300       0.533933
        5.954693       0.000000       1.100000       9.971300       0.533876
        5.987055       0.000000       1.100000       9.971300       0.533830
        6.019418       0.000000       1.100000       9.971300       0.533739
        6.051780       0.000000       1.100000       9.971300       0.533675
        6.084143       0.000000       1.100000       9.971300       0.533614
        6.116505       0.000000       1.100000       9.971300       0.533543
        6.148868       0.000000       1.100000       9.971300       0.533487
        6.181230       0.000000       1.100000       9.971300       0.533433
        6.213592       0.000000       1.100000       9.971300       0.533360
        6.245955       0.000000       1.100000       9.971300       0.533247
        6.278317       0.000000       1.100000       9.971300       0.533174
        6.310680       0.000000       1.100000       9.971300       0.533168
        6.343042       0.000000       1.100000       9.971300       0.533002
        6.375405       0.000000       1.100000       9.971300       0.533014
        6.407767       0.000000       1.100000       9.971300       0.532997
        6.440130       0.000000       1.100000       9.971300       0.532923
        6.472492       0.000000       1.100000       9.971300       0.532867
        6.504855       0.000000       1.100000       9.971300       0.532687
        6.537217       0.000000       1.100000       9.971300       0.532740
        6.569580       0.000000       1.100000       9.971300       0.532683
        6.601942       0.000000       1.100000       9.971300       0.532630
        6.634304       0.000000       1.100000       9.971300       0.532487
        6.666667       0.000000       1.100000       9.971300       0.532503
        6.699029       0.000000       1.100000       9.971300       0.532458
        6.731392       0.000000       1.100000       9.971300       0.532387
        6.763754       0.000000       1.100000       9.971300       0.532392
        6.796117       0.000000       1.100000       9.971300       0.532269
        6.828479       0.000000       1.100000       9.971300       0.532290
        6.860841       0.000000       1.100000       9.971300       0.532169
        6.893204       0.000000       1.100000       9.971300       0.532139
        6.925566       0.000000       1.100000       9.971300       0.532050
        6.957929       0.000000       1.100000       9.971300       0.531987
        6.990291       0.000000       1.100000       9.971300       0.531935
        7.022654       0.000000       1.100000       9.971300       0.531887
        7.055017       0.000000       1.100000       9.971300       0.531893
        7.087379       0.000000       1.100000       9.971300       0.531774
        7.119742       0.000000       1.100000       9.971300       0.531572
        7.152104       0.000000       1.100000       9.971300       0.531674
        7.184466       0.000000       1.100000       9.971300       0.531612
        7.216829       0.000000       1.100000       9.971300       0.531547
        7.249191       0.000000       1.100000       9.971300       0.531608
        7.281554       0.000000       1.100000       9.971300       0.531352
        7.313916       0.000000       1.100000       9.971300       0.531395
        7.346279       0.000000       1.100000       9.971300       0.531342
        7.378641       0.000000       1.100000       9.971300       0.531366
        7.411003       0.000000       1.100000       9.971300       0.531248
        7.443366       0.000000       1.100000       9.971300       0.531134
        7.475728       0.000000       1.100000       9.971300       0.531242
        7.508091       0.000000       1.100000       9.971300       0.531096
        7.540453       0.000000       1.100000       9.971300       0.530964
        7.572816       0.000000       1.100000       9.971300       0.530994
        7.605178       0.000000       1.100000       9.971300       0.530803
        7.637540       0.000000       1.100000       9.971300       0.530879
        7.669903       0.000000       1.100000       9.971300       0.530794
        7.702265       0.000000       1.100000       9.971300       0.530771
        7.734628       0.000000       1.100000       9.971300       0.530772
        7.766990       0.000000       1.100000       9.971300       0.530688
