        9.419523       0.011888       0.012204
       18.861045       0.030903       0.031512
       28.318054       0.072020       0.072909
       37.789964       0.154473       0.155644
       47.277006       0.287786       0.289214
       56.779619       0.468295       0.469999
       66.298149       0.682553       0.684500
       75.832526       0.913709       0.915906
       85.381512       1.147315       1.149768
       94.947081       1.375113       1.377797
      104.530458       1.596170       1.599108
      114.133283       1.813464       1.816634
      123.757356       2.035502       2.038934
      133.405292       2.281548       2.285225
      143.078499       2.570682       2.574601
      152.786089       2.923312       2.927461
      162.524429       3.359419       3.363815
      172.306864       3.899898       3.904522
      182.131129       4.563917       4.568785
      192.008699       5.370897       5.376019
      201.939926       6.338017       6.343352
      211.931790       7.481880       7.487517
      221.995634       8.818398       8.824212
      232.129459      10.360065      10.366092
      242.338846      12.118833      12.125198
      252.634224      14.106169      14.112812
      263.021738      16.331374      16.338219
      273.506437      18.802214      18.809173
      284.087205      21.523434      21.530745
      294.775168      24.501480      24.509007
      305.574376      27.740088      27.747807
      316.483229      31.240036      31.248119
      327.513620      34.495971      34.504252
      338.633567      37.525626      37.530165
      349.848799      40.590311      40.603030
      361.157817      43.734415      43.743818
      372.552059      46.970726      46.980038
      384.034357      50.300470      50.307587
      395.601212      53.366288      53.380369
      407.251792      56.471170      56.486937
      418.983265      59.662916      59.680395
      430.789400      62.952039      62.968339
      442.678427      66.342161      66.356266
      454.642016      69.837001      69.843964
      466.685632      73.435588      73.454321
      478.811873      77.143384      77.150680
      491.026003      80.957418      80.976766
      503.321026      84.882013      84.899995
      515.686713      88.911222      88.933311
      528.141356      93.023814      93.047052
      540.676758      97.242011      97.259086
      553.306046     101.571544     101.580773
      566.017093     106.012513     106.023691
      578.808733     110.568707     110.571822
      591.679267     115.232548     115.256719
      604.642088     120.019634     120.025281
      617.684068     124.915316     124.922662
      630.820535     129.927556     129.953360
      644.056285     135.061302     135.077302
      657.350340     140.298362     140.331862
      670.764334     145.662617     145.669281
      684.252957     151.137833     151.153675
      697.813344     156.722944     156.730140
      711.469150     162.422630     162.432525
      725.220508     168.232078     168.256982
      739.064086     174.162699     174.180906
      753.003149     180.205646     180.217673
      767.018175     186.360204     186.379677
      781.149008     192.629121     192.670017
      795.371063     199.012481     199.037934
      809.676609     205.506285     205.530522
      824.067246     212.102854     212.129207
      838.511789     218.812716     218.833839
      853.121249     225.652829     225.661059
      867.794943     232.587495     232.622761
      882.555261     239.647682     239.655661
      897.426856     246.808401     246.836836
      912.335832     254.064039     254.079031
      927.409925     261.459073     261.460839
      942.518468     268.936950     268.967334
      957.753480     276.544927     276.558421
      973.063322     284.250556     284.279908
      988.496035     292.079623     292.106975
     1004.028764     300.008572     300.060813
     1019.629393     308.051565     308.106670
     1035.309715     316.195107     316.264372
     1051.136764     324.469083     324.489806
     1067.041906     332.846941     332.901447
     1083.000088     341.309689     341.376955
     1099.092403     349.903438     349.973669
     1115.251685     358.593439     358.642614
     1131.571352     367.416806     367.481473
     1147.894618     376.306073     376.334525
     1164.429511     385.355926     385.399671
     1181.005183     394.479143     394.516191
     1197.613639     403.681319     403.669525
     1214.399072     413.026591     413.048313
     1231.265931     422.471146     422.496533
     1248.204355     431.997826     432.073455
     1265.242861     441.671466     441.649277
     1282.394510     451.427864     451.395980
     1299.615858     461.255094     461.334753
     1316.983532     471.245474     471.226084
     1334.415175     481.318547     481.314082
     1351.958627     491.490903     491.527184
     1369.554454     501.741586     501.825077
     1387.323926     512.149157     512.152988
     1405.107924     522.595909     522.706686
     1423.014661     533.193884     533.230999
     1441.047068     543.869887     543.991159
     1459.127185     554.665796     554.730364
     1477.374950     565.589841     565.596171
     1495.738524     576.611237     576.645820
     1514.106096     587.701066     587.736248
     1532.664372     598.924160     598.999323
     1551.272090     610.240741     610.295247
     1570.008277     621.610762     621.649476
     1588.692223     632.756363     632.826661
     1607.675485     644.004845     644.034496
     1626.637825     655.238068     655.230005
     1645.688121     666.478687     666.599626
     1664.831836     677.838446     677.939862
     1684.149331     689.303686     689.351862
     1703.508804     700.796845     700.900060
     1722.999412     712.374961     712.494301
     1742.469497     724.020977     724.076016
     1762.119091     735.736891     735.803324
     1781.843848     747.549489     747.644508
     1801.805153     759.535201     759.611896
     1821.661710     771.487729     771.506453
     1841.584234     783.499294     783.611571
     1861.714520     795.652122     795.802713
     1881.861731     807.910097     807.924223
     1902.215905     820.223310     820.377366
     1922.617255     832.695444     832.596561
     1943.048190     845.129664     845.276590
     1963.728600     857.818356     857.790170
     1984.355437     870.462137     870.469200
     2004.985206     883.169685     883.227923
     2025.953738     896.076468     896.123777
