   9.9999997764825821E-003   16792183630989.527        8.6291030419059167E-002   43.018740000000001     
   1.9999999552965164E-002   33623585529130.227        7.0874119116025591E-002   38.245229999999999     
   2.9999999329447746E-002   50482596122201.055        5.7346980075074182E-002   29.793350000000000     
   3.9999999105930328E-002   67368170455899.797        6.2207344904176412E-002   20.486910000000002     
   4.9999997019767761E-002   84280720572597.828        8.6019034687733739E-002   16.318590000000000     
   5.9999998658895493E-002   101221029724010.16       0.11797964414276635        14.795959999999999     
   7.0000000298023224E-002   118189714117647.14       0.15129816864864093        14.191940000000001     
   7.9999998211860657E-002   135186647542331.98       0.18180644011400068        13.917800000000000     
   8.9999996125698090E-002   152209625014563.66       0.20756705630632252        13.768260000000000     
   9.9999994039535522E-002   169262165598919.53       0.22838816996133648        13.667719999999999     
  0.10999999940395355        186346452006339.97       0.24509678038339147        13.587020000000001     
  0.11999999731779099        203465409366452.44       0.25871656133034077        13.514419999999999     
  0.12999999523162842        220622244927985.75       0.27035394148287928        13.443370000000000     
  0.14000000059604645        237821621080295.44       0.28133512905320390        13.366650000000000     
  0.14999999105930328        255066047198544.19       0.29265979044595397        13.278919999999999     
  0.15999999642372131        272371767403607.94       0.30525057504804642        13.176420000000000     
  0.17000000178813934        289732307804534.31       0.32001880205186972        13.058500000000000     
  0.17999999225139618        307171455496061.06       0.33797159295733120        12.928110000000000     
  0.18999999761581421        324685171720529.88       0.36009438967422869        12.792560000000000     
  0.19999998807907104        342293917536959.94       0.38732587721635497        12.661630000000001     
  0.20999999344348907        359998316577048.38       0.42036362914169972        12.545640000000001     
  0.21999999880790710        377810811777992.62       0.45963755475165247        12.452600000000000     
  0.22999998927116394        395751626624832.12       0.50527709727327119        12.386939999999999     
  0.23999999463558197        413817197507868.06       0.55703599894200784        12.349449999999999     
  0.25000000000000000        432017472837509.06       0.61444387752775143        12.337890000000000     
  0.25999999046325684        450371042777682.44       0.67686948065829455        12.348260000000000     
  0.26999998092651367        468888865428211.31       0.74352739624425457        12.375850000000000     
  0.28000000119209290        487579938903584.38       0.81355679210220777        12.415900000000001     
  0.28999999165534973        506442273521720.00       0.88603206860681505        12.464110000000000     
  0.29999998211860657        525495706709940.12       0.96012883247778857        12.516830000000001     
  0.31000000238418579        544747454777884.25        1.0350276037914381        12.571090000000000     
  0.31999999284744263        564194666837793.62        1.1099411613038834        12.624570000000000     
  0.32999998331069946        583858546367374.50        1.1740819286584929        12.668410000000000     
  0.34000000357627869        603682075611450.12        1.2287437272809794        12.703040000000000     
  0.34999999403953552        623675470251156.50        1.2793098228974802        12.731780000000001     
  0.35999998450279236        643836057579219.50        1.3267674741584741        12.755200000000000     
  0.37000000476837158        664148573467430.50        1.3714907632350783        12.773640000000000     
  0.37999999523162842        684618066362862.38        1.4136563268830300        12.787419999999999     
  0.38999998569488525        705238299948542.75        1.4492419651005684        12.795959999999999     
  0.39999997615814209        726007789387097.25        1.4822760521770335        12.800829999999999     
  0.40999999642372131        746921486231452.88        1.5134313850331313        12.802370000000000     
  0.41999998688697815        767968283898049.00        1.5429211336417463        12.800789999999999     
  0.42999997735023499        789162852580144.75        1.5708720227038098        12.796300000000000     
  0.43999999761581421        810490343903996.38        1.5973984267364902        12.789130000000000     
  0.44999998807907104        831960498402779.75        1.6225702158536575        12.779489999999999     
  0.45999997854232788        853577948769102.88        1.6464947985455651        12.767550000000000     
  0.46999999880790710        875352079175172.12        1.6692162065891689        12.753530000000000     
  0.47999998927116394        897270416987042.50        1.6908191446511460        12.737579999999999     
  0.48999997973442078        919314728401756.50        1.7113283525013849        12.719900000000001     
  0.50000000000000000        941517620448055.38        1.7306994196630414        12.700740000000000     
  0.50999999046325684        963864482326175.88        1.7490947501582494        12.680160000000001     
  0.51999998092651367        986378715073137.88        1.7665843419769129        12.658250000000001     
  0.52999997138977051        1009038699456770.4        1.7832097377640537        12.635130000000000     
  0.53999996185302734        1031842356704749.2        1.7990240685047927        12.610889999999999     
  0.55000001192092896        1054786657748830.5        1.8140393047323484        12.585680000000000     
  0.56000000238418579        1077895478773994.9        1.8283396134642045        12.559510000000000     
  0.56999999284744263        1101145418743221.4        1.8419134514940927        12.532539999999999     
  0.57999998331069946        1124563798664199.2        1.8548149079298424        12.504830000000000     
  0.58999997377395630        1148159171200205.0        1.8670839883877448        12.476419999999999     
  0.59999996423721313        1171858482352418.0        1.8787068517371257        12.447490000000000     
  0.61000001430511475        1195771610086543.8        1.8897632510284936        12.417960000000001     
  0.62000000476837158        1219817779249415.2        1.9002434704988560        12.388000000000000     
  0.62999999523162842        1243991882000464.5        1.9101720489731682        12.357650000000000     
  0.63999998569488525        1268336087721124.2        1.9195815696238521        12.326960000000000     
  0.64999997615814209        1292850633985374.5        1.9284865434898346        12.295999999999999     
  0.65999996662139893        1317529581443717.5        1.9369250942207756        12.264740000000000     
  0.66999995708465576        1342378750658661.2        1.9449042167170576        12.233280000000001     
  0.68000000715255737        1367363337042149.5        1.9524429377505212        12.201670000000000     
  0.68999999761581421        1392554375214173.8        1.9595631979224442        12.169910000000000     
  0.69999998807907104        1417908032775441.2        1.9662821730394335        12.138040000000000     
  0.70999997854232788        1443410530435118.0        1.9726128799399725        12.106120000000001     
  0.71999996900558472        1469064719080963.0        1.9785653186074958        12.074210000000001     
  0.72999995946884155        1494815006401678.8        1.9841657106665409        12.042270000000000     
  0.74000000953674316        1520859291522524.2        1.9894415074870675        12.010249999999999     
  0.75000000000000000        1547018087301683.2        1.9943788004587779        11.978339999999999     
  0.75999999046325684        1573331306167779.0        1.9990138547750185        11.946420000000000     
  0.76999998092651367        1599842899307093.8        2.0033431731051277        11.914610000000000     
  0.77999997138977051        1626421131947771.2        2.0073776068818483        11.882960000000001     
  0.78999996185302734        1653293718749548.8        2.0111531164396408        11.851290000000001     
  0.79999995231628418        1680227718425131.0        2.0146520736175648        11.819850000000001     
  0.81000000238418579        1707387175807641.5        2.0179081719723291        11.788449999999999     
  0.81999999284744263        1734680030979867.2        2.0209176201220966        11.757239999999999     
  0.82999998331069946        1762191929361563.5        2.0237004809611530        11.726129999999999     
  0.83999997377395630        1789882127015177.0        2.0262576669439141        11.695209999999999     
  0.84999996423721313        1817693368611551.2        2.0286032279999979        11.664450000000000     
  0.85999995470046997        1845646679447907.5        2.0307425024294643        11.633889999999999     
  0.87000000476837158        1873861559236136.5        2.0326913099268076        11.603440000000001     
  0.87999999523162842        1902215657376589.2        2.0344508707308169        11.573190000000000     
  0.88999998569488525        1930664309961043.2        2.0360260978090996        11.543229999999999     
  0.89999997615814209        1959352080756269.2        2.0374330990774241        11.513380000000000     
  0.90999996662139893        1988159232476397.0        2.0386730248049902        11.483779999999999     
  0.91999995708465576        2017252304481337.8        2.0397576473621002        11.454310000000000     
  0.93000000715255737        2046351790983735.5        2.0406856655581502        11.425179999999999     
  0.93999999761581421        2075828544966219.8        2.0414730261360141        11.396100000000001     
  0.94999998807907104        2105377996586554.2        2.0421176075968877        11.367350000000000     
  0.95999997854232788        2134985891405944.8        2.0426270503904740        11.338910000000000     
  0.96999996900558472        2164909284470646.5        2.0430102727642088        11.310580000000000     
  0.97999995946884155        2194977835237068.8        2.0432701328562772        11.282489999999999     
  0.98999994993209839        2225173963230699.5        2.0434118391300604        11.254709999999999     
   1.0000000000000000        2255548509283237.0        2.0434409921550714        11.227029999999999     
   1.0099999904632568        2286124755644712.0        2.0433619240534031        11.199640000000000     
   1.0199999809265137        2316825253197676.5        2.0431800203186987        11.172580000000000     
   1.0299999713897705        2347786606980574.0        2.0428974645326190        11.145590000000000     
   1.0399999618530273        2378861996273825.5        2.0425202573049122        11.118900000000000     
   1.0499999523162842        2410136710136215.5        2.0420521467299442        11.092440000000000     
   1.0599999427795410        2441504790572707.0        2.0414982509715762        11.066280000000001     
   1.0699999332427979        2473182429905012.5        2.0408576763256110        11.040220000000000     
   1.0799999237060547        2504885964801127.5        2.0401413043651977        11.014550000000000     
   1.0900000333786011        2536808305332733.0        2.0393449963284520        10.988989999999999     
   1.1000000238418579        2568954678127387.0        2.0384773252895263        10.963720000000000     
   1.1100000143051147        2601186102406846.5        2.0375380292163721        10.938630000000000     
   1.1200000047683716        2633716394753023.5        2.0365291234424552        10.913710000000000     
   1.1299999952316284        2666453138887736.5        2.0354562003491110        10.889030000000000     
   1.1399999856948853        2699197010241846.5        2.0343250985660410        10.864649999999999     
   1.1499999761581421        2732280849961198.0        2.0331319150402991        10.840430000000000     
   1.1599999666213989        2765452829627093.0        2.0318832589594424        10.816440000000000     
   1.1699999570846558        2798853830609614.5        2.0305863441206409        10.792780000000000     
   1.1799999475479126        2832161702592014.5        2.0292770375177098        10.770000000000000     
   1.1899999380111694        2866003165733276.5        2.0279201149501782        10.747420000000000     
   1.1999999284744263        2899807329759693.5        2.0265316996706075        10.725280000000000     
   1.2099999189376831        2933768292612846.5        2.0251112716871975        10.703510000000000     
   1.2200000286102295        2967895794825912.0        2.0236463025222595        10.681900000000001     
   1.2300000190734863        3002333093508770.5        2.0221398474136567        10.660470000000000     
   1.2400000095367432        3036845227995298.5        2.0206037361716134        10.639350000000000     
   1.2500000000000000        3071591135278051.0        2.0190319883364825        10.618449999999999     
   1.2599999904632568        3106300456167898.5        2.0174283278675702        10.597780000000000     
   1.2699999809265137        3141329789208675.5        2.0157940229919200        10.577340000000000     
   1.2799999713897705        3176493113974117.5        2.0141266948399075        10.557079999999999     
   1.2899999618530273        3212078132553887.5        2.0124166291911290        10.536870000000000     
   1.2999999523162842        3247476417985454.0        2.0106946330263793        10.517049999999999     
   1.3099999427795410        3282992302537072.0        2.0089489856443010        10.497460000000000     
   1.3199999332427979        3318878564923358.5        2.0071689137833442        10.477969999999999     
   1.3299999237060547        3354794999205093.5        2.0053607041535897        10.458629999999999     
   1.3399999141693115        3391080385877617.5        2.0035329811448714        10.439510000000000     
   1.3500000238418579        3427449873739027.0        2.0016713696195230        10.420470000000000     
   1.3600000143051147        3463872103023975.5        1.9998064233853303        10.401780000000000     
   1.3700000047683716        3500739070799302.0        1.9978952866626547        10.383020000000000     
   1.3799999952316284        3537510533834707.5        1.9959840370447632        10.364620000000000     
   1.3899999856948853        3574287223497671.0        1.9940573560924586        10.346430000000000     
   1.3999999761581421        3611667826217547.5        1.9920956233240044        10.328239999999999     
