        0.010000      -0.106780       3.285171       2.013884      -0.817756       0.000000
        0.020000      -0.099741       6.398571       3.944066      -1.559267       0.000000
        0.030000       0.312279       9.353869       5.795954      -2.227695       0.000000
        0.040000       1.140698      12.165200       7.576717      -2.829755       0.000000
        0.050000       2.189071      14.847321       9.294420      -3.372596       0.000000
        0.060000       3.174489      17.414509      10.957300      -3.862731       0.000000
        0.070000       3.836194      19.879663      12.573198      -4.305707       0.000000
        0.080000       3.998015      22.253788      14.149214      -4.706138       0.000000
        0.090000       3.583771      24.545643      15.691400      -5.067768       0.000000
        0.100000       2.601914      26.762950      17.205523      -5.393873       0.000000
        0.110000       1.117482      28.911439      18.696322      -5.687152       0.000000
        0.120000      -0.754157      30.996414      20.167828      -5.945042       0.000000
        0.130000      -2.886664      33.022320      21.623448      -6.164997       0.000000
        0.140000      -5.208058      34.990383      23.066034      -6.355196       0.000000
        0.150000      -7.641092      36.901318      24.497656      -6.518988       0.000000
        0.160000     -10.121171      38.756957      25.921170      -6.658906       0.000000
        0.170000     -12.594040      40.555908      27.336930      -6.776631       0.000000
        0.180000     -15.021267      42.299999      28.747700      -6.874060       0.000000
        0.190000     -17.370896      43.987678      30.153437      -6.952509       0.000000
        0.200000     -19.623140      45.619995      31.556083      -7.013515       0.000000
        0.210000     -21.761527      47.195919      32.955586      -7.058261       0.000000
        0.220000     -23.776864      48.715738      34.352830      -7.088027       0.000000
        0.230000     -25.665513      50.180504      35.749187      -7.104125       0.000000
        0.240000     -27.422125      51.589358      37.143917      -7.107502       0.000000
        0.250000     -29.046349      52.942941      38.537396      -7.099233       0.000000
        0.260000     -30.541354      54.242702      39.930626      -7.080435       0.000000
        0.270000     -31.909938      55.489707      41.323944      -7.052041       0.000000
        0.280000     -33.155746      56.685012      42.717479      -7.014959       0.000000
        0.290000     -34.281022      57.829243      44.110504      -6.969926       0.000000
        0.300000     -35.292627      58.924641      45.504025      -6.917793       0.000000
        0.310000     -36.195660      59.972672      46.898017      -6.859298       0.000000
        0.320000     -36.993552      60.974504      48.291752      -6.794987       0.000000
        0.330000     -37.235049      61.921340      49.574530      -6.686212      -0.093816
        0.340000     -37.036733      62.824883      50.761118      -6.542550      -0.267911
        0.350000     -36.689905      63.696772      51.914227      -6.388269      -0.469455
        0.360000     -36.254581      64.542932      53.047739      -6.228307      -0.689472
        0.370000     -35.759616      65.363481      54.164340      -6.065112      -0.923296
        0.380000     -35.221892      66.160323      55.266006      -5.900376      -1.170020
        0.390000     -34.527728      66.895753      56.269240      -5.738364      -1.498476
        0.400000     -33.816360      67.606459      57.250784      -5.578294      -1.846579
        0.410000     -33.111111      68.297619      58.222206      -5.420133      -2.203852
        0.420000     -32.418093      68.971066      59.186512      -5.264127      -2.567837
        0.430000     -31.741015      69.628074      60.145051      -5.110493      -2.937176
        0.440000     -31.080789      70.268820      61.098608      -4.959331      -3.311265
        0.450000     -30.439002      70.892735      62.046323      -4.810803      -3.689160
        0.460000     -29.818186      71.504183      62.992195      -4.665195      -4.071423
        0.470000     -29.216413      72.099364      63.932896      -4.522399      -4.456563
        0.480000     -28.635984      72.681987      64.871653      -4.382657      -4.845484
        0.490000     -28.078169      73.249997      65.806875      -4.247630      -5.236484
        0.500000     -27.575623      73.811487      66.745824      -4.129185      -5.625186
        0.510000     -27.099676      74.361770      67.684881      -4.017437      -6.014599
        0.520000     -26.642164      74.902380      68.623877      -3.909444      -6.405634
        0.530000     -26.199012      75.429965      69.560404      -3.803945      -6.798173
        0.540000     -25.768922      75.946118      70.495690      -3.700446      -7.192850
        0.550000     -25.350174      76.449197      71.427102      -3.598459      -7.588257
        0.560000     -24.944725      76.944997      72.360483      -3.498146      -7.986642
        0.570000     -24.548395      77.427453      73.289771      -3.399098      -8.386008
        0.580000     -24.162973      77.898398      74.217068      -3.301472      -8.787034
        0.590000     -23.789903      78.362716      75.145813      -3.205444      -9.190558
        0.600000     -23.424831      78.813145      76.069202      -3.110725      -9.594597
        0.610000     -23.071593      79.258005      76.995363      -3.017655     -10.001622
        0.620000     -22.727184      79.690630      77.917839      -2.926093     -10.409502
        0.630000     -22.393073      80.115013      78.838990      -2.836103     -10.818837
        0.640000     -22.068138      80.529156      79.758271      -2.747668     -11.229393
        0.650000     -21.753156      80.934337      80.675662      -2.661030     -11.640817
        0.660000     -21.447422      81.332803      81.593833      -2.576080     -12.054080
        0.670000     -21.150771      81.722706      82.510542      -2.492992     -12.468807
        0.680000     -20.862766      82.104104      83.425548      -2.411587     -12.884491
        0.690000     -20.583839      82.478397      84.339843      -2.332165     -13.301588
        0.700000     -20.313520      82.846871      85.254695      -2.254428     -13.719626
        0.710000     -20.051022      83.207375      86.167743      -2.178765     -14.138977
        0.720000     -19.794392      83.559618      87.078466      -2.104731     -14.558018
        0.730000     -19.546572      83.904232      87.988074      -2.032733     -14.978850
        0.740000     -19.307301      84.244869      88.900514      -1.962577     -15.401407
        0.750000     -19.074228      84.577212      89.809001      -1.894256     -15.823846
        0.760000     -18.847966      84.904755      90.719542      -1.827866     -16.247965
        0.770000     -18.627565      85.224893      91.627247      -1.763242     -16.672326
        0.780000     -18.413022      85.538738      92.532934      -1.700341     -17.096192
        0.790000     -18.205549      85.849669      93.442371      -1.639411     -17.522255
        0.800000     -18.003029      86.151669      94.346364      -1.580251     -17.947899
        0.810000     -17.807070      86.451282      95.253774      -1.522834     -18.375105
        0.820000     -17.616298      86.742975      96.158341      -1.466922     -18.801523
        0.830000     -17.431019      87.031891      97.064771      -1.412974     -19.229892
        0.840000     -17.250137      87.313804      97.969042      -1.360696     -19.657728
        0.850000     -17.072990      87.591436      98.873543      -1.309866     -20.086583
        0.860000     -16.901184      87.865344      99.777064      -1.260760     -20.515597
        0.870000     -16.734235      88.137252     100.684257      -1.213209     -20.945747
        0.880000     -16.572039      88.400407     101.588668      -1.166880     -21.374807
        0.890000     -16.411264      88.660144     102.490571      -1.122249     -21.803959
        0.900000     -16.256319      88.917816     103.395548      -1.079142     -22.234119
        0.910000     -16.103792      89.169430     104.298619      -1.037550     -22.664311
        0.920000     -15.957039      89.420290     105.204515      -0.997407     -23.096647
        0.930000     -15.811209      89.663454     106.105631      -0.958616     -23.526774
        0.940000     -15.670675      89.906843     107.012060      -0.921410     -23.960581
        0.950000     -15.531873      90.144187     107.914715      -0.885400     -24.392817
        0.960000     -15.394737      90.378715     108.815232      -0.850797     -24.823992
        0.970000     -15.263516      90.609485     109.717983      -0.817387     -25.257723
        0.980000     -15.132753      90.837087     110.620152      -0.785208     -25.691272
        0.990000     -15.005683      91.059348     111.519067      -0.754201     -26.124212
        1.000000     -14.880476      91.282484     112.423900      -0.724404     -26.558950
        1.010000     -14.756876      91.500064     113.324679      -0.695712     -26.994124
        1.020000     -14.637152      91.712270     114.221155      -0.668069     -27.426909
        1.030000     -14.519280      91.928132     115.126273      -0.641491     -27.862359
        1.040000     -14.403281      92.135990     116.026301      -0.615883     -28.298119
        1.050000     -14.288984      92.343033     116.926498      -0.591256     -28.732896
        1.060000     -14.176396      92.544449     117.823295      -0.567607     -29.167441
        1.070000     -14.066824      92.749470     118.727397      -0.544878     -29.604221
        1.080000     -13.958451      92.946137     119.622676      -0.523000     -30.038692
        1.090000     -13.851798      93.143921     120.524229      -0.501932     -30.475169
        1.100000     -13.747454      93.337121     121.421827      -0.481759     -30.911026
        1.110000     -13.644872      93.529336     122.322256      -0.462233     -31.347109
        1.120000     -13.543973      93.721268     123.224892      -0.443605     -31.785142
        1.130000     -13.445150      93.910090     124.126369      -0.425669     -32.222412
        1.140000     -13.346207      94.092826     125.023926      -0.408384     -32.658660
        1.150000     -13.249452      94.276566     125.924119      -0.391869     -33.097159
        1.160000     -13.154465      94.460037     126.824988      -0.375975     -33.534123
        1.170000     -13.060456      94.637204     127.718889      -0.360597     -33.977325
        1.180000     -12.961948      94.807595     128.576498      -0.345451     -34.443453
        1.190000     -12.864781      94.981278     129.432957      -0.330839     -34.922745
        1.200000     -12.768863      95.150884     130.278235      -0.316684     -35.405168
        1.210000     -12.672681      95.313761     131.112973      -0.303037     -35.889280
        1.220000     -12.577180      95.478940     131.948840      -0.289924     -36.380807
        1.230000     -12.483937      95.641820     132.784529      -0.277390     -36.876095
        1.240000     -12.391674      95.801540     133.613658      -0.265262     -37.370640
        1.250000     -12.300923      95.963371     134.442093      -0.253688     -37.868324
        1.260000     -12.211213      96.120384     135.265924      -0.242521     -38.369763
        1.270000     -12.121464      96.278614     136.089261      -0.231859     -38.868949
        1.280000     -12.033471      96.430018     136.909880      -0.221619     -39.371026
        1.290000     -11.949734      96.588509     137.736939      -0.211802     -39.879782
        1.300000     -11.862830      96.741325     138.554295      -0.202348     -40.383541
        1.310000     -11.777865      96.888520     139.366456      -0.193350     -40.887695
        1.320000     -11.695929      97.037834     140.182396      -0.184679     -41.395738
        1.330000     -11.613321      97.185029     140.999124      -0.176408     -41.905072
        1.340000     -11.532594      97.336078     141.812297      -0.168486     -42.415070
        1.350000     -11.452565      97.485794     142.631410      -0.160864     -42.928341
        1.360000     -11.374783      97.625884     143.437236      -0.153582     -43.436262
        1.370000     -11.296870      97.773551     144.256151      -0.146640     -43.953707
        1.380000     -11.220046      97.917097     145.064647      -0.139952     -44.465367
        1.390000     -11.143516      98.053656     145.868778      -0.133579     -44.977311
        1.400000     -11.069837      98.198887     146.682520      -0.127433     -45.493680
