        0.064725       0.984375       0.013672       0.003788       0.000000       0.000000       0.000000       0.000000       0.000000       0.000000       0.000000       0.000000       0.000000       0.000000       0.000000       0.000000
        0.129450       0.984375       0.013672       0.011076       0.000000       0.000000       0.000000       0.000000       0.000000       0.000000       0.000000       0.000000       0.000000       0.000000       0.000000       0.000000
        0.194175       0.976562       0.020508       0.018787       0.000000       0.000000       0.000000       0.000000       0.000000       0.000000       0.000000       0.000000       0.000000       0.000000       0.000000       0.000000
        0.258900       0.976562       0.025635       0.026422       0.000000       0.000000       0.000000       0.000000       0.000000       0.000000       0.000000       0.000000       0.000000       0.000000       0.000000       0.000000
        0.323625       0.968750       0.030762       0.032241       0.000000       0.000000       0.000000       0.000000       0.000000       0.000000       0.000000       0.000000       0.000000       0.000000       0.000000       0.000000
        0.388350       0.964844       0.036530       0.036587       0.000000       0.000000       0.000000       0.000000       0.000000       0.000000       0.000000       0.000000       0.000000       0.000000       0.000000       0.000000
        0.453074       0.958984       0.040375       0.039704       0.000000       0.000000       0.000000       0.000000       0.000000       0.000000       0.000000       0.000000       0.000000       0.000000       0.000000       0.000000
        0.517799       0.957031       0.042297       0.042444       0.000000       0.000000       0.000000       0.000000       0.000000       0.000000       0.000000       0.000000       0.000000       0.000000       0.000000       0.000000
        0.582524       0.955078       0.044220       0.044348       0.000000       0.000000       0.000000       0.000000       0.000000       0.000000       0.000000       0.000000       0.000000       0.000000       0.000000       0.000000
        0.647249       0.953125       0.046143       0.045659       0.000000       0.000000       0.000000       0.000000       0.000000       0.000000       0.000000       0.000000       0.000000       0.000000       0.000000       0.000000
        0.711974       0.953125       0.047424       0.046950       0.000000       0.000000       0.000000       0.000000       0.000000       0.000000       0.000000       0.000000       0.000000       0.000000       0.000000       0.000000
        0.776699       0.951172       0.048065       0.048051       0.000847       0.000000       0.000000       0.000000       0.000000       0.000000       0.000000       0.000000       0.000000       0.000000       0.000000       0.000000
        0.841424       0.949219       0.050682       0.048557       0.002077       0.000000       0.000000       0.000000       0.000000       0.000000       0.000000       0.000000       0.000000       0.000000       0.000000       0.000000
        0.906149       0.947266       0.052631       0.049163       0.003492       0.000000       0.000000       0.000000       0.000000       0.000000       0.000000       0.000000       0.000000       0.000000       0.000000       0.000000
        0.970874       0.945312       0.055328       0.049719       0.004944       0.000000       0.000000       0.000000       0.000000       0.000000       0.000000       0.000000       0.000000       0.000000       0.000000       0.000000
        1.035599       0.942871       0.057017       0.050456       0.006499       0.000000       0.000000       0.000000       0.000000       0.000000       0.000000       0.000000       0.000000       0.000000       0.000000       0.000000
        1.100324       0.940430       0.059454       0.051143       0.008028       0.000000       0.000000       0.000000       0.000000       0.000000       0.000000       0.000000       0.000000       0.000000       0.000000       0.000000
        1.165049       0.938477       0.061403       0.052149       0.009721       0.000000       0.000000       0.000000       0.000000       0.000000       0.000000       0.000000       0.000000       0.000000       0.000000       0.000000
        1.229774       0.935547       0.064327       0.052822       0.011205       0.000000       0.000000       0.000000       0.000000       0.000000       0.000000       0.000000       0.000000       0.000000       0.000000       0.000000
        1.294498       0.933594       0.066730       0.053873       0.012893       0.000000       0.000000       0.000000       0.000000       0.000000       0.000000       0.000000       0.000000       0.000000       0.000000       0.000000
        1.359223       0.930664       0.069201       0.054854       0.014520       0.000000       0.000000       0.000000       0.000000       0.000000       0.000000       0.000000       0.000000       0.000000       0.000000       0.000000
        1.423948       0.927734       0.072124       0.055738       0.016060       0.000000       0.000000       0.000000       0.000000       0.000000       0.000000       0.000000       0.000000       0.000000       0.000000       0.000000
        1.488673       0.925781       0.074581       0.056963       0.017805       0.000000       0.000000       0.000000       0.000000       0.000000       0.000000       0.000000       0.000000       0.000000       0.000000       0.000000
        1.553398       0.922852       0.077525       0.057908       0.019341       0.000000       0.000000       0.000000       0.000000       0.000000       0.000000       0.000000       0.000000       0.000000       0.000000       0.000000
        1.618123       0.919922       0.079922       0.059049       0.020992       0.000000       0.000000       0.000000       0.000000       0.000000       0.000000       0.000000       0.000000       0.000000       0.000000       0.000000
        1.682848       0.916992       0.082846       0.060002       0.022489       0.000000       0.000000       0.000000       0.000000       0.000000       0.000000       0.000000       0.000000       0.000000       0.000000       0.000000
        1.747573       0.914551       0.085282       0.061191       0.024138       0.000000       0.000000       0.000000       0.000000       0.000000       0.000000       0.000000       0.000000       0.000000       0.000000       0.000000
        1.812298       0.912109       0.088019       0.062247       0.025671       0.000000       0.000000       0.000000       0.000000       0.000000       0.000000       0.000000       0.000000       0.000000       0.000000       0.000000
        1.877023       0.909180       0.090643       0.063216       0.027120       0.000000       0.000000       0.000000       0.000000       0.000000       0.000000       0.000000       0.000000       0.000000       0.000000       0.000000
        1.941748       0.896729       0.096716       0.062561       0.027314       0.000000       0.000000       0.000000       0.000000       0.000000       0.000000       0.000000       0.000000       0.000000       0.006578       0.000000
        2.006473       0.872803       0.106515       0.059816       0.025883       0.000000       0.000000       0.000000       0.000000       0.000000       0.000000       0.000000       0.000000       0.000000       0.020608       0.000000
        2.071197       0.848877       0.116220       0.056943       0.024317       0.000000       0.000000       0.000000       0.000000       0.000000       0.000000       0.000000       0.000000       0.000000       0.034897       0.000000
        2.135922       0.825439       0.125593       0.054110       0.022748       0.000000       0.000000       0.000000       0.000000       0.000000       0.000000       0.000000       0.000000       0.000000       0.049028       0.000000
        2.200647       0.802979       0.134683       0.051306       0.021173       0.000000       0.000000       0.000000       0.000000       0.000000       0.000000       0.000000       0.000000       0.000000       0.062286       0.000000
        2.265372       0.781982       0.143260       0.048659       0.019691       0.000000       0.000000       0.000000       0.000000       0.000000       0.000000       0.000000       0.000000       0.000000       0.075031       0.000000
        2.330097       0.761963       0.151330       0.046108       0.018261       0.000000       0.000000       0.000000       0.000000       0.000000       0.000000       0.000000       0.000000       0.000000       0.086700       0.000000
        2.394822       0.743408       0.158741       0.043716       0.016929       0.000000       0.000000       0.000000       0.000000       0.000000       0.000000       0.000000       0.000000       0.000000       0.097877       0.000000
        2.459547       0.725830       0.165750       0.041468       0.015686       0.000000       0.000000       0.000000       0.000000       0.000000       0.000000       0.000000       0.000000       0.000000       0.108569       0.000000
        2.524272       0.709229       0.172184       0.039348       0.014523       0.000000       0.000000       0.000000       0.000000       0.000000       0.000000       0.000000       0.000000       0.000000       0.118431       0.000000
        2.588997       0.693848       0.178414       0.037301       0.013401       0.000000       0.000000       0.000000       0.000000       0.000000       0.000000       0.000000       0.000000       0.000000       0.127535       0.000000
        2.653722       0.679443       0.184070       0.035425       0.012390       0.000000       0.000000       0.000000       0.000000       0.000000       0.000000       0.000000       0.000000       0.000000       0.136353       0.000000
        2.718447       0.666016       0.189497       0.033633       0.011430       0.000000       0.000000       0.000000       0.000000       0.000000       0.000000       0.000000       0.000000       0.000000       0.144262       0.000000
        2.783172       0.653564       0.194489       0.031956       0.010543       0.000171       0.000000       0.000000       0.000000       0.000000       0.000000       0.000000       0.000000       0.000000       0.151881       0.000000
        2.847897       0.640259       0.198117       0.030364       0.009708       0.003634       0.000000       0.000000       0.000000       0.000000       0.000000       0.000000       0.000000       0.000000       0.158062       0.000000
        2.912621       0.627319       0.201103       0.028871       0.008935       0.008381       0.000000       0.000000       0.000000       0.000000       0.000000       0.000000       0.000000       0.000000       0.163254       0.000000
        2.977346       0.614868       0.203543       0.027476       0.008225       0.013643       0.000000       0.000000       0.000000       0.000000       0.000000       0.000000       0.000000       0.000000       0.167903       0.000000
        3.042071       0.602905       0.205794       0.026144       0.007553       0.019252       0.000000       0.000000       0.000000       0.000000       0.000000       0.000000       0.000000       0.000000       0.171930       0.000000
        3.106796       0.591431       0.207639       0.024908       0.006941       0.025029       0.000000       0.000000       0.000000       0.000000       0.000000       0.000000       0.000000       0.000000       0.175767       0.000000
        3.171521       0.580566       0.209307       0.023739       0.006371       0.030937       0.000000       0.000000       0.000000       0.000000       0.000000       0.000000       0.000000       0.000000       0.179311       0.000000
        3.236246       0.569946       0.210748       0.022633       0.005839       0.036860       0.000000       0.000000       0.000000       0.000000       0.000000       0.000000       0.000000       0.000000       0.182353       0.000000
        3.300971       0.559814       0.212046       0.021587       0.005343       0.042831       0.000000       0.000000       0.000000       0.000000       0.000000       0.000000       0.000000       0.000000       0.185162       0.000000
        3.365696       0.550293       0.213174       0.020605       0.004887       0.048679       0.000000       0.000000       0.000000       0.000000       0.000000       0.000000       0.000000       0.000000       0.187697       0.000000
        3.430421       0.541138       0.214181       0.019686       0.004469       0.054571       0.000000       0.000000       0.000000       0.000000       0.000000       0.000000       0.000000       0.000000       0.190145       0.000000
        3.495146       0.532227       0.215043       0.018804       0.004074       0.060435       0.000000       0.000000       0.000000       0.000000       0.000000       0.000000       0.000000       0.000000       0.192342       0.000000
        3.559871       0.523926       0.215910       0.017969       0.003706       0.066095       0.000000       0.000000       0.000000       0.000000       0.000000       0.000000       0.000000       0.000000       0.194095       0.000000
        3.624596       0.515747       0.216619       0.017185       0.003368       0.071862       0.000000       0.000000       0.000000       0.000000       0.000000       0.000000       0.000000       0.000000       0.195937       0.000000
        3.689321       0.508057       0.217117       0.016458       0.003064       0.077335       0.000000       0.000000       0.000000       0.000000       0.000000       0.000000       0.000000       0.000000       0.197663       0.000000
        3.754045       0.500549       0.217549       0.015766       0.002780       0.082749       0.000000       0.000000       0.000000       0.000000       0.000000       0.000000       0.000000       0.000000       0.199165       0.000000
        3.818770       0.493286       0.218007       0.015100       0.002511       0.088175       0.000000       0.000000       0.000000       0.000000       0.000000       0.000000       0.000000       0.000000       0.200446       0.000000
        3.883495       0.486450       0.218425       0.014469       0.002263       0.093411       0.000000       0.000000       0.000000       0.000000       0.000000       0.000000       0.000000       0.000000       0.201625       0.000000
        3.948220       0.479919       0.218758       0.013875       0.002036       0.098535       0.000000       0.000000       0.000000       0.000000       0.000000       0.000000       0.000000       0.000000       0.202759       0.000000
        4.012945       0.473572       0.218954       0.013323       0.001831       0.103606       0.000000       0.000000       0.000000       0.000000       0.000000       0.000000       0.000000       0.000000       0.203950       0.000000
        4.077670       0.467529       0.219249       0.012783       0.001635       0.108555       0.000000       0.000000       0.000000       0.000000       0.000000       0.000000       0.000000       0.000000       0.204819       0.000000
        4.142395       0.461670       0.219419       0.012279       0.001458       0.113365       0.000000       0.000000       0.000000       0.000000       0.000000       0.000000       0.000000       0.000000       0.205687       0.000000
        4.207120       0.455933       0.219550       0.011798       0.001294       0.118113       0.000000       0.000000       0.000000       0.000000       0.000000       0.000000       0.000000       0.000000       0.206407       0.000000
        4.271845       0.450562       0.219663       0.011345       0.001145       0.122712       0.000000       0.000000       0.000000       0.000000       0.000000       0.000000       0.000000       0.000000       0.207175       0.000000
        4.336570       0.445068       0.219666       0.010912       0.001007       0.127319       0.000000       0.000000       0.000000       0.000000       0.000000       0.000000       0.000000       0.000002       0.207802       0.000000
        4.401295       0.439758       0.219614       0.010493       0.000877       0.131565       0.000000       0.000000       0.000000       0.000000       0.000000       0.000000       0.000000       0.000876       0.208199       0.000000
        4.466020       0.434021       0.219324       0.010084       0.000754       0.135714       0.000000       0.000000       0.000000       0.000000       0.000000       0.000000       0.000000       0.002435       0.208359       0.000000
        4.530744       0.428589       0.218987       0.009702       0.000645       0.139650       0.000000       0.000000       0.000000       0.000000       0.000000       0.000000       0.000000       0.004302       0.208521       0.000000
        4.595469       0.422913       0.218451       0.009336       0.000545       0.143571       0.000000       0.000000       0.000000       0.000000       0.000000       0.000000       0.000000       0.006464       0.208587       0.000000
        4.660194       0.417542       0.217933       0.008988       0.000454       0.147231       0.000000       0.000000       0.000000       0.000000       0.000000       0.000000       0.000000       0.008721       0.208539       0.000000
        4.724919       0.412109       0.217391       0.008647       0.000370       0.150951       0.000000       0.000000       0.000000       0.000000       0.000000       0.000000       0.000000       0.011168       0.208357       0.000000
        4.789644       0.406921       0.216776       0.008328       0.000296       0.154438       0.000000       0.000000       0.000000       0.000000       0.000000       0.000000       0.000000       0.013616       0.208179       0.000000
        4.854369       0.401917       0.216177       0.008022       0.000230       0.157825       0.000000       0.000000       0.000000       0.000000       0.000000       0.000000       0.000000       0.016101       0.207948       0.000000
        4.919094       0.396790       0.215518       0.007725       0.000171       0.161324       0.000000       0.000000       0.000000       0.000000       0.000000       0.000000       0.000000       0.018716       0.207618       0.000000
        4.983819       0.392029       0.214881       0.007447       0.000121       0.164492       0.000000       0.000000       0.000000       0.000000       0.000000       0.000000       0.000000       0.021224       0.207279       0.000000
        5.048544       0.387390       0.214230       0.007181       0.000079       0.167675       0.000000       0.000000       0.000000       0.000000       0.000000       0.000000       0.000000       0.023741       0.206934       0.000000
        5.113269       0.382751       0.213479       0.006931       0.000045       0.170829       0.000000       0.000000       0.000000       0.000000       0.000000       0.000000       0.000000       0.026277       0.206619       0.000000
        5.177993       0.378357       0.212874       0.006681       0.000018       0.173862       0.000000       0.000000       0.000000       0.000000       0.000000       0.000000       0.000000       0.028748       0.206096       0.000000
        5.242719       0.374023       0.212151       0.006452       0.000002       0.176833       0.000000       0.000000       0.000000       0.000000       0.000000       0.000000       0.000000       0.031218       0.205732       0.000000
        5.307444       0.369751       0.211513       0.006221       0.000000       0.179848       0.000000       0.000000       0.000000       0.000000       0.000000       0.000000       0.000000       0.033690       0.205173       0.000000
        5.372168       0.365784       0.210812       0.006014       0.000000       0.182612       0.000000       0.000000       0.000000       0.000000       0.000000       0.000000       0.000000       0.036003       0.204782       0.000000
        5.436893       0.361694       0.210126       0.005806       0.000000       0.185466       0.000000       0.000000       0.000000       0.000000       0.000000       0.000000       0.000000       0.038394       0.204217       0.000000
        5.501618       0.357971       0.209431       0.005618       0.000000       0.188101       0.000000       0.000000       0.000000       0.000000       0.000000       0.000000       0.000000       0.040610       0.203824       0.000000
        5.566343       0.354126       0.208754       0.005428       0.000000       0.190857       0.000000       0.000000       0.000000       0.000000       0.000000       0.000000       0.000000       0.042936       0.203322       0.000000
        5.631068       0.350647       0.208145       0.005253       0.000000       0.193384       0.000000       0.000000       0.000000       0.000000       0.000000       0.000000       0.000000       0.045046       0.202812       0.000000
        5.695793       0.346985       0.207365       0.005086       0.000000       0.195982       0.000000       0.000000       0.000000       0.000000       0.000000       0.000000       0.000000       0.047213       0.202361       0.000000
        5.760518       0.343689       0.206800       0.004922       0.000000       0.198344       0.000000       0.000000       0.000000       0.000000       0.000000       0.000000       0.000000       0.049228       0.201776       0.000000
        5.825243       0.340271       0.206115       0.004764       0.000000       0.200899       0.000000       0.000000       0.000000       0.000000       0.000000       0.000000       0.000000       0.051314       0.201278       0.000000
        5.889968       0.337097       0.205478       0.004617       0.000000       0.203187       0.000000       0.000000       0.000000       0.000000       0.000000       0.000000       0.000000       0.053257       0.200792       0.000000
        5.954693       0.333923       0.204825       0.004474       0.000000       0.205680       0.000000       0.000000       0.000000       0.000000       0.000000       0.000000       0.000000       0.055259       0.200375       0.000000
        6.019418       0.330994       0.204226       0.004342       0.000000       0.207837       0.000000       0.000000       0.000000       0.000000       0.000000       0.000000       0.000000       0.057050       0.199872       0.000000
        6.084143       0.327942       0.203578       0.004209       0.000000       0.210116       0.000000       0.000000       0.000000       0.000000       0.000000       0.000000       0.000000       0.058914       0.199347       0.000000
        6.148868       0.325134       0.202987       0.004086       0.000000       0.212364       0.000000       0.000000       0.000000       0.000000       0.000000       0.000000       0.000000       0.060714       0.198956       0.000000
        6.213592       0.322021       0.202113       0.003970       0.000000       0.214525       0.000000       0.000000       0.000000       0.000000       0.000000       0.000000       0.000325       0.062507       0.198565       0.000000
        6.278317       0.318909       0.201077       0.003867       0.000000       0.216515       0.000000       0.000000       0.000000       0.000000       0.000000       0.000000       0.001005       0.064198       0.198274       0.000000
        6.343042       0.315857       0.200005       0.003769       0.000000       0.218365       0.000000       0.000000       0.000000       0.000000       0.000000       0.000000       0.001862       0.065853       0.198056       0.000000
        6.407767       0.312622       0.198748       0.003676       0.000000       0.220360       0.000000       0.000000       0.000000       0.000000       0.000000       0.000000       0.002875       0.067518       0.197868       0.000000
        6.472492       0.309509       0.197435       0.003595       0.000000       0.222171       0.000000       0.000000       0.000000       0.000000       0.000000       0.000000       0.003934       0.069105       0.197822       0.000000
        6.537217       0.306458       0.196159       0.003513       0.000000       0.223980       0.000000       0.000000       0.000000       0.000000       0.000000       0.000000       0.005080       0.070670       0.197746       0.000000
        6.601942       0.303406       0.194790       0.003441       0.000000       0.225672       0.000000       0.000000       0.000000       0.000000       0.000000       0.000000       0.006228       0.072121       0.197646       0.000000
        6.666667       0.300598       0.193558       0.003368       0.000000       0.227285       0.000000       0.000000       0.000000       0.000000       0.000000       0.000000       0.007392       0.073528       0.197595       0.000000
        6.731392       0.297668       0.192231       0.003299       0.000000       0.229063       0.000000       0.000000       0.000000       0.000000       0.000000       0.000000       0.008653       0.074987       0.197574       0.000000
        6.796117       0.294861       0.190929       0.003234       0.000000       0.230623       0.000000       0.000000       0.000000       0.000000       0.000000       0.000000       0.009866       0.076314       0.197494       0.000000
        6.860841       0.292114       0.189593       0.003174       0.000000       0.232219       0.000000       0.000000       0.000000       0.000000       0.000000       0.000000       0.011065       0.077597       0.197482       0.000000
        6.925566       0.289368       0.188241       0.003116       0.000000       0.233748       0.000000       0.000000       0.000000       0.000000       0.000000       0.000000       0.012284       0.078852       0.197444       0.000000
        6.990291       0.286499       0.186829       0.003058       0.000000       0.235485       0.000000       0.000000       0.000000       0.000000       0.000000       0.000000       0.013609       0.080177       0.197404       0.000000
        7.055017       0.283997       0.185572       0.003006       0.000000       0.236900       0.000000       0.000000       0.000000       0.000000       0.000000       0.000000       0.014762       0.081295       0.197354       0.000000
        7.119742       0.281433       0.184280       0.002954       0.000000       0.238474       0.000000       0.000000       0.000000       0.000000       0.000000       0.000000       0.015990       0.082471       0.197338       0.000000
        7.184466       0.278992       0.183058       0.002903       0.000000       0.239865       0.000000       0.000000       0.000000       0.000000       0.000000       0.000000       0.017166       0.083551       0.197247       0.000000
        7.249191       0.276794       0.181916       0.002858       0.000000       0.241099       0.000000       0.000000       0.000000       0.000000       0.000000       0.000000       0.018256       0.084578       0.197301       0.000000
        7.313916       0.274292       0.180608       0.002812       0.000000       0.242653       0.000000       0.000000       0.000000       0.000000       0.000000       0.000000       0.019471       0.085663       0.197248       0.000000
        7.378641       0.272034       0.179420       0.002769       0.000000       0.244090       0.000000       0.000000       0.000000       0.000000       0.000000       0.000000       0.020605       0.086679       0.197250       0.000000
        7.443366       0.269958       0.178333       0.002728       0.000000       0.245326       0.000000       0.000000       0.000000       0.000000       0.000000       0.000000       0.021660       0.087605       0.197235       0.000000
        7.508091       0.267761       0.177149       0.002688       0.000000       0.246663       0.000000       0.000000       0.000000       0.000000       0.000000       0.000000       0.022744       0.088531       0.197187       0.000000
        7.572816       0.265747       0.176068       0.002650       0.000000       0.247883       0.000000       0.000000       0.000000       0.000000       0.000000       0.000000       0.023750       0.089377       0.197131       0.000000
        7.637540       0.263550       0.174864       0.002612       0.000000       0.249226       0.000000       0.000000       0.000000       0.000000       0.000000       0.000000       0.024856       0.090310       0.197116       0.000000
        7.702265       0.261658       0.173854       0.002576       0.000000       0.250588       0.000000       0.000000       0.000000       0.000000       0.000000       0.000000       0.025878       0.091174       0.197127       0.000000
        7.766990       0.259644       0.172708       0.002543       0.000000       0.251714       0.000000       0.000000       0.000000       0.000000       0.000000       0.000000       0.026851       0.091970       0.197099       0.000000
