   9.9999997764825821E-003   16768914373286.059       0.20974682656031787        67.312539999999998     
   1.9999999552965164E-002   33604783775876.969       0.15861325842614005        56.969420000000000     
   2.9999999329447746E-002   50428592586894.359       0.13837496242335962        49.876339999999999     
   3.9999999105930328E-002   67665776410849.531       0.13021414215634863        46.339820000000003     
   4.9999997019767761E-002   84425559034283.078       0.12728374666450709        45.157470000000004     
   5.9999998658895493E-002   101548391819942.73       0.12628916339933419        44.864269999999998     
   7.0000000298023224E-002   118280727224510.61       0.12535406979819713        44.747430000000001     
   7.9999998211860657E-002   135237785341506.11       0.12336779587263604        44.741979999999998     
   8.9999996125698090E-002   152196588142416.50       0.11923508891200198        44.498609999999999     
   9.9999994039535522E-002   169161582715178.12       0.11105119066205615        42.785750000000000     
  0.10999999940395355        186406023681800.62        9.8696177178848252E-002   37.191600000000001     
  0.11999999731779099        203227419632084.62        9.2085677409131386E-002   28.284269999999999     
  0.12999999523162842        220473612706808.94        9.8418341949700783E-002   21.134049999999998     
  0.14000000059604645        237564595730787.88       0.11516454714366436        16.867370000000001     
  0.14999999105930328        254873255913852.91       0.13926920979169499        14.548230000000000     
  0.15999999642372131        271991738126005.62       0.16857061315191740        13.282050000000000     
  0.17000000178813934        289292498974238.88       0.20250348399004714        12.557510000000001     
  0.17999999225139618        306702989304439.88       0.24081554673847308        12.136200000000001     
  0.18999999761581421        324126397719798.06       0.28164569944335494        11.903029999999999     
  0.19999998807907104        341839200939425.56       0.32626106766200680        11.776550000000000     
  0.20999999344348907        359310539905229.19       0.37230851914399166        11.721610000000000     
  0.21999999880790710        376998368160219.38       0.42027867803983537        11.709980000000000     
  0.22999998927116394        395047130684177.25       0.47095714712180975        11.726530000000000     
  0.23999999463558197        412948122192635.44       0.52163040795361881        11.760059999999999     
  0.25000000000000000        430760587696832.25       0.57288709268283056        11.803559999999999     
  0.25999999046325684        448850094158343.50       0.62468314643935874        11.852600000000001     
  0.26999998092651367        467113237502416.31       0.67714833615988856        11.904370000000000     
  0.28000000119209290        485606738516752.56       0.72956251178368892        11.956210000000000     
  0.28999999165534973        503902191922092.12       0.78064962814538119        12.005540000000000     
  0.29999998211860657        522673327828692.50       0.81888303805024043        12.040699999999999     
  0.31000000238418579        541313857439841.31       0.84124582644150703        12.059630000000000     
  0.31999999284744263        559897488082803.25       0.86140138477905082        12.074680000000001     
  0.32999998331069946        578712812749665.50       0.88095039278458676        12.086869999999999     
  0.34000000357627869        597562823217593.75       0.90029399990874637        12.096240000000000     
  0.34999999403953552        616566009509064.38       0.91963448077565868        12.102729999999999     
  0.35999998450279236        635440430703427.62       0.93891225593369831        12.106230000000000     
  0.37000000476837158        654362663661246.25       0.95830098089849736        12.106780000000001     
  0.37999999523162842        673593505218959.00       0.97797178102734494        12.104390000000000     
  0.38999998569488525        692711855497187.62       0.99761799369624238        12.099170000000001     
  0.39999997615814209        711985935519242.62        1.0176003668874265        12.091160000000000     
  0.40999999642372131        731389909114809.62        1.0375933850980075        12.080629999999999     
  0.41999998688697815        750708831225571.25        1.0575619616744409        12.067819999999999     
  0.42999997735023499        770230285154200.38        1.0775724378906650        12.052899999999999     
  0.43999999761581421        790019247384200.12        1.0954779147111562        12.037839999999999     
  0.44999998807907104        809710447921469.88        1.1121041997565928        12.022280000000000     
  0.45999997854232788        829370942021837.12        1.1280334715191771        12.005830000000000     
  0.46999999880790710        849119397888263.38        1.1433673741463324        11.988490000000001     
  0.47999998927116394        869027741043164.50        1.1582971691561410        11.970120000000000     
  0.48999997973442078        889105830806706.12        1.1728497667931022        11.950760000000001     
  0.50000000000000000        909194492612353.62        1.1869351887200417        11.930600000000000     
  0.50999999046325684        929469293631255.00        1.2006605826426753        11.909590000000000     
  0.51999998092651367        949561994194560.88        1.2138510726533742        11.888080000000000     
  0.52999997138977051        969976072959180.38        1.2267240187169823        11.865819999999999     
  0.53999996185302734        990614718528303.25        1.2393536396820757        11.842710000000000     
  0.55000001192092896        1010886906233425.8        1.2514194216657502        11.819440000000000     
  0.56000000238418579        1031780706256964.4        1.2633004840010735        11.795360000000001     
  0.56999999284744263        1052316957440748.9        1.2746684889534305        11.771179999999999     
  0.57999998331069946        1073036259376048.9        1.2857422467652981        11.746530000000000     
  0.58999997377395630        1094035185885694.6        1.2965460030448730        11.721410000000001     
  0.59999996423721313        1114930530140102.6        1.3069581132880861        11.696149999999999     
  0.61000001430511475        1135834427057787.2        1.3169868462975329        11.670820000000001     
  0.62000000476837158        1157103712756562.5        1.3268376105975737        11.644940000000000     
  0.62999999523162842        1178212754805893.2        1.3362572239102031        11.619220000000000     
  0.63999998569488525        1199451987396211.0        1.3454186997446227        11.593249999999999     
  0.64999997615814209        1220852176357913.0        1.3543060199444916        11.567130000000001     
  0.65999996662139893        1242247970200986.5        1.3628796219008050        11.541010000000000     
  0.66999995708465576        1263972210071276.2        1.3711814519634842        11.514820000000000     
  0.68000000715255737        1285383446223043.5        1.3789326543453797        11.489509999999999     
  0.68999999761581421        1307240608735088.8        1.3863386687665005        11.464490000000000     
  0.69999998807907104        1328886567979000.2        1.3933325942139714        11.440020000000001     
  0.70999997854232788        1351034639829437.0        1.4001030022905996        11.415490000000000     
  0.71999996900558472        1372700317713680.5        1.4064507902232408        11.391660000000000     
  0.72999995946884155        1395035954221250.2        1.4126944764488343        11.367380000000001     
  0.74000000953674316        1417033879316388.2        1.4186107692578429        11.343520000000000     
  0.75000000000000000        1438993198639791.8        1.4242589337950984        11.319920000000000     
  0.75999999046325684        1461691491827683.5        1.4298035136055360        11.295900000000000     
  0.76999998092651367        1483716143995560.5        1.4350088932049305        11.272520000000000     
  0.77999997138977051        1506054631390889.2        1.4400670737185919        11.248960000000000     
  0.78999996185302734        1528643046613076.0        1.4449327188575039        11.225470000000000     
  0.79999995231628418        1551123128100427.0        1.4496229717285347        11.201990000000000     
  0.81000000238418579        1573810968033203.0        1.4541266929685868        11.178610000000001     
  0.81999999284744263        1596908266720342.0        1.4585248477259520        11.154920000000001     
  0.82999998331069946        1619371836816089.8        1.4626404005212144        11.131940000000000     
  0.83999997377395630        1642651235958824.2        1.4667065044499679        11.108390000000000     
  0.84999996423721313        1665184296443693.5        1.4704877334821354        11.085680000000000     
  0.85999995470046997        1688609447223098.8        1.4742118004804527        11.062480000000001     
  0.87000000476837158        1711330072365101.5        1.4777240758035568        11.039780000000000     
  0.87999999523162842        1734846332765799.2        1.4811661347124854        11.016700000000000     
  0.88999998569488525        1757635735574984.0        1.4843989886884357        10.994220000000000     
  0.89999997615814209        1781448488302600.8        1.4875865723837516        10.971209999999999     
  0.90999996662139893        1804358222332606.2        1.4905255020381321        10.949190000000000     
  0.91999995708465576        1828524128781349.0        1.4934784760605144        10.926220000000001     
  0.93000000715255737        1851594462821769.0        1.4962093224490844        10.904150000000000     
  0.93999999761581421        1875453542475466.5        1.4988706365578999        10.881810000000000     
  0.94999998807907104        1899327708076888.5        1.5014140858567024        10.859629999999999     
  0.95999997854232788        1923356059191267.2        1.5037989326968209        10.837999999999999     
  0.96999996900558472        1947213000679146.0        1.5060370531547507        10.816879999999999     
  0.97999995946884155        1970807422919231.8        1.5081235914585815        10.796400000000000     
  0.98999994993209839        1995340143592944.8        1.5101606266523042        10.775580000000000     
   1.0000000000000000        2019310645443217.0        1.5120388053475966        10.755540000000000     
   1.0099999904632568        2043542003523423.0        1.5138366929701172        10.735530000000001     
   1.0199999809265137        2067640795322843.2        1.5155409175200711        10.715700000000000     
   1.0299999713897705        2091349490647262.0        1.5171265744032305        10.696400000000001     
   1.0399999618530273        2116215408827789.2        1.5186837809135860        10.676550000000001     
   1.0499999523162842        2140316338793028.0        1.5201206479850782        10.657330000000000     
   1.0599999427795410        2164800713161830.8        1.5215003420071713        10.637950000000000     
   1.0699999332427979        2189300054691367.2        1.5227970911766779        10.618790000000001     
   1.0799999237060547        2215045471745495.0        1.5240593457493605        10.599119999999999     
   1.0900000333786011        2239354991665088.8        1.5252048741282964        10.580260000000001     
   1.1000000238418579        2264635714014526.5        1.5263066138241912        10.561080000000000     
   1.1100000143051147        2289161901403792.0        1.5273121288705933        10.542520000000000     
   1.1200000047683716        2313251902965955.5        1.5282441334103574        10.524279999999999     
   1.1299999952316284        2339059326828837.5        1.5291557789094505        10.505300000000000     
   1.1399999856948853        2364650795943988.0        1.5300057575149433        10.486370000000001     
   1.1499999761581421        2389056770899422.5        1.5307584283279367        10.468430000000000     
   1.1599999666213989        2414677936762061.0        1.5314889248514556        10.449740000000000     
   1.1699999570846558        2439484699021592.0        1.5321418054160074        10.431740000000000     
   1.1799999475479126        2465176661930241.5        1.5327470162768198        10.413679999999999     
   1.1899999380111694        2491041816270240.0        1.5333113001864376        10.395350000000001     
   1.1999999284744263        2516175955474078.0        1.5338068900392752        10.377730000000000     
