        0.064725       4.344033       0.600417       0.000000      20.508667     490.032016       0.996248       0.967289
        0.129450       4.344033       0.600417       0.000000      36.941223     486.790625       0.992674       0.936126
        0.194175       4.344033       0.600417       0.000000      50.428894     482.934620       0.989265       0.906399
        0.258900       4.344033       0.600417       0.000000      62.185852     478.322770       0.985924       0.877264
        0.323625       4.344033       0.600417       0.000000      71.581726     473.193472       0.982805       0.850071
        0.388350       4.344033       0.600417       0.000000      79.342102     467.582851       0.979737       0.823325
        0.453074       4.344033       0.600417       0.000000      85.832214     461.580525       0.976852       0.798169
        0.517799       4.344033       0.600417       0.000000      91.757874     455.070707       0.974040       0.773646
        0.582524       4.344033       0.600417       0.000000      96.838135     448.407062       0.971328       0.750004
        0.647249       4.344033       0.600417       0.000000     101.278076     441.614355       0.968713       0.727204
        0.711974       4.344033       0.600417       0.000000     105.523010     434.538466       0.966157       0.704913
        0.776699       4.344033       0.600417       0.000000     109.471008     427.433729       0.963762       0.684031
        0.841424       4.344033       0.600417       0.000000     112.824402     420.348810       0.961374       0.663211
        0.906149       4.344033       0.600417       0.000000     116.125183     413.337044       0.959130       0.643643
        0.970874       4.344033       0.600417       0.000000     119.272888     406.438176       0.956948       0.624617
        1.035599       4.344033       0.600417       0.000000     122.465454     399.738642       0.954844       0.606270
        1.100324       4.344033       0.600417       0.000000     125.530334     393.147660       0.952817       0.588598
        1.165049       4.344033       0.600417       0.000000     128.778687     386.641358       0.950868       0.571605
        1.229774       4.344033       0.600417       0.000000     131.682007     380.396394       0.948988       0.555214
        1.294498       4.344033       0.600417       0.000000     134.835327     374.245592       0.947167       0.539335
        1.359223       4.344033       0.600417       0.000000     137.872986     368.260398       0.945447       0.524341
        1.423948       4.344033       0.600417       0.000000     140.775635     362.552789       0.943777       0.509780
        1.488673       4.344033       0.600417       0.000000     143.915955     356.921758       0.942159       0.495669
        1.553398       4.344033       0.600417       0.000000     146.774841     351.427663       0.940619       0.482240
        1.618123       4.344033       0.600417       0.000000     149.757141     346.112730       0.939165       0.469560
        1.682848       4.344033       0.600417       0.000000     152.539490     341.061073       0.937748       0.457210
        1.747573       4.344033       0.600417       0.000000     155.484314     336.025911       0.936395       0.445407
        1.812298       4.344033       0.600417       0.000000     158.281006     331.207008       0.935084       0.433983
        1.877023       4.344033       0.600417       0.000000     160.969421     326.499145       0.933850       0.423222
        1.941748       4.344033       0.600417       0.000000     162.234497     321.926106       0.932483       0.411299
        2.006473       4.344033       0.600417       0.000000     161.583069     317.505319       0.930994       0.398319
        2.071197       4.344033       0.600417       0.000000     160.644775     313.265125       0.929558       0.385797
        2.135922       4.344033       0.600417       0.000000     159.562866     309.118282       0.928140       0.373432
        2.200647       4.344033       0.600417       0.000000     158.325867     305.057358       0.926762       0.361419
        2.265372       4.344033       0.600417       0.000000     157.064575     301.021760       0.925445       0.349931
        2.330097       4.344033       0.600417       0.000000     155.726501     297.147587       0.924177       0.338876
        2.394822       4.344033       0.600417       0.000000     154.389465     293.329134       0.922979       0.328435
        2.459547       4.344033       0.600417       0.000000     153.049927     289.618257       0.921809       0.318229
        2.524272       4.344033       0.600417       0.000000     151.703979     286.003336       0.920694       0.308507
        2.588997       4.344033       0.600417       0.000000     150.290222     282.417679       0.919627       0.299208
        2.653722       4.344033       0.600417       0.000000     148.947571     278.989018       0.918610       0.290338
        2.718447       4.344033       0.600417       0.000000     147.573730     275.566724       0.917645       0.281927
        2.783172       4.344033       0.600417       0.000000     146.221008     272.251914       0.916732       0.273963
        2.847897       4.344033       0.600417       0.000000     144.857117     269.339751       0.915849       0.266264
        2.912621       4.344033       0.600417       0.000000     143.513306     266.700310       0.915022       0.259057
        2.977346       4.344033       0.600417       0.000000     142.202820     264.175295       0.914241       0.252244
        3.042071       4.344033       0.600417       0.000000     140.872864     261.816552       0.913486       0.245662
        3.106796       4.344033       0.600417       0.000000     139.592896     259.491749       0.912761       0.239337
        3.171521       4.344033       0.600417       0.000000     138.320740     257.333791       0.912066       0.233278
        3.236246       4.344033       0.600417       0.000000     137.057983     255.211605       0.911386       0.227347
        3.300971       4.344033       0.600417       0.000000     135.806824     253.184199       0.910728       0.221609
        3.365696       4.344033       0.600417       0.000000     134.583740     251.182761       0.910111       0.216236
        3.430421       4.344033       0.600417       0.000000     133.397522     249.292992       0.909506       0.210956
        3.495146       4.344033       0.600417       0.000000     132.197083     247.456892       0.908909       0.205750
        3.559871       4.344033       0.600417       0.000000     131.009277     245.700204       0.908357       0.200941
        3.624596       4.344033       0.600417       0.000000     129.852783     243.969247       0.907795       0.196036
        3.689321       4.344033       0.600417       0.000000     128.752075     242.278656       0.907275       0.191502
        3.754045       4.344033       0.600417       0.000000     127.658691     240.653976       0.906760       0.187015
        3.818770       4.344033       0.600417       0.000000     126.554565     239.074107       0.906251       0.182574
        3.883495       4.344033       0.600417       0.000000     125.467407     237.522527       0.905770       0.178380
        3.948220       4.344033       0.600417       0.000000     124.411499     236.035381       0.905307       0.174349
        4.012945       4.344033       0.600417       0.000000     123.404541     234.584741       0.904850       0.170363
        4.077670       4.344033       0.600417       0.000000     122.367432     233.194248       0.904412       0.166546
        4.142395       4.344033       0.600417       0.000000     121.373291     231.813802       0.903985       0.162820
        4.207120       4.344033       0.600417       0.000000     120.385864     230.471504       0.903562       0.159131
        4.271845       4.344033       0.600417       0.000000     119.432373     229.167904       0.903163       0.155648
        4.336570       4.344033       0.600417       0.000000     118.483887     227.892395       0.902746       0.152020
        4.401295       4.344033       0.600417       0.000000     117.528809     226.626493       0.902353       0.148591
        4.466020       4.344033       0.600417       0.000000     116.545654     225.344510       0.901923       0.144843
        4.530744       4.344033       0.600417       0.000000     115.607422     224.068971       0.901520       0.141325
        4.595469       4.344033       0.600417       0.000000     114.677124     222.809431       0.901091       0.137585
        4.660194       4.344033       0.600417       0.000000     113.762451     221.552655       0.900690       0.134090
        4.724919       4.344033       0.600417       0.000000     112.822266     220.315649       0.900272       0.130446
        4.789644       4.344033       0.600417       0.000000     111.927368     219.147677       0.899878       0.127012
        4.854369       4.344033       0.600417       0.000000     111.032715     217.969250       0.899496       0.123674
        4.919094       4.344033       0.600417       0.000000     110.131104     216.793844       0.899091       0.120144
        4.983819       4.344033       0.600417       0.000000     109.267578     215.639446       0.898722       0.116929
        5.048544       4.344033       0.600417       0.000000     108.415405     214.520592       0.898357       0.113749
        5.113269       4.344033       0.600417       0.000000     107.600342     213.428443       0.897988       0.110526
        5.177993       4.344033       0.600417       0.000000     106.739014     212.359765       0.897636       0.107463
        5.242719       4.344033       0.600417       0.000000     105.939941     211.289969       0.897285       0.104397
        5.307444       4.344033       0.600417       0.000000     105.091675     210.282709       0.896931       0.101312
        5.372168       4.344033       0.600417       0.000000     104.333984     209.243439       0.896610       0.098513
        5.436893       4.344033       0.600417       0.000000     103.530884     208.257260       0.896265       0.095510
        5.501618       4.344033       0.600417       0.000000     102.805908     207.315280       0.895960       0.092843
        5.566343       4.344033       0.600417       0.000000     102.026367     206.352793       0.895627       0.089942
        5.631068       4.344033       0.600417       0.000000     101.309692     205.394390       0.895336       0.087407
        5.695793       4.344033       0.600417       0.000000     100.608154     204.486572       0.895019       0.084646
        5.760518       4.344033       0.600417       0.000000      99.889648     203.542327       0.894739       0.082201
        5.825243       4.344033       0.600417       0.000000      99.173950     202.649278       0.894435       0.079549
        5.889968       4.344033       0.600417       0.000000      98.509155     201.823297       0.894159       0.077145
        5.954693       4.344033       0.600417       0.000000      97.839111     200.936840       0.893868       0.074610
        6.019418       4.344033       0.600417       0.000000      97.212891     200.097820       0.893613       0.072382
        6.084143       4.344033       0.600417       0.000000      96.558594     199.314824       0.893334       0.069952
        6.148868       4.344033       0.600417       0.000000      95.941895     198.449451       0.893074       0.067687
        6.213592       4.344033       0.600417       0.000000      95.358154     197.687205       0.892788       0.065185
        6.278317       4.344033       0.600417       0.000000      94.854004     196.832262       0.892506       0.062727
        6.343042       4.344033       0.600417       0.000000      94.368774     196.007684       0.892227       0.060301
        6.407767       4.344033       0.600417       0.000000      93.905884     195.135999       0.891926       0.057672
        6.472492       4.344033       0.600417       0.000000      93.521240     194.373531       0.891637       0.055156
        6.537217       4.344033       0.600417       0.000000      93.115479     193.506088       0.891349       0.052644
        6.601942       4.344033       0.600417       0.000000      92.771484     192.735247       0.891066       0.050178
        6.666667       4.344033       0.600417       0.000000      92.416992     191.912638       0.890803       0.047885
        6.731392       4.344033       0.600417       0.000000      92.073486     191.141667       0.890517       0.045386
        6.796117       4.344033       0.600417       0.000000      91.761963     190.405292       0.890249       0.043055
        6.860841       4.344033       0.600417       0.000000      91.481201     189.564985       0.889985       0.040749
        6.925566       4.344033       0.600417       0.000000      91.203247     188.837407       0.889718       0.038420
        6.990291       4.344033       0.600417       0.000000      90.910889     188.084060       0.889425       0.035866
        7.055017       4.344033       0.600417       0.000000      90.671509     187.350047       0.889182       0.033750
        7.119742       4.344033       0.600417       0.000000      90.421753     186.687245       0.888921       0.031473
        7.184466       4.344033       0.600417       0.000000      90.172363     185.943940       0.888677       0.029348
        7.249191       4.344033       0.600417       0.000000      89.972778     185.316640       0.888457       0.027428
        7.313916       4.344033       0.600417       0.000000      89.752075     184.641614       0.888195       0.025140
        7.378641       4.344033       0.600417       0.000000      89.548706     183.940158       0.887957       0.023068
        7.443366       4.344033       0.600417       0.000000      89.367676     183.289428       0.887745       0.021214
        7.508091       4.344033       0.600417       0.000000      89.184326     182.613496       0.887513       0.019192
        7.572816       4.344033       0.600417       0.000000      89.021851     181.989162       0.887305       0.017377
        7.637540       4.344033       0.600417       0.000000      88.845947     181.398848       0.887064       0.015281
        7.702265       4.344033       0.600417       0.000000      88.685425     180.759034       0.886855       0.013461
        7.766990       4.344033       0.600417       0.000000      88.549927     180.173124       0.886640       0.011579
