        0.032362       0.996094       0.003418       0.001426       0.000000       0.000000       0.000000       0.000000       0.000000       0.000000       0.000000       0.000000       0.000000       0.000000       0.000000       0.000000
        0.064725       0.996094       0.003418       0.004170       0.000000       0.000000       0.000000       0.000000       0.000000       0.000000       0.000000       0.000000       0.000000       0.000000       0.000000       0.000000
        0.097087       0.992188       0.007690       0.007539       0.000000       0.000000       0.000000       0.000000       0.000000       0.000000       0.000000       0.000000       0.000000       0.000000       0.000000       0.000000
        0.129450       0.988281       0.011536       0.011324       0.000000       0.000000       0.000000       0.000000       0.000000       0.000000       0.000000       0.000000       0.000000       0.000000       0.000000       0.000000
        0.161812       0.984375       0.015381       0.015250       0.000000       0.000000       0.000000       0.000000       0.000000       0.000000       0.000000       0.000000       0.000000       0.000000       0.000000       0.000000
        0.194175       0.980469       0.019226       0.019103       0.000000       0.000000       0.000000       0.000000       0.000000       0.000000       0.000000       0.000000       0.000000       0.000000       0.000000       0.000000
        0.226537       0.977539       0.022724       0.022819       0.000000       0.000000       0.000000       0.000000       0.000000       0.000000       0.000000       0.000000       0.000000       0.000000       0.000000       0.000000
        0.258900       0.973877       0.026072       0.026192       0.000000       0.000000       0.000000       0.000000       0.000000       0.000000       0.000000       0.000000       0.000000       0.000000       0.000000       0.000000
        0.291262       0.970703       0.029240       0.029235       0.000000       0.000000       0.000000       0.000000       0.000000       0.000000       0.000000       0.000000       0.000000       0.000000       0.000000       0.000000
        0.323625       0.968018       0.031920       0.031982       0.000000       0.000000       0.000000       0.000000       0.000000       0.000000       0.000000       0.000000       0.000000       0.000000       0.000000       0.000000
        0.355987       0.965820       0.034347       0.034407       0.000000       0.000000       0.000000       0.000000       0.000000       0.000000       0.000000       0.000000       0.000000       0.000000       0.000000       0.000000
        0.388350       0.963379       0.036550       0.036470       0.000000       0.000000       0.000000       0.000000       0.000000       0.000000       0.000000       0.000000       0.000000       0.000000       0.000000       0.000000
        0.420712       0.961670       0.038255       0.038337       0.000000       0.000000       0.000000       0.000000       0.000000       0.000000       0.000000       0.000000       0.000000       0.000000       0.000000       0.000000
        0.453074       0.959961       0.039961       0.039880       0.000000       0.000000       0.000000       0.000000       0.000000       0.000000       0.000000       0.000000       0.000000       0.000000       0.000000       0.000000
        0.485437       0.958740       0.041179       0.041293       0.000000       0.000000       0.000000       0.000000       0.000000       0.000000       0.000000       0.000000       0.000000       0.000000       0.000000       0.000000
        0.517799       0.957520       0.042397       0.042458       0.000000       0.000000       0.000000       0.000000       0.000000       0.000000       0.000000       0.000000       0.000000       0.000000       0.000000       0.000000
        0.550162       0.956543       0.043372       0.043489       0.000000       0.000000       0.000000       0.000000       0.000000       0.000000       0.000000       0.000000       0.000000       0.000000       0.000000       0.000000
        0.582524       0.955566       0.044347       0.044353       0.000000       0.000000       0.000000       0.000000       0.000000       0.000000       0.000000       0.000000       0.000000       0.000000       0.000000       0.000000
        0.614887       0.954834       0.045078       0.045154       0.000000       0.000000       0.000000       0.000000       0.000000       0.000000       0.000000       0.000000       0.000000       0.000000       0.000000       0.000000
        0.647249       0.954102       0.045809       0.045839       0.000000       0.000000       0.000000       0.000000       0.000000       0.000000       0.000000       0.000000       0.000000       0.000000       0.000000       0.000000
        0.679612       0.953613       0.046455       0.046480       0.000000       0.000000       0.000000       0.000000       0.000000       0.000000       0.000000       0.000000       0.000000       0.000000       0.000000       0.000000
        0.711974       0.953003       0.047066       0.047052       0.000000       0.000000       0.000000       0.000000       0.000000       0.000000       0.000000       0.000000       0.000000       0.000000       0.000000       0.000000
        0.744337       0.952271       0.047799       0.047528       0.000296       0.000000       0.000000       0.000000       0.000000       0.000000       0.000000       0.000000       0.000000       0.000000       0.000000       0.000000
        0.776699       0.951416       0.048655       0.047921       0.000813       0.000000       0.000000       0.000000       0.000000       0.000000       0.000000       0.000000       0.000000       0.000000       0.000000       0.000000
        0.809062       0.950439       0.049633       0.048247       0.001417       0.000000       0.000000       0.000000       0.000000       0.000000       0.000000       0.000000       0.000000       0.000000       0.000000       0.000000
        0.841424       0.949463       0.050611       0.048563       0.002079       0.000000       0.000000       0.000000       0.000000       0.000000       0.000000       0.000000       0.000000       0.000000       0.000000       0.000000
        0.873786       0.948364       0.051623       0.048859       0.002772       0.000000       0.000000       0.000000       0.000000       0.000000       0.000000       0.000000       0.000000       0.000000       0.000000       0.000000
        0.906149       0.947327       0.052660       0.049160       0.003490       0.000000       0.000000       0.000000       0.000000       0.000000       0.000000       0.000000       0.000000       0.000000       0.000000       0.000000
        0.938511       0.946289       0.053698       0.049476       0.004230       0.000000       0.000000       0.000000       0.000000       0.000000       0.000000       0.000000       0.000000       0.000000       0.000000       0.000000
        0.970874       0.945190       0.054796       0.049784       0.004974       0.000000       0.000000       0.000000       0.000000       0.000000       0.000000       0.000000       0.000000       0.000000       0.000000       0.000000
        1.003236       0.944092       0.055895       0.050109       0.005731       0.000000       0.000000       0.000000       0.000000       0.000000       0.000000       0.000000       0.000000       0.000000       0.000000       0.000000
        1.035599       0.942993       0.056993       0.050445       0.006494       0.000000       0.000000       0.000000       0.000000       0.000000       0.000000       0.000000       0.000000       0.000000       0.000000       0.000000
        1.067961       0.941895       0.058091       0.050778       0.007254       0.000000       0.000000       0.000000       0.000000       0.000000       0.000000       0.000000       0.000000       0.000000       0.000000       0.000000
        1.100324       0.940918       0.059068       0.051095       0.008002       0.000000       0.000000       0.000000       0.000000       0.000000       0.000000       0.000000       0.000000       0.000000       0.000000       0.000000
        1.132686       0.939941       0.060044       0.051306       0.008686       0.000000       0.000000       0.000000       0.000000       0.000000       0.000000       0.000000       0.000000       0.000000       0.000000       0.000000
        1.165049       0.939209       0.060776       0.051479       0.009340       0.000000       0.000000       0.000000       0.000000       0.000000       0.000000       0.000000       0.000000       0.000000       0.000000       0.000000
        1.197411       0.938538       0.061447       0.051546       0.009921       0.000000       0.000000       0.000000       0.000000       0.000000       0.000000       0.000000       0.000000       0.000000       0.000000       0.000000
        1.229774       0.937988       0.061997       0.051567       0.010462       0.000000       0.000000       0.000000       0.000000       0.000000       0.000000       0.000000       0.000000       0.000000       0.000000       0.000000
        1.262136       0.937500       0.062485       0.051547       0.010965       0.000000       0.000000       0.000000       0.000000       0.000000       0.000000       0.000000       0.000000       0.000000       0.000000       0.000000
        1.294498       0.937073       0.062912       0.051506       0.011441       0.000000       0.000000       0.000000       0.000000       0.000000       0.000000       0.000000       0.000000       0.000000       0.000000       0.000000
        1.326861       0.936646       0.063339       0.051444       0.011891       0.000000       0.000000       0.000000       0.000000       0.000000       0.000000       0.000000       0.000000       0.000000       0.000000       0.000000
        1.359223       0.936279       0.063705       0.051387       0.012329       0.000000       0.000000       0.000000       0.000000       0.000000       0.000000       0.000000       0.000000       0.000000       0.000000       0.000000
        1.391586       0.935913       0.064071       0.051320       0.012747       0.000000       0.000000       0.000000       0.000000       0.000000       0.000000       0.000000       0.000000       0.000000       0.000000       0.000000
        1.423948       0.935547       0.064437       0.051247       0.013148       0.000000       0.000000       0.000000       0.000000       0.000000       0.000000       0.000000       0.000000       0.000000       0.000000       0.000000
        1.456311       0.935303       0.064737       0.051205       0.013557       0.000000       0.000000       0.000000       0.000000       0.000000       0.000000       0.000000       0.000000       0.000000       0.000000       0.000000
        1.488673       0.934937       0.065048       0.051148       0.013943       0.000000       0.000000       0.000000       0.000000       0.000000       0.000000       0.000000       0.000000       0.000000       0.000000       0.000000
        1.521036       0.934570       0.065414       0.051072       0.014307       0.000000       0.000000       0.000000       0.000000       0.000000       0.000000       0.000000       0.000000       0.000000       0.000000       0.000000
        1.553398       0.934326       0.065714       0.051033       0.014682       0.000000       0.000000       0.000000       0.000000       0.000000       0.000000       0.000000       0.000000       0.000000       0.000000       0.000000
        1.585761       0.933960       0.066024       0.050983       0.015040       0.000000       0.000000       0.000000       0.000000       0.000000       0.000000       0.000000       0.000000       0.000000       0.000000       0.000000
        1.618123       0.933655       0.066329       0.050943       0.015394       0.000000       0.000000       0.000000       0.000000       0.000000       0.000000       0.000000       0.000000       0.000000       0.000000       0.000000
        1.650485       0.933350       0.066634       0.050907       0.015741       0.000000       0.000000       0.000000       0.000000       0.000000       0.000000       0.000000       0.000000       0.000000       0.000000       0.000000
        1.682848       0.933044       0.066939       0.050875       0.016081       0.000000       0.000000       0.000000       0.000000       0.000000       0.000000       0.000000       0.000000       0.000000       0.000000       0.000000
        1.715210       0.932739       0.067244       0.050847       0.016414       0.000000       0.000000       0.000000       0.000000       0.000000       0.000000       0.000000       0.000000       0.000000       0.000000       0.000000
        1.747573       0.932434       0.067549       0.050823       0.016742       0.000000       0.000000       0.000000       0.000000       0.000000       0.000000       0.000000       0.000000       0.000000       0.000000       0.000000
        1.779935       0.932129       0.067855       0.050803       0.017064       0.000000       0.000000       0.000000       0.000000       0.000000       0.000000       0.000000       0.000000       0.000000       0.000000       0.000000
        1.812298       0.931824       0.068160       0.050787       0.017380       0.000000       0.000000       0.000000       0.000000       0.000000       0.000000       0.000000       0.000000       0.000000       0.000000       0.000000
        1.844660       0.931519       0.068465       0.050774       0.017692       0.000000       0.000000       0.000000       0.000000       0.000000       0.000000       0.000000       0.000000       0.000000       0.000000       0.000000
        1.877023       0.931213       0.068770       0.050765       0.017998       0.000000       0.000000       0.000000       0.000000       0.000000       0.000000       0.000000       0.000000       0.000000       0.000000       0.000000
        1.909385       0.930908       0.069075       0.050759       0.018300       0.000000       0.000000       0.000000       0.000000       0.000000       0.000000       0.000000       0.000000       0.000000       0.000000       0.000000
        1.941748       0.930603       0.069380       0.050757       0.018597       0.000000       0.000000       0.000000       0.000000       0.000000       0.000000       0.000000       0.000000       0.000000       0.000000       0.000000
        1.974110       0.930328       0.069655       0.050771       0.018899       0.000000       0.000000       0.000000       0.000000       0.000000       0.000000       0.000000       0.000000       0.000000       0.000000       0.000000
        2.006473       0.930054       0.069959       0.050777       0.019189       0.000000       0.000000       0.000000       0.000000       0.000000       0.000000       0.000000       0.000000       0.000000       0.000000       0.000000
        2.038835       0.929749       0.070264       0.050783       0.019473       0.000000       0.000000       0.000000       0.000000       0.000000       0.000000       0.000000       0.000000       0.000000       0.000000       0.000000
        2.071197       0.929443       0.070539       0.050801       0.019760       0.000000       0.000000       0.000000       0.000000       0.000000       0.000000       0.000000       0.000000       0.000000       0.000000       0.000000
        2.103560       0.929138       0.070845       0.050812       0.020036       0.000000       0.000000       0.000000       0.000000       0.000000       0.000000       0.000000       0.000000       0.000000       0.000000       0.000000
        2.135922       0.928833       0.071150       0.050825       0.020307       0.000000       0.000000       0.000000       0.000000       0.000000       0.000000       0.000000       0.000000       0.000000       0.000000       0.000000
        2.168285       0.928558       0.071424       0.050853       0.020585       0.000000       0.000000       0.000000       0.000000       0.000000       0.000000       0.000000       0.000000       0.000000       0.000000       0.000000
        2.200647       0.928284       0.071729       0.050873       0.020851       0.000000       0.000000       0.000000       0.000000       0.000000       0.000000       0.000000       0.000000       0.000000       0.000000       0.000000
        2.233010       0.926941       0.071855       0.050817       0.021056       0.001232       0.000000       0.000000       0.000000       0.000000       0.000000       0.000000       0.000000       0.000000       0.000000       0.000000
        2.265372       0.923309       0.071692       0.050578       0.021119       0.005008       0.000000       0.000000       0.000000       0.000000       0.000000       0.000000       0.000000       0.000000       0.000000       0.000000
        2.297735       0.919067       0.071438       0.050290       0.021139       0.009511       0.000000       0.000000       0.000000       0.000000       0.000000       0.000000       0.000000       0.000000       0.000000       0.000000
        2.330097       0.914490       0.071132       0.049981       0.021137       0.014353       0.000000       0.000000       0.000000       0.000000       0.000000       0.000000       0.000000       0.000000       0.000000       0.000000
        2.362460       0.909790       0.070801       0.049663       0.021124       0.019428       0.000000       0.000000       0.000000       0.000000       0.000000       0.000000       0.000000       0.000000       0.000000       0.000000
        2.394822       0.904968       0.070444       0.049341       0.021101       0.024597       0.000000       0.000000       0.000000       0.000000       0.000000       0.000000       0.000000       0.000000       0.000000       0.000000
        2.427185       0.900085       0.070094       0.049011       0.021067       0.029817       0.000000       0.000000       0.000000       0.000000       0.000000       0.000000       0.000000       0.000000       0.000000       0.000000
        2.459547       0.895203       0.069714       0.048692       0.021035       0.035061       0.000000       0.000000       0.000000       0.000000       0.000000       0.000000       0.000000       0.000000       0.000000       0.000000
        2.491909       0.889496       0.070158       0.048082       0.020779       0.039052       0.000000       0.000000       0.000000       0.000000       0.001303       0.000000       0.000000       0.000000       0.000000       0.000000
        2.524272       0.883209       0.071205       0.047270       0.020365       0.041992       0.000000       0.000000       0.000000       0.000000       0.003579       0.000000       0.000000       0.000000       0.000000       0.000000
        2.556634       0.876923       0.072356       0.046438       0.019931       0.044706       0.000000       0.000000       0.000000       0.000000       0.005994       0.000000       0.000000       0.000000       0.000000       0.000000
        2.588997       0.870758       0.073551       0.045612       0.019497       0.047274       0.000000       0.000000       0.000000       0.000000       0.008441       0.000000       0.000000       0.000000       0.000000       0.000000
        2.621359       0.864624       0.074757       0.044796       0.019066       0.049726       0.000000       0.000000       0.000000       0.000000       0.010879       0.000000       0.000000       0.000000       0.000000       0.000000
        2.653722       0.858643       0.075961       0.044001       0.018646       0.052095       0.000000       0.000000       0.000000       0.000000       0.013311       0.000000       0.000000       0.000000       0.000000       0.000000
        2.686084       0.852753       0.077160       0.043223       0.018235       0.054384       0.000000       0.000000       0.000000       0.000000       0.015711       0.000000       0.000000       0.000000       0.000000       0.000000
        2.718447       0.846970       0.078360       0.042458       0.017831       0.056610       0.000000       0.000000       0.000000       0.000000       0.018068       0.000000       0.000000       0.000000       0.000000       0.000000
        2.750809       0.841309       0.079530       0.041723       0.017444       0.058758       0.000000       0.000000       0.000000       0.000000       0.020383       0.000000       0.000000       0.000000       0.000000       0.000000
        2.783172       0.835754       0.080708       0.040996       0.017061       0.060865       0.000000       0.000000       0.000000       0.000000       0.022650       0.000000       0.000000       0.000000       0.000000       0.000000
        2.815534       0.830338       0.081857       0.040298       0.016696       0.062911       0.000000       0.000000       0.000000       0.000000       0.024885       0.000000       0.000000       0.000000       0.000000       0.000000
        2.847897       0.825012       0.083005       0.039611       0.016336       0.064910       0.000000       0.000000       0.000000       0.000000       0.027055       0.000000       0.000000       0.000000       0.000000       0.000000
        2.880259       0.819824       0.084138       0.038948       0.015990       0.066865       0.000000       0.000000       0.000000       0.000000       0.029188       0.000000       0.000000       0.000000       0.000000       0.000000
        2.912621       0.814713       0.085239       0.038303       0.015654       0.068768       0.000000       0.000000       0.000000       0.000000       0.031285       0.000000       0.000000       0.000000       0.000000       0.000000
        2.944984       0.809692       0.086329       0.037673       0.015328       0.070629       0.000000       0.000000       0.000000       0.000000       0.033330       0.000000       0.000000       0.000000       0.000000       0.000000
        2.977346       0.804825       0.087401       0.037064       0.015013       0.072448       0.000000       0.000000       0.000000       0.000000       0.035332       0.000000       0.000000       0.000000       0.000000       0.000000
        3.009709       0.800018       0.088464       0.036468       0.014706       0.074228       0.000000       0.000000       0.000000       0.000000       0.037280       0.000000       0.000000       0.000000       0.000000       0.000000
        3.042071       0.795334       0.089509       0.035891       0.014410       0.075974       0.000000       0.000000       0.000000       0.000000       0.039198       0.000000       0.000000       0.000000       0.000000       0.000000
        3.074434       0.790726       0.090529       0.035330       0.014123       0.077669       0.000000       0.000000       0.000000       0.000000       0.041057       0.000000       0.000000       0.000000       0.000000       0.000000
        3.106796       0.786224       0.091529       0.034786       0.013846       0.079340       0.000000       0.000000       0.000000       0.000000       0.042905       0.000000       0.000000       0.000000       0.000000       0.000000
        3.139159       0.781815       0.092520       0.034255       0.013577       0.080971       0.000000       0.000000       0.000000       0.000000       0.044693       0.000000       0.000000       0.000000       0.000000       0.000000
        3.171521       0.777481       0.093490       0.033738       0.013315       0.082567       0.000000       0.000000       0.000000       0.000000       0.046442       0.000000       0.000000       0.000000       0.000000       0.000000
        3.203883       0.773254       0.094454       0.033235       0.013062       0.084142       0.000000       0.000000       0.000000       0.000000       0.048164       0.000000       0.000000       0.000000       0.000000       0.000000
        3.236246       0.769104       0.095406       0.032746       0.012817       0.085678       0.000000       0.000000       0.000000       0.000000       0.049829       0.000000       0.000000       0.000000       0.000000       0.000000
        3.268609       0.765030       0.096324       0.032270       0.012579       0.087182       0.000000       0.000000       0.000000       0.000000       0.051480       0.000000       0.000000       0.000000       0.000000       0.000000
        3.300971       0.761032       0.097236       0.031806       0.012348       0.088648       0.000000       0.000000       0.000000       0.000000       0.053066       0.000000       0.000000       0.000000       0.000000       0.000000
        3.333333       0.757126       0.098125       0.031359       0.012127       0.090091       0.000000       0.000000       0.000000       0.000000       0.054645       0.000000       0.000000       0.000000       0.000000       0.000000
        3.365696       0.753296       0.099013       0.030917       0.011908       0.091515       0.000000       0.000000       0.000000       0.000000       0.056182       0.000000       0.000000       0.000000       0.000000       0.000000
        3.398058       0.749542       0.099878       0.030491       0.011699       0.092905       0.000000       0.000000       0.000000       0.000000       0.057691       0.000000       0.000000       0.000000       0.000000       0.000000
        3.430421       0.745850       0.100726       0.030075       0.011495       0.094263       0.000000       0.000000       0.000000       0.000000       0.059157       0.000000       0.000000       0.000000       0.000000       0.000000
        3.462783       0.742233       0.101567       0.029669       0.011297       0.095597       0.000000       0.000000       0.000000       0.000000       0.060586       0.000000       0.000000       0.000000       0.000000       0.000000
        3.495146       0.738693       0.102390       0.029273       0.011105       0.096909       0.000000       0.000000       0.000000       0.000000       0.062001       0.000000       0.000000       0.000000       0.000000       0.000000
        3.527508       0.735214       0.103202       0.028889       0.010919       0.098202       0.000000       0.000000       0.000000       0.000000       0.063397       0.000000       0.000000       0.000000       0.000000       0.000000
        3.559871       0.731796       0.104004       0.028513       0.010738       0.099463       0.000000       0.000000       0.000000       0.000000       0.064736       0.000000       0.000000       0.000000       0.000000       0.000000
        3.592233       0.728455       0.104778       0.028150       0.010565       0.100697       0.000000       0.000000       0.000000       0.000000       0.066068       0.000000       0.000000       0.000000       0.000000       0.000000
        3.624596       0.725174       0.105544       0.027794       0.010396       0.101911       0.000000       0.000000       0.000000       0.000000       0.067370       0.000000       0.000000       0.000000       0.000000       0.000000
        3.656958       0.721947       0.106309       0.027445       0.010229       0.103108       0.000000       0.000000       0.000000       0.000000       0.068636       0.000000       0.000000       0.000000       0.000000       0.000000
        3.689321       0.718781       0.107054       0.027106       0.010069       0.104277       0.000000       0.000000       0.000000       0.000000       0.069878       0.000000       0.000000       0.000000       0.000000       0.000000
        3.721683       0.715683       0.107792       0.026775       0.009913       0.105430       0.000000       0.000000       0.000000       0.000000       0.071094       0.000000       0.000000       0.000000       0.000000       0.000000
        3.754045       0.712631       0.108512       0.026455       0.009763       0.106557       0.000000       0.000000       0.000000       0.000000       0.072288       0.000000       0.000000       0.000000       0.000000       0.000000
        3.786408       0.709641       0.109223       0.026139       0.009615       0.107670       0.000000       0.000000       0.000000       0.000000       0.073466       0.000000       0.000000       0.000000       0.000000       0.000000
        3.818770       0.706711       0.109925       0.025833       0.009473       0.108762       0.000000       0.000000       0.000000       0.000000       0.074615       0.000000       0.000000       0.000000       0.000000       0.000000
        3.851133       0.703819       0.110606       0.025533       0.009335       0.109830       0.000000       0.000000       0.000000       0.000000       0.075746       0.000000       0.000000       0.000000       0.000000       0.000000
        3.883495       0.700989       0.111287       0.025241       0.009200       0.110881       0.000000       0.000000       0.000000       0.000000       0.076840       0.000000       0.000000       0.000000       0.000000       0.000000
        3.915858       0.698212       0.111950       0.024956       0.009070       0.111915       0.000000       0.000000       0.000000       0.000000       0.077931       0.000000       0.000000       0.000000       0.000000       0.000000
        3.948220       0.695480       0.112606       0.024677       0.008942       0.112932       0.000000       0.000000       0.000000       0.000000       0.078994       0.000000       0.000000       0.000000       0.000000       0.000000
        3.980583       0.692787       0.113257       0.024404       0.008818       0.113928       0.000000       0.000000       0.000000       0.000000       0.080020       0.000000       0.000000       0.000000       0.000000       0.000000
        4.012945       0.690155       0.113888       0.024139       0.008698       0.114911       0.000000       0.000000       0.000000       0.000000       0.081054       0.000000       0.000000       0.000000       0.000000       0.000000
        4.045308       0.687561       0.114516       0.023878       0.008581       0.115877       0.000000       0.000000       0.000000       0.000000       0.082055       0.000000       0.000000       0.000000       0.000000       0.000000
        4.077670       0.685020       0.115128       0.023627       0.008468       0.116816       0.000000       0.000000       0.000000       0.000000       0.083024       0.000000       0.000000       0.000000       0.000000       0.000000
        4.110032       0.682526       0.115735       0.023378       0.008357       0.117750       0.000000       0.000000       0.000000       0.000000       0.083991       0.000000       0.000000       0.000000       0.000000       0.000000
        4.142395       0.680069       0.116331       0.023137       0.008250       0.118665       0.000000       0.000000       0.000000       0.000000       0.084937       0.000000       0.000000       0.000000       0.000000       0.000000
        4.174757       0.677650       0.116918       0.022900       0.008146       0.119566       0.000000       0.000000       0.000000       0.000000       0.085867       0.000000       0.000000       0.000000       0.000000       0.000000
        4.207120       0.675278       0.117492       0.022670       0.008044       0.120450       0.000000       0.000000       0.000000       0.000000       0.086783       0.000000       0.000000       0.000000       0.000000       0.000000
        4.239482       0.672943       0.118058       0.022444       0.007946       0.121317       0.000000       0.000000       0.000000       0.000000       0.087675       0.000000       0.000000       0.000000       0.000000       0.000000
        4.271845       0.670662       0.118617       0.022225       0.007851       0.122172       0.000000       0.000000       0.000000       0.000000       0.088551       0.000000       0.000000       0.000000       0.000000       0.000000
        4.304207       0.668404       0.119174       0.022007       0.007756       0.123012       0.000000       0.000000       0.000000       0.000000       0.089399       0.000000       0.000000       0.000000       0.000000       0.000000
        4.336570       0.666183       0.119722       0.021795       0.007664       0.123849       0.000000       0.000000       0.000000       0.000000       0.090258       0.000000       0.000000       0.000000       0.000000       0.000000
        4.368932       0.664001       0.120253       0.021589       0.007576       0.124658       0.000000       0.000000       0.000000       0.000000       0.091083       0.000000       0.000000       0.000000       0.000000       0.000000
        4.401295       0.661850       0.120780       0.021386       0.007490       0.125460       0.000000       0.000000       0.000000       0.000000       0.091903       0.000000       0.000000       0.000000       0.000000       0.000000
        4.433657       0.659760       0.121299       0.021190       0.007407       0.126250       0.000000       0.000000       0.000000       0.000000       0.092706       0.000000       0.000000       0.000000       0.000000       0.000000
        4.466020       0.657684       0.121811       0.020996       0.007325       0.127025       0.000000       0.000000       0.000000       0.000000       0.093491       0.000000       0.000000       0.000000       0.000000       0.000000
        4.498382       0.655640       0.122308       0.020808       0.007246       0.127783       0.000000       0.000000       0.000000       0.000000       0.094265       0.000000       0.000000       0.000000       0.000000       0.000000
        4.530744       0.653633       0.122808       0.020621       0.007167       0.128538       0.000000       0.000000       0.000000       0.000000       0.095025       0.000000       0.000000       0.000000       0.000000       0.000000
        4.563107       0.651665       0.123301       0.020440       0.007092       0.129277       0.000000       0.000000       0.000000       0.000000       0.095762       0.000000       0.000000       0.000000       0.000000       0.000000
        4.595469       0.649727       0.123772       0.020264       0.007019       0.129998       0.000000       0.000000       0.000000       0.000000       0.096502       0.000000       0.000000       0.000000       0.000000       0.000000
        4.627832       0.647812       0.124251       0.020089       0.006947       0.130718       0.000000       0.000000       0.000000       0.000000       0.097221       0.000000       0.000000       0.000000       0.000000       0.000000
        4.660194       0.645943       0.124722       0.019920       0.006878       0.131419       0.000000       0.000000       0.000000       0.000000       0.097915       0.000000       0.000000       0.000000       0.000000       0.000000
        4.692557       0.644089       0.125175       0.019753       0.006810       0.132113       0.000000       0.000000       0.000000       0.000000       0.098625       0.000000       0.000000       0.000000       0.000000       0.000000
        4.724919       0.642273       0.125632       0.019591       0.006744       0.132794       0.000000       0.000000       0.000000       0.000000       0.099299       0.000000       0.000000       0.000000       0.000000       0.000000
        4.757281       0.640480       0.126080       0.019431       0.006679       0.133467       0.000000       0.000000       0.000000       0.000000       0.099973       0.000000       0.000000       0.000000       0.000000       0.000000
        4.789644       0.638718       0.126524       0.019274       0.006616       0.134131       0.000000       0.000000       0.000000       0.000000       0.100631       0.000000       0.000000       0.000000       0.000000       0.000000
        4.822007       0.636986       0.126956       0.019121       0.006556       0.134780       0.000000       0.000000       0.000000       0.000000       0.101279       0.000000       0.000000       0.000000       0.000000       0.000000
        4.854369       0.635284       0.127386       0.018971       0.006496       0.135418       0.000000       0.000000       0.000000       0.000000       0.101906       0.000000       0.000000       0.000000       0.000000       0.000000
        4.886732       0.633598       0.127808       0.018824       0.006438       0.136053       0.000000       0.000000       0.000000       0.000000       0.102541       0.000000       0.000000       0.000000       0.000000       0.000000
        4.919094       0.631943       0.128219       0.018680       0.006382       0.136675       0.000000       0.000000       0.000000       0.000000       0.103168       0.000000       0.000000       0.000000       0.000000       0.000000
        4.951456       0.630318       0.128632       0.018538       0.006326       0.137288       0.000000       0.000000       0.000000       0.000000       0.103770       0.000000       0.000000       0.000000       0.000000       0.000000
        4.983819       0.628716       0.129035       0.018401       0.006273       0.137885       0.000000       0.000000       0.000000       0.000000       0.104352       0.000000       0.000000       0.000000       0.000000       0.000000
        5.016181       0.627136       0.129435       0.018265       0.006221       0.138482       0.000000       0.000000       0.000000       0.000000       0.104943       0.000000       0.000000       0.000000       0.000000       0.000000
        5.048544       0.625587       0.129823       0.018133       0.006170       0.139064       0.000000       0.000000       0.000000       0.000000       0.105522       0.000000       0.000000       0.000000       0.000000       0.000000
        5.080906       0.624054       0.130214       0.018002       0.006120       0.139644       0.000000       0.000000       0.000000       0.000000       0.106089       0.000000       0.000000       0.000000       0.000000       0.000000
        5.113269       0.622551       0.130593       0.017875       0.006073       0.140212       0.000000       0.000000       0.000000       0.000000       0.106653       0.000000       0.000000       0.000000       0.000000       0.000000
        5.145631       0.621063       0.130966       0.017749       0.006025       0.140767       0.000000       0.000000       0.000000       0.000000       0.107196       0.000000       0.000000       0.000000       0.000000       0.000000
        5.177993       0.619606       0.131338       0.017627       0.005980       0.141318       0.000000       0.000000       0.000000       0.000000       0.107735       0.000000       0.000000       0.000000       0.000000       0.000000
        5.210356       0.618164       0.131708       0.017506       0.005934       0.141866       0.000000       0.000000       0.000000       0.000000       0.108271       0.000000       0.000000       0.000000       0.000000       0.000000
        5.242719       0.616753       0.132067       0.017389       0.005891       0.142399       0.000000       0.000000       0.000000       0.000000       0.108793       0.000000       0.000000       0.000000       0.000000       0.000000
        5.275081       0.615356       0.132425       0.017272       0.005848       0.142923       0.000000       0.000000       0.000000       0.000000       0.109296       0.000000       0.000000       0.000000       0.000000       0.000000
        5.307444       0.613976       0.132777       0.017159       0.005807       0.143442       0.000000       0.000000       0.000000       0.000000       0.109799       0.000000       0.000000       0.000000       0.000000       0.000000
        5.339806       0.612625       0.133117       0.017049       0.005768       0.143951       0.000000       0.000000       0.000000       0.000000       0.110303       0.000000       0.000000       0.000000       0.000000       0.000000
        5.372168       0.611282       0.133464       0.016938       0.005727       0.144461       0.000000       0.000000       0.000000       0.000000       0.110793       0.000000       0.000000       0.000000       0.000000       0.000000
        5.404531       0.609978       0.133798       0.016832       0.005690       0.144956       0.000000       0.000000       0.000000       0.000000       0.111278       0.000000       0.000000       0.000000       0.000000       0.000000
        5.436893       0.608681       0.134128       0.016727       0.005653       0.145441       0.000000       0.000000       0.000000       0.000000       0.111745       0.000000       0.000000       0.000000       0.000000       0.000000
        5.469256       0.607407       0.134455       0.016624       0.005616       0.145926       0.000000       0.000000       0.000000       0.000000       0.112219       0.000000       0.000000       0.000000       0.000000       0.000000
        5.501618       0.606155       0.134783       0.016523       0.005581       0.146402       0.000000       0.000000       0.000000       0.000000       0.112669       0.000000       0.000000       0.000000       0.000000       0.000000
        5.533981       0.604904       0.135095       0.016424       0.005547       0.146868       0.000000       0.000000       0.000000       0.000000       0.113126       0.000000       0.000000       0.000000       0.000000       0.000000
        5.566343       0.603683       0.135407       0.016327       0.005514       0.147328       0.000000       0.000000       0.000000       0.000000       0.113571       0.000000       0.000000       0.000000       0.000000       0.000000
        5.598706       0.602478       0.135723       0.016230       0.005479       0.147789       0.000000       0.000000       0.000000       0.000000       0.114012       0.000000       0.000000       0.000000       0.000000       0.000000
        5.631068       0.601295       0.136026       0.016137       0.005448       0.148235       0.000000       0.000000       0.000000       0.000000       0.114442       0.000000       0.000000       0.000000       0.000000       0.000000
        5.663431       0.600136       0.136331       0.016045       0.005417       0.148678       0.000000       0.000000       0.000000       0.000000       0.114862       0.000000       0.000000       0.000000       0.000000       0.000000
        5.695793       0.598976       0.136624       0.015954       0.005387       0.149113       0.000000       0.000000       0.000000       0.000000       0.115285       0.000000       0.000000       0.000000       0.000000       0.000000
        5.728156       0.597839       0.136920       0.015866       0.005357       0.149542       0.000000       0.000000       0.000000       0.000000       0.115690       0.000000       0.000000       0.000000       0.000000       0.000000
        5.760518       0.596725       0.137213       0.015779       0.005329       0.149971       0.000000       0.000000       0.000000       0.000000       0.116100       0.000000       0.000000       0.000000       0.000000       0.000000
        5.792880       0.595619       0.137493       0.015694       0.005301       0.150384       0.000000       0.000000       0.000000       0.000000       0.116500       0.000000       0.000000       0.000000       0.000000       0.000000
        5.825243       0.594536       0.137774       0.015610       0.005274       0.150798       0.000000       0.000000       0.000000       0.000000       0.116898       0.000000       0.000000       0.000000       0.000000       0.000000
        5.857605       0.593468       0.138050       0.015529       0.005249       0.151201       0.000000       0.000000       0.000000       0.000000       0.117280       0.000000       0.000000       0.000000       0.000000       0.000000
        5.889968       0.592407       0.138329       0.015447       0.005222       0.151605       0.000000       0.000000       0.000000       0.000000       0.117663       0.000000       0.000000       0.000000       0.000000       0.000000
        5.922330       0.591362       0.138602       0.015367       0.005197       0.152001       0.000000       0.000000       0.000000       0.000000       0.118038       0.000000       0.000000       0.000000       0.000000       0.000000
        5.954693       0.590340       0.138867       0.015290       0.005173       0.152387       0.000000       0.000000       0.000000       0.000000       0.118403       0.000000       0.000000       0.000000       0.000000       0.000000
        5.987055       0.589325       0.139134       0.015212       0.005149       0.152774       0.000000       0.000000       0.000000       0.000000       0.118769       0.000000       0.000000       0.000000       0.000000       0.000000
        6.019418       0.588326       0.139390       0.015138       0.005126       0.153150       0.000000       0.000000       0.000000       0.000000       0.119127       0.000000       0.000000       0.000000       0.000000       0.000000
        6.051780       0.587341       0.139646       0.015065       0.005104       0.153524       0.000000       0.000000       0.000000       0.000000       0.119483       0.000000       0.000000       0.000000       0.000000       0.000000
        6.084143       0.586372       0.139902       0.014991       0.005082       0.153892       0.000000       0.000000       0.000000       0.000000       0.119825       0.000000       0.000000       0.000000       0.000000       0.000000
        6.116505       0.585419       0.140158       0.014920       0.005060       0.154260       0.000000       0.000000       0.000003       0.000000       0.120168       0.000000       0.000000       0.000000       0.000000       0.000000
        6.148868       0.584412       0.140427       0.014846       0.005037       0.154615       0.000000       0.000000       0.000093       0.000000       0.120456       0.000000       0.000000       0.000000       0.000000       0.000000
        6.181230       0.583397       0.140714       0.014774       0.005014       0.154965       0.000000       0.000000       0.000231       0.000000       0.120693       0.000000       0.000000       0.000000       0.000000       0.000000
        6.213592       0.582359       0.141009       0.014697       0.004989       0.155319       0.000000       0.000000       0.000397       0.000000       0.120930       0.000000       0.000000       0.000000       0.000000       0.000000
        6.245955       0.581329       0.141300       0.014624       0.004965       0.155655       0.000000       0.000000       0.000582       0.000000       0.121127       0.000000       0.000000       0.000000       0.000000       0.000000
        6.278317       0.580307       0.141595       0.014552       0.004941       0.155993       0.000000       0.000000       0.000786       0.000000       0.121324       0.000000       0.000000       0.000000       0.000000       0.000000
        6.310680       0.579277       0.141892       0.014479       0.004917       0.156325       0.000000       0.000000       0.001000       0.000000       0.121504       0.000000       0.000000       0.000000       0.000000       0.000000
        6.343042       0.578255       0.142192       0.014407       0.004893       0.156651       0.000000       0.000000       0.001225       0.000000       0.121663       0.000000       0.000000       0.000000       0.000000       0.000000
        6.375405       0.577248       0.142486       0.014336       0.004870       0.156975       0.000000       0.000000       0.001462       0.000000       0.121827       0.000000       0.000000       0.000000       0.000000       0.000000
        6.407767       0.576241       0.142792       0.014265       0.004847       0.157300       0.000000       0.000000       0.001705       0.000000       0.121975       0.000000       0.000000       0.000000       0.000000       0.000000
        6.440130       0.575241       0.143089       0.014195       0.004824       0.157611       0.000000       0.000000       0.001954       0.000000       0.122107       0.000000       0.000000       0.000000       0.000000       0.000000
        6.472492       0.574242       0.143380       0.014127       0.004802       0.157919       0.000000       0.000000       0.002211       0.000000       0.122241       0.000000       0.000000       0.000000       0.000000       0.000000
        6.504855       0.573265       0.143674       0.014059       0.004779       0.158226       0.000000       0.000000       0.002475       0.000000       0.122371       0.000000       0.000000       0.000000       0.000000       0.000000
        6.537217       0.572281       0.143972       0.013992       0.004757       0.158526       0.000000       0.000000       0.002739       0.000000       0.122476       0.000000       0.000000       0.000000       0.000000       0.000000
        6.569580       0.571320       0.144261       0.013926       0.004736       0.158823       0.000000       0.000000       0.003013       0.000000       0.122591       0.000000       0.000000       0.000000       0.000000       0.000000
        6.601942       0.570351       0.144552       0.013860       0.004714       0.159114       0.000000       0.000000       0.003286       0.000000       0.122687       0.000000       0.000000       0.000000       0.000000       0.000000
        6.634304       0.569397       0.144845       0.013795       0.004693       0.159409       0.000000       0.000000       0.003565       0.000000       0.122792       0.000000       0.000000       0.000000       0.000000       0.000000
        6.666667       0.568451       0.145128       0.013732       0.004673       0.159688       0.000000       0.000000       0.003847       0.000000       0.122877       0.000000       0.000000       0.000000       0.000000       0.000000
        6.699029       0.567520       0.145418       0.013669       0.004652       0.159973       0.000000       0.000000       0.004134       0.000000       0.122963       0.000000       0.000000       0.000000       0.000000       0.000000
        6.731392       0.566582       0.145699       0.013606       0.004632       0.160247       0.000000       0.000000       0.004419       0.000000       0.123041       0.000000       0.000000       0.000000       0.000000       0.000000
        6.763754       0.565666       0.145984       0.013544       0.004612       0.160524       0.000000       0.000000       0.004711       0.000000       0.123121       0.000000       0.000000       0.000000       0.000000       0.000000
        6.796117       0.564758       0.146266       0.013484       0.004593       0.160793       0.000000       0.000000       0.005003       0.000000       0.123187       0.000000       0.000000       0.000000       0.000000       0.000000
        6.828479       0.563850       0.146541       0.013424       0.004574       0.161057       0.000000       0.000000       0.005297       0.000000       0.123254       0.000000       0.000000       0.000000       0.000000       0.000000
        6.860841       0.562958       0.146824       0.013364       0.004555       0.161320       0.000000       0.000000       0.005592       0.000000       0.123307       0.000000       0.000000       0.000000       0.000000       0.000000
        6.893204       0.562065       0.147097       0.013306       0.004537       0.161579       0.000000       0.000000       0.005888       0.000000       0.123365       0.000000       0.000000       0.000000       0.000000       0.000000
        6.925566       0.561188       0.147372       0.013248       0.004519       0.161832       0.000000       0.000000       0.006188       0.000000       0.123413       0.000000       0.000000       0.000000       0.000000       0.000000
        6.957929       0.560318       0.147646       0.013191       0.004501       0.162089       0.000000       0.000000       0.006489       0.000000       0.123467       0.000000       0.000000       0.000000       0.000000       0.000000
        6.990291       0.559456       0.147912       0.013135       0.004484       0.162329       0.000000       0.000000       0.006789       0.000000       0.123497       0.000000       0.000000       0.000000       0.000000       0.000000
        7.022654       0.558601       0.148181       0.013079       0.004467       0.162575       0.000000       0.000000       0.007091       0.000000       0.123537       0.000000       0.000000       0.000000       0.000000       0.000000
        7.055017       0.557755       0.148448       0.013025       0.004450       0.162822       0.000000       0.000000       0.007397       0.000000       0.123585       0.000000       0.000000       0.000000       0.000000       0.000000
        7.087379       0.556915       0.148712       0.012970       0.004433       0.163057       0.000000       0.000000       0.007700       0.000000       0.123612       0.000000       0.000000       0.000000       0.000000       0.000000
        7.119742       0.556084       0.148979       0.012916       0.004416       0.163296       0.000000       0.000000       0.008005       0.000000       0.123640       0.000000       0.000000       0.000000       0.000000       0.000000
        7.152104       0.555260       0.149238       0.012863       0.004400       0.163528       0.000000       0.000000       0.008311       0.000000       0.123669       0.000000       0.000000       0.000000       0.000000       0.000000
        7.184466       0.554451       0.149500       0.012812       0.004385       0.163758       0.000000       0.000000       0.008618       0.000000       0.123688       0.000000       0.000000       0.000000       0.000000       0.000000
        7.216829       0.553635       0.149753       0.012760       0.004369       0.163981       0.000000       0.000000       0.008923       0.000000       0.123708       0.000000       0.000000       0.000000       0.000000       0.000000
        7.249191       0.552834       0.150010       0.012709       0.004354       0.164201       0.000000       0.000000       0.009228       0.000000       0.123711       0.000000       0.000000       0.000000       0.000000       0.000000
        7.281554       0.552048       0.150268       0.012658       0.004338       0.164426       0.000000       0.000000       0.009537       0.000000       0.123729       0.000000       0.000000       0.000000       0.000000       0.000000
        7.313916       0.551262       0.150519       0.012609       0.004324       0.164642       0.000000       0.000000       0.009845       0.000000       0.123737       0.000000       0.000000       0.000000       0.000000       0.000000
        7.346279       0.550484       0.150769       0.012560       0.004309       0.164856       0.000000       0.000000       0.010153       0.000000       0.123745       0.000000       0.000000       0.000000       0.000000       0.000000
        7.378641       0.549706       0.151011       0.012511       0.004295       0.165063       0.000000       0.000000       0.010460       0.000000       0.123750       0.000000       0.000000       0.000000       0.000000       0.000000
        7.411003       0.548950       0.151259       0.012464       0.004281       0.165271       0.000000       0.000000       0.010771       0.000000       0.123749       0.000000       0.000000       0.000000       0.000000       0.000000
        7.443366       0.548195       0.151506       0.012417       0.004268       0.165478       0.000000       0.000000       0.011078       0.000000       0.123744       0.000000       0.000000       0.000000       0.000000       0.000000
        7.475728       0.547447       0.151751       0.012370       0.004254       0.165683       0.000000       0.000000       0.011387       0.000000       0.123742       0.000000       0.000000       0.000000       0.000000       0.000000
        7.508091       0.546700       0.151989       0.012324       0.004241       0.165881       0.000000       0.000000       0.011695       0.000000       0.123736       0.000000       0.000000       0.000000       0.000000       0.000000
        7.540453       0.545967       0.152229       0.012279       0.004228       0.166078       0.000000       0.000000       0.012003       0.000000       0.123725       0.000000       0.000000       0.000000       0.000000       0.000000
        7.572816       0.545250       0.152469       0.012235       0.004216       0.166272       0.000000       0.000000       0.012312       0.000000       0.123704       0.000000       0.000000       0.000000       0.000000       0.000000
        7.605178       0.544518       0.152703       0.012189       0.004203       0.166462       0.000000       0.000000       0.012618       0.000000       0.123693       0.000000       0.000000       0.000000       0.000000       0.000000
        7.637540       0.543808       0.152937       0.012146       0.004191       0.166652       0.000000       0.000000       0.012928       0.000000       0.123675       0.000000       0.000000       0.000000       0.000000       0.000000
        7.669903       0.543106       0.153170       0.012103       0.004179       0.166838       0.000000       0.000000       0.013237       0.000000       0.123654       0.000000       0.000000       0.000000       0.000000       0.000000
        7.702265       0.542404       0.153399       0.012061       0.004167       0.167019       0.000000       0.000000       0.013544       0.000000       0.123626       0.000000       0.000000       0.000000       0.000000       0.000000
        7.734628       0.541710       0.153632       0.012018       0.004155       0.167203       0.000000       0.000000       0.013849       0.000000       0.123605       0.000000       0.000000       0.000000       0.000000       0.000000
        7.766990       0.541023       0.153859       0.011976       0.004144       0.167384       0.000000       0.000000       0.014158       0.000000       0.123583       0.000000       0.000000       0.000000       0.000000       0.000000
