  density  pressure  energy
   0.500000E-02   0.706282E-02   0.470501E+01
   0.100000E-01   0.211888E-01   0.942252E+01
   0.150000E-01   0.394299E-01   0.141531E+02
   0.200000E-01   0.604253E-01   0.188858E+02
   0.250000E-01   0.821551E-01   0.236235E+02
   0.300000E-01   0.102730E+00   0.283649E+02
   0.350000E-01   0.121303E+00   0.331303E+02
   0.400000E-01   0.136561E+00   0.378698E+02
   0.450000E-01   0.148543E+00   0.426207E+02
   0.500000E-01   0.158344E+00   0.473734E+02
   0.550000E-01   0.166444E+00   0.521390E+02
   0.600000E-01   0.173819E+00   0.568801E+02
   0.650000E-01   0.183178E+00   0.616357E+02
   0.700000E-01   0.194440E+00   0.663902E+02
   0.750000E-01   0.211322E+00   0.711480E+02
   0.800000E-01   0.233689E+00   0.759054E+02
   0.850000E-01   0.264469E+00   0.806653E+02
   0.900000E-01   0.304037E+00   0.854259E+02
   0.950000E-01   0.355493E+00   0.901906E+02
   0.100000E+00   0.419033E+00   0.949572E+02
   0.105000E+00   0.496837E+00   0.997436E+02
   0.110000E+00   0.589372E+00   0.104519E+03
   0.115000E+00   0.696870E+00   0.109299E+03
   0.120000E+00   0.820488E+00   0.114085E+03
   0.125000E+00   0.960682E+00   0.118875E+03
   0.130000E+00   0.111941E+01   0.123672E+03
   0.135000E+00   0.129659E+01   0.128464E+03
   0.140000E+00   0.149399E+01   0.133273E+03
   0.145000E+00   0.171245E+01   0.138090E+03
   0.150000E+00   0.195298E+01   0.142914E+03
   0.155000E+00   0.222003E+01   0.147747E+03
   0.160000E+00   0.252322E+01   0.152589E+03
   0.165000E+00   0.288599E+01   0.157442E+03
   0.170000E+00   0.335457E+01   0.162309E+03
   0.175000E+00   0.398627E+01   0.167188E+03
   0.180000E+00   0.481544E+01   0.172092E+03
   0.185000E+00   0.582505E+01   0.177019E+03
   0.190000E+00   0.698008E+01   0.181977E+03
   0.195000E+00   0.824595E+01   0.186965E+03
   0.200000E+00   0.959731E+01   0.191987E+03
   0.205000E+00   0.110173E+02   0.197044E+03
   0.210000E+00   0.124935E+02   0.202137E+03
   0.215000E+00   0.140169E+02   0.207264E+03
   0.220000E+00   0.155814E+02   0.212427E+03
   0.225000E+00   0.171873E+02   0.217642E+03
   0.230000E+00   0.188178E+02   0.222866E+03
   0.235000E+00   0.204813E+02   0.228135E+03
   0.240000E+00   0.221782E+02   0.233458E+03
   0.245000E+00   0.238914E+02   0.238787E+03
   0.250000E+00   0.256335E+02   0.244166E+03
   0.255000E+00   0.273983E+02   0.249579E+03
   0.260000E+00   0.291847E+02   0.255028E+03
   0.265000E+00   0.309919E+02   0.260511E+03
   0.270000E+00   0.328183E+02   0.266028E+03
   0.275000E+00   0.346639E+02   0.271579E+03
   0.280000E+00   0.365276E+02   0.277163E+03
   0.285000E+00   0.384087E+02   0.282781E+03
   0.290000E+00   0.403066E+02   0.288432E+03
   0.295000E+00   0.422210E+02   0.294116E+03
   0.300000E+00   0.441510E+02   0.299833E+03
   0.305000E+00   0.460972E+02   0.305584E+03
   0.310000E+00   0.480615E+02   0.311375E+03
   0.315000E+00   0.500362E+02   0.317188E+03
   0.320000E+00   0.520224E+02   0.323023E+03
   0.325000E+00   0.540251E+02   0.328897E+03
   0.330000E+00   0.560415E+02   0.334803E+03
   0.335000E+00   0.580719E+02   0.340742E+03
   0.340000E+00   0.601179E+02   0.346721E+03
   0.345000E+00   0.620930E+02   0.352721E+03
   0.350000E+00   0.639026E+02   0.358742E+03
   0.355000E+00   0.656694E+02   0.364795E+03
   0.360000E+00   0.674079E+02   0.370851E+03
   0.365000E+00   0.691444E+02   0.376970E+03
   0.370000E+00   0.708679E+02   0.383089E+03
   0.375000E+00   0.725863E+02   0.389228E+03
   0.380000E+00   0.743030E+02   0.395390E+03
   0.385000E+00   0.759339E+02   0.401596E+03
   0.390000E+00   0.774918E+02   0.407797E+03
   0.395000E+00   0.790490E+02   0.414032E+03
   0.400000E+00   0.806048E+02   0.420290E+03
   0.405000E+00   0.821625E+02   0.426548E+03
   0.410000E+00   0.837304E+02   0.432847E+03
   0.415000E+00   0.853033E+02   0.439162E+03
   0.420000E+00   0.868825E+02   0.445486E+03
   0.425000E+00   0.884659E+02   0.451828E+03
   0.430000E+00   0.900635E+02   0.458189E+03
   0.435000E+00   0.916621E+02   0.464579E+03
   0.440000E+00   0.932740E+02   0.470974E+03
   0.445000E+00   0.948934E+02   0.477407E+03
   0.450000E+00   0.965223E+02   0.483849E+03
   0.455000E+00   0.981561E+02   0.490298E+03
   0.460000E+00   0.998020E+02   0.496777E+03
   0.465000E+00   0.101454E+03   0.503265E+03
   0.470000E+00   0.103119E+03   0.509792E+03
   0.475000E+00   0.104784E+03   0.516301E+03
   0.480000E+00   0.106463E+03   0.522857E+03
   0.485000E+00   0.108152E+03   0.529423E+03
   0.490000E+00   0.109848E+03   0.535993E+03
   0.495000E+00   0.111554E+03   0.542613E+03
   0.500000E+00   0.113264E+03   0.549230E+03
   0.505000E+00   0.114986E+03   0.555860E+03
   0.510000E+00   0.116713E+03   0.562492E+03
   0.515000E+00   0.118451E+03   0.569171E+03
   0.520000E+00   0.120201E+03   0.575860E+03
   0.525000E+00   0.121957E+03   0.582568E+03
   0.530000E+00   0.123717E+03   0.589272E+03
   0.535000E+00   0.125490E+03   0.596002E+03
   0.540000E+00   0.127269E+03   0.602750E+03
   0.545000E+00   0.129056E+03   0.609536E+03
   0.550000E+00   0.130852E+03   0.616311E+03
   0.555000E+00   0.132656E+03   0.623111E+03
   0.560000E+00   0.134470E+03   0.629932E+03
   0.565000E+00   0.136291E+03   0.636763E+03
   0.570000E+00   0.138118E+03   0.643605E+03
   0.575000E+00   0.139958E+03   0.650474E+03
   0.580000E+00   0.141799E+03   0.657353E+03
   0.585000E+00   0.143653E+03   0.664256E+03
   0.590000E+00   0.145514E+03   0.671181E+03
   0.595000E+00   0.147381E+03   0.678096E+03
   0.600000E+00   0.149261E+03   0.685044E+03
   0.605000E+00   0.151145E+03   0.692012E+03
   0.610000E+00   0.153035E+03   0.698981E+03
   0.615000E+00   0.154934E+03   0.705964E+03
   0.620000E+00   0.156840E+03   0.712981E+03
   0.625000E+00   0.158760E+03   0.720005E+03
   0.630000E+00   0.160677E+03   0.727029E+03
   0.635000E+00   0.162614E+03   0.734088E+03
   0.640000E+00   0.164551E+03   0.741164E+03
   0.645000E+00   0.166495E+03   0.748243E+03
   0.650000E+00   0.168448E+03   0.755344E+03
   0.655000E+00   0.170405E+03   0.762448E+03
   0.660000E+00   0.172376E+03   0.769588E+03
   0.665000E+00   0.174349E+03   0.776713E+03
   0.670000E+00   0.176338E+03   0.783897E+03
   0.675000E+00   0.178325E+03   0.791057E+03
   0.680000E+00   0.180322E+03   0.798248E+03
   0.685000E+00   0.182324E+03   0.805460E+03
   0.690000E+00   0.184342E+03   0.812678E+03
   0.695000E+00   0.186356E+03   0.819903E+03
   0.700000E+00   0.188389E+03   0.827147E+03
   0.705000E+00   0.190419E+03   0.834411E+03
   0.710000E+00   0.192456E+03   0.841679E+03
   0.715000E+00   0.194505E+03   0.848970E+03
   0.720000E+00   0.196560E+03   0.856269E+03
   0.725000E+00   0.198627E+03   0.863594E+03
   0.730000E+00   0.200694E+03   0.870928E+03
   0.735000E+00   0.202769E+03   0.878274E+03
   0.740000E+00   0.204853E+03   0.885638E+03
   0.745000E+00   0.206943E+03   0.893012E+03
   0.750000E+00   0.209038E+03   0.900385E+03
   0.755000E+00   0.211143E+03   0.907803E+03
   0.760000E+00   0.213254E+03   0.915232E+03
   0.765000E+00   0.215376E+03   0.922651E+03
   0.770000E+00   0.217491E+03   0.930081E+03
   0.775000E+00   0.219626E+03   0.937546E+03
   0.780000E+00   0.221766E+03   0.945023E+03
   0.785000E+00   0.223911E+03   0.952514E+03
   0.790000E+00   0.226060E+03   0.960022E+03
   0.795000E+00   0.228222E+03   0.967519E+03
   0.800000E+00   0.230386E+03   0.975053E+03
   0.805000E+00   0.232560E+03   0.982603E+03
   0.810000E+00   0.234736E+03   0.990162E+03
   0.815000E+00   0.236922E+03   0.997710E+03
   0.820000E+00   0.239109E+03   0.100530E+04
   0.825000E+00   0.241304E+03   0.101289E+04
   0.830000E+00   0.243512E+03   0.102050E+04
   0.835000E+00   0.245725E+03   0.102813E+04
   0.840000E+00   0.247940E+03   0.103575E+04
   0.845000E+00   0.250165E+03   0.104340E+04
   0.850000E+00   0.252392E+03   0.105107E+04
   0.855000E+00   0.254631E+03   0.105874E+04
   0.860000E+00   0.256864E+03   0.106643E+04
   0.865000E+00   0.259121E+03   0.107413E+04
   0.870000E+00   0.261374E+03   0.108183E+04
   0.875000E+00   0.263637E+03   0.108956E+04
   0.880000E+00   0.265911E+03   0.109730E+04
   0.885000E+00   0.268178E+03   0.110505E+04
   0.890000E+00   0.270463E+03   0.111283E+04
   0.895000E+00   0.272745E+03   0.112059E+04
   0.900000E+00   0.275045E+03   0.112840E+04
   0.905000E+00   0.277339E+03   0.113620E+04
   0.910000E+00   0.279643E+03   0.114401E+04
   0.915000E+00   0.281957E+03   0.115184E+04
   0.920000E+00   0.284274E+03   0.115968E+04
   0.925000E+00   0.286597E+03   0.116753E+04
   0.930000E+00   0.288926E+03   0.117539E+04
   0.935000E+00   0.291258E+03   0.118328E+04
   0.940000E+00   0.293604E+03   0.119116E+04
   0.945000E+00   0.295950E+03   0.119908E+04
   0.950000E+00   0.298304E+03   0.120699E+04
   0.955000E+00   0.300645E+03   0.121492E+04
   0.960000E+00   0.303011E+03   0.122287E+04
   0.965000E+00   0.305365E+03   0.123081E+04
   0.970000E+00   0.307725E+03   0.123878E+04
   0.975000E+00   0.310099E+03   0.124675E+04
   0.980000E+00   0.312466E+03   0.125472E+04
   0.985000E+00   0.314853E+03   0.126275E+04
   0.990000E+00   0.317233E+03   0.127078E+04
   0.995000E+00   0.319626E+03   0.127879E+04
   0.100000E+01   0.322013E+03   0.128682E+04
   0.100500E+01   0.324425E+03   0.129488E+04
   0.101000E+01   0.326821E+03   0.130293E+04
   0.101500E+01   0.329225E+03   0.131101E+04
   0.102000E+01   0.331641E+03   0.131909E+04
   0.102500E+01   0.334070E+03   0.132720E+04
   0.103000E+01   0.336499E+03   0.133531E+04
   0.103500E+01   0.338913E+03   0.134343E+04
   0.104000E+01   0.341348E+03   0.135155E+04
   0.104500E+01   0.343795E+03   0.135971E+04
   0.105000E+01   0.346240E+03   0.136786E+04
   0.105500E+01   0.348687E+03   0.137603E+04
   0.106000E+01   0.351143E+03   0.138420E+04
   0.106500E+01   0.353608E+03   0.139241E+04
   0.107000E+01   0.356069E+03   0.140060E+04
   0.107500E+01   0.358549E+03   0.140883E+04
   0.108000E+01   0.361016E+03   0.141703E+04
   0.108500E+01   0.363503E+03   0.142527E+04
   0.109000E+01   0.365987E+03   0.143354E+04
   0.109500E+01   0.368486E+03   0.144179E+04
   0.110000E+01   0.370974E+03   0.145007E+04
   0.110500E+01   0.373477E+03   0.145835E+04
   0.111000E+01   0.375981E+03   0.146665E+04
   0.111500E+01   0.378501E+03   0.147496E+04
   0.112000E+01   0.381003E+03   0.148324E+04
   0.112500E+01   0.383532E+03   0.149159E+04
   0.113000E+01   0.386066E+03   0.149994E+04
   0.113500E+01   0.388599E+03   0.150829E+04
   0.114000E+01   0.391130E+03   0.151662E+04
   0.114500E+01   0.393675E+03   0.152502E+04
   0.115000E+01   0.396215E+03   0.153340E+04
   0.115500E+01   0.398772E+03   0.154181E+04
   0.116000E+01   0.401316E+03   0.155019E+04
   0.116500E+01   0.403881E+03   0.155862E+04
   0.117000E+01   0.406449E+03   0.156707E+04
   0.117500E+01   0.409014E+03   0.157547E+04
   0.118000E+01   0.411597E+03   0.158394E+04
   0.118500E+01   0.414176E+03   0.159240E+04
   0.119000E+01   0.416753E+03   0.160086E+04
   0.119500E+01   0.419361E+03   0.160936E+04
   0.120000E+01   0.421959E+03   0.161787E+04
