   4.9999998882412910E-003   8387624530367.2832       0.13174246953156868        53.505279999999999     
   9.9999997764825821E-003   16797534613677.498       0.10761529452888696        44.331359999999997     
   1.4999999664723873E-002   25230644352939.254       0.10023167090758489        38.047980000000003     
   1.9999999552965164E-002   33667729744270.953        9.8760183101396337E-002   33.983759999999997     
   2.4999998509883881E-002   42113677758681.062        9.9047427892401382E-002   31.395869999999999     
   2.9999999329447746E-002   50566144209164.758        9.9521404963777940E-002   29.770029999999998     
   3.5000000149011612E-002   59061470490460.328        9.9740924608633916E-002   28.740390000000001     
   3.9999999105930328E-002   67510484694048.555        9.9694204021685121E-002   28.128119999999999     
   4.4999998062849045E-002   75980004501777.172        9.9500475106950453E-002   27.777909999999999     
   4.9999997019767761E-002   84452597922870.781        9.9247121356442161E-002   27.570499999999999     
   5.4999999701976776E-002   92948236020014.969        9.8987913742732137E-002   27.447890000000001     
   5.9999998658895493E-002   101400219898352.00        9.8724588742174171E-002   27.369470000000000     
   6.4999997615814209E-002   109877913735826.62        9.8358268510620211E-002   27.299980000000001     
   7.0000000298023224E-002   118353848041012.61        9.7879493983552265E-002   27.239599999999999     
   7.4999995529651642E-002   126835461849155.66        9.7097212729724103E-002   27.167000000000002     
   7.9999998211860657E-002   135316555964217.69        9.5984278998229935E-002   27.070920000000001     
   8.5000000894069672E-002   143802030349534.16        9.4388516857729879E-002   26.909140000000001     
   8.9999996125698090E-002   152288722301497.62        9.2339741566349984E-002   26.626690000000000     
   9.4999998807907104E-002   160782704804969.34        8.9827709349085891E-002   26.121910000000000     
   9.9999994039535522E-002   169280117282775.97        8.7150286238563524E-002   25.299410000000002     
  0.10499999672174454        177812898586840.59        8.4720524113329074E-002   24.068439999999999     
  0.10999999940395355        186325575192856.00        8.3200721683221596E-002   22.450119999999998     
  0.11499999463558197        194847769606441.19        8.3246287652661968E-002   20.602170000000001     
  0.11999999731779099        203379823340192.41        8.5294242530841446E-002   18.740980000000000     
  0.12500000000000000        211919108231956.91        8.9480203698125843E-002   17.061250000000001     
  0.12999999523162842        220470242125969.06        9.5768896344106569E-002   15.647309999999999     
  0.13499999046325684        229011887909158.88       0.10396159931849439        14.521310000000000     
  0.14000000059604645        237585309212160.66       0.11392134082188080        13.645339999999999     
  0.14499999582767487        246172910712087.91       0.12549753334934186        12.975040000000000     
  0.14999999105930328        254772583939869.00       0.13857750807087277        12.466570000000001     
  0.15500000119209290        263388263714546.09       0.15327486029099455        12.079090000000001     
  0.15999999642372131        272020751848301.25       0.17004052560770119        11.780700000000000     
  0.16499999165534973        280672364687438.66       0.19017568650751843        11.546580000000001     
  0.17000000178813934        289347764621313.81       0.21642195765507394        11.365019999999999     
  0.17499999701976776        298046268624734.56       0.25243201002067245        11.247960000000001     
  0.17999999225139618        306788812904679.81       0.30069640520227198        11.219730000000000     
  0.18500000238418579        315572279302663.31       0.36030143371105122        11.285180000000000     
  0.18999999761581421        324409526510347.44       0.42853891739067457        11.422230000000001     
  0.19499999284744263        333302930267531.06       0.50231426796128342        11.601580000000000     
  0.19999998807907104        342255460248963.06       0.57905701075854088        11.799820000000000     
  0.20499999821186066        351270115826139.75       0.65688066114219179        12.001799999999999     
  0.20999999344348907        360349153951870.06       0.73438844824426597        12.198530000000000     
  0.21499998867511749        369490258279850.12       0.81059857021491155        12.385109999999999     
  0.21999999880790710        378694171228767.00       0.88486792704709472        12.559260000000000     
  0.22499999403953552        387991005300573.38       0.95699364881445836        12.720610000000001     
  0.22999998927116394        397303251984326.06        1.0261217923096522        12.867880000000000     
  0.23499999940395355        406696838059448.00        1.0926034676298639        13.002630000000000     
  0.23999999463558197        416186285235460.75        1.1564500427277400        13.125670000000000     
  0.24499998986721039        425685621428387.00        1.2170909265746297        13.236739999999999     
  0.25000000000000000        435274285437756.75        1.2750807686997325        13.337669999999999     
  0.25499999523162842        444925312616851.06        1.3303089898261455        13.428950000000000     
  0.25999999046325684        454638049637225.12        1.3828567332731090        13.511390000000000     
  0.26499998569488525        464412407408636.56        1.4328260821584793        13.585730000000000     
  0.26999998092651367        474247673209145.69        1.4803061269987197        13.652650000000000     
  0.27500000596046448        484143490677782.56        1.5254188552714933        13.712800000000000     
  0.28000000119209290        494099206486102.44        1.5682672483670688        13.766760000000000     
  0.28499999642372131        504114464273135.50        1.6089579815765960        13.815049999999999     
  0.28999999165534973        514188610710437.00        1.6475959877258146        13.858160000000000     
  0.29499998688697815        524321200346794.62        1.6842900451647809        13.896530000000000     
  0.29999998211860657        534511817427743.62        1.7191331704883530        13.930550000000000     
  0.30500000715255737        544764322530457.38        1.7522372640559913        13.960599999999999     
  0.31000000238418579        555088812549081.69        1.7837303019101749        13.987050000000000     
  0.31499999761581421        565450661076045.75        1.8135810287032075        14.010080000000000     
  0.31999999284744263        575852600212118.38        1.8419053115073518        14.030020000000000     
  0.32499998807907104        586325336394202.25        1.8688567556571170        14.047160000000000     
  0.32999998331069946        596852952165643.62        1.8944741109199135        14.061710000000000     
  0.33499997854232788        607439961432060.75        1.9188347448228467        14.073869999999999     
  0.34000000357627869        618098718040408.50        1.9420228468347633        14.083830000000001     
  0.34499999880790710        628795486485540.88        1.9631757299049792        14.091460000000000     
  0.34999999403953552        639528900717073.25        1.9814976345104089        14.096830000000001     
  0.35499998927116394        650319629671257.12        1.9984126864700402        14.100630000000001     
  0.35999998450279236        661116654335908.50        2.0141508651403557        14.103059999999999     
  0.36499997973442078        672024566655679.62        2.0290188168053036        14.104260000000000     
  0.37000000476837158        682933251090885.38        2.0429748243957002        14.104329999999999     
  0.37500000000000000        693877155868611.75        2.0561388798647426        14.103370000000000     
  0.37999999523162842        704862398518841.38        2.0685826351379086        14.101440000000000     
  0.38499999046325684        715924912106034.25        2.0797701340461536        14.098780000000000     
  0.38999998569488525        726978991816940.62        2.0898854388804788        14.095520000000000     
  0.39499998092651367        738094187434177.12        2.0994555267507526        14.091600000000000     
  0.39999997615814209        749250186382461.88        2.1085036283027399        14.087059999999999     
  0.40500000119209290        760408026529091.00        2.1170750229891162        14.081930000000000     
  0.40999999642372131        771636604328236.12        2.1252381944069563        14.076210000000000     
  0.41499999165534973        782893928578949.50        2.1329847335927061        14.069950000000000     
  0.41999998688697815        794168298762721.00        2.1403414570074646        14.063179999999999     
  0.42499998211860657        805474622646789.38        2.1473182797939936        14.055949999999999     
  0.42999997735023499        816812840837659.75        2.1539761285183654        14.048220000000001     
  0.43500000238418579        828205225895948.00        2.1602747522510168        14.040100000000001     
  0.43999999761581421        839606104224017.88        2.1662789664188895        14.031549999999999     
  0.44499999284744263        851072849938015.75        2.1719799876478127        14.022620000000000     
  0.44999998807907104        862556997946041.50        2.1773984571159013        14.013310000000001     
  0.45499998331069946        874053677981507.38        2.1825320629136993        14.003690000000001     
  0.45999997854232788        885604881245360.75        2.1874161592801320        13.993729999999999     
  0.46500000357627869        897170932882958.00        2.1920446685510857        13.983470000000001     
  0.46999999880790710        908806296729192.12        2.1964429868923525        13.972920000000000     
  0.47499999403953552        920410538384059.00        2.2005946420111870        13.962140000000000     
  0.47999998927116394        932096446094517.25        2.2045408293667159        13.951079999999999     
  0.48499998450279236        943802131838802.75        2.2082789743475884        13.939780000000001     
  0.48999997973442078        955515182376465.12        2.2118141930722852        13.928269999999999     
  0.49499997496604919        967315422564751.62        2.2151596611274815        13.916550000000001     
  0.50000000000000000        979112514897804.88        2.2183128956914020        13.904660000000000     
  0.50499999523162842        990932295545938.62        2.2212958691688844        13.892569999999999     
  0.50999999046325684        1002754154966396.5        2.2241031062324197        13.880350000000000     
  0.51499998569488525        1014661956774084.4        2.2267515446661124        13.867940000000001     
  0.51999998092651367        1026585438464445.6        2.2292498188916809        13.855370000000001     
  0.52499997615814209        1038544081103832.8        2.2315938252199334        13.842680000000000     
  0.52999997138977051        1050495834097802.8        2.2337882890829928        13.829890000000001     
  0.53499996662139893        1062492607360964.1        2.2358500390265736        13.816960000000000     
  0.53999996185302734        1074521928259372.4        2.2377766056633277        13.803929999999999     
  0.54500001668930054        1086619551677002.6        2.2395748620143530        13.790810000000000     
  0.55000001192092896        1098698050389250.6        2.2412501771488684        13.777600000000000     
  0.55500000715255737        1110820737861760.8        2.2428077534797941        13.764310000000000     
  0.56000000238418579        1122979536579216.0        2.2442532987704795        13.750920000000001     
  0.56499999761581421        1135157222428073.8        2.2455878890039371        13.737480000000000     
  0.56999999284744263        1147355102065223.2        2.2468159482191408        13.723979999999999     
  0.57499998807907104        1159600852859323.0        2.2479459397764390        13.710400000000000     
  0.57999998331069946        1171863827766965.8        2.2489739246540523        13.696820000000001     
  0.58499997854232788        1184168615695071.5        2.2499113661878907        13.683149999999999     
  0.58999997377395630        1196513791199760.8        2.2507571807559104        13.669449999999999     
  0.59499996900558472        1208841505016927.0        2.2515149956429719        13.655730000000000     
  0.59999996423721313        1221228018394119.2        2.2521909557645960        13.641940000000000     
  0.60499995946884155        1233649098785387.8        2.2527847132974479        13.628159999999999     
  0.61000001430511475        1246073267638394.5        2.2532998076055213        13.614369999999999     
  0.61500000953674316        1258522500546281.2        2.2537402654090788        13.600550000000000     
  0.62000000476837158        1271032077245063.5        2.2541082986319720        13.586720000000000     
  0.62500000000000000        1283552819920901.0        2.2544074236331562        13.572839999999999     
  0.62999999523162842        1296074631679648.2        2.2546379625587045        13.559030000000000     
  0.63499999046325684        1308658331460160.0        2.2548047599919676        13.545120000000001     
  0.63999998569488525        1321273509793009.0        2.2549083374272278        13.531280000000001     
  0.64499998092651367        1333893439605456.0        2.2549516164552692        13.517440000000001     
  0.64999997615814209        1346551143680707.8        2.2549367379357683        13.503590000000001     
  0.65499997138977051        1359215499827396.5        2.2548658513285909        13.489770000000000     
  0.65999996662139893        1371945070031568.8        2.2547405431627006        13.475930000000000     
  0.66499996185302734        1384646844080092.5        2.2545632848128849        13.462130000000000     
  0.66999995708465576        1397453031892783.2        2.2543347313736954        13.448290000000000     
  0.67500001192092896        1410217287898021.5        2.2540585761482492        13.434530000000001     
  0.68000000715255737        1423036185918637.5        2.2537351825115230        13.420769999999999     
  0.68500000238418579        1435893689710987.2        2.2533671018518437        13.407060000000000     
  0.68999999761581421        1448761052823503.5        2.2529533228996446        13.393300000000000     
  0.69499999284744263        1461640650995984.5        2.2524998229986286        13.379650000000000     
  0.69999998807907104        1474555885265450.8        2.2520027310881470        13.365940000000000     
  0.70499998331069946        1487504973827053.5        2.2514688217394760        13.352330000000000     
  0.70999997854232788        1500460952034073.2        2.2508972698226568        13.338749999999999     
  0.71499997377395630        1513458505687576.2        2.2502876244391063        13.325170000000000     
  0.71999996900558472        1526469957418903.2        2.2496432864621996        13.311640000000001     
  0.72499996423721313        1539529161520191.0        2.2489627261956295        13.298100000000000     
  0.72999995946884155        1552602857634252.8        2.2482519622853441        13.284649999999999     
  0.73499995470046997        1565698885702425.2        2.2475086804638460        13.271220000000000     
  0.74000000953674316        1578826392322935.0        2.2467343418542489        13.257820000000001     
  0.74500000476837158        1591972310926887.5        2.2459307657286600        13.244470000000000     
  0.75000000000000000        1605116566512980.5        2.2450991582905671        13.231159999999999     
  0.75499999523162842        1618341240891270.5        2.2442387470076386        13.217879999999999     
  0.75999999046325684        1631583970892033.2        2.2433520570469372        13.204639999999999     
  0.76499998569488525        1644809714353233.0        2.2424378187878720        13.191420000000001     
  0.76999998092651367        1658055889176704.2        2.2415049340488546        13.178319999999999     
  0.77499997615814209        1671363714447960.5        2.2405425852280145        13.165200000000000     
  0.77999997138977051        1684692208655468.2        2.2395577004377247        13.152120000000000     
  0.78499996662139893        1698046717213775.2        2.2385512100949545        13.139099999999999     
  0.78999996185302734        1711431991602479.8        2.2375245913906268        13.126139999999999     
  0.79499995708465576        1724796478267943.0        2.2364741617291743        13.113189999999999     
  0.79999995231628418        1738227010499819.0        2.2354059197175600        13.100310000000000     
  0.80500000715255737        1751687001905202.8        2.2343166043465659        13.087460000000000     
  0.81000000238418579        1765162554406270.8        2.2332113707173260        13.074680000000001     
  0.81499999761581421        1778617437971086.8        2.2320860712390558        13.061930000000000     
  0.81999999284744263        1792140267694155.0        2.2309468863094679        13.049260000000000     
  0.82499998807907104        1805679133660867.0        2.2297896362794365        13.036630000000001     
  0.82999998331069946        1819246983653127.0        2.2286134222473044        13.024010000000001     
  0.83499997854232788        1832854152139060.8        2.2274224876074338        13.011450000000000     
  0.83999997377395630        1846439107457873.8        2.2262186272998856        12.998960000000000     
  0.84499996900558472        1860075022395376.0        2.2249990846320431        12.986510000000001     
  0.84999996423721313        1873739564997456.8        2.2237677212824565        12.974119999999999     
  0.85499995946884155        1887416699020472.0        2.2225199676170706        12.961760000000000     
  0.85999995470046997        1901117115293518.0        2.2212663720435666        12.949510000000000     
  0.86500000953674316        1914842833195423.2        2.2199902540570071        12.937210000000000     
  0.87000000476837158        1928587081867761.2        2.2187087651079485        12.925030000000000     
  0.87500000000000000        1942363403027386.2        2.2174131086463027        12.912870000000000     
  0.87999999523162842        1956163600371991.5        2.2161042051767139        12.900729999999999     
  0.88499999046325684        1969967480113285.0        2.2147920001823933        12.888719999999999     
  0.88999998569488525        1983848571398047.0        2.2134633972414113        12.876700000000000     
  0.89499998092651367        1997680247294989.2        2.2121296877582002        12.864770000000000     
  0.89999997615814209        2011605408553023.5        2.2107802533622567        12.852840000000000     
  0.90499997138977051        2025506099691127.5        2.2094291888107507        12.841020000000000     
  0.90999996662139893        2039431498523141.5        2.2080664291713914        12.829219999999999     
  0.91499996185302734        2053382555344985.0        2.2066940525102017        12.817460000000001     
  0.91999995708465576        2067354993825019.8        2.2053148473319331        12.805759999999999     
  0.92499995231628418        2081350476981105.0        2.2039282990882323        12.794119999999999     
  0.93000000715255737        2095364253333643.0        2.2025351205304546        12.782530000000000     
  0.93500000238418579        2109440986790855.2        2.2011361704564716        12.771000000000001     
  0.93999999761581421        2123479945985262.5        2.1997263234066944        12.759480000000000     
  0.94499999284744263        2137599680332837.2        2.1983132795923810        12.748040000000000     
  0.94999998807907104        2151699933614060.2        2.1968933831895465        12.736649999999999     
  0.95499998331069946        2165841999915745.5        2.1954786080551902        12.725390000000001     
  0.95999997854232788        2180017089000637.8        2.1940474947614028        12.714090000000001     
  0.96499997377395630        2194158205006403.5        2.1926214366678920        12.702930000000000     
  0.96999996900558472        2208376057407678.0        2.1911911619230731        12.691820000000000     
  0.97499996423721313        2222584881997716.2        2.1897506289392932        12.680720000000001     
  0.97999995946884155        2236797032623473.5        2.1883136299675074        12.669729999999999     
  0.98499995470046997        2251096372899854.8        2.1868639313121325        12.658720000000001     
  0.98999994993209839        2265410680336970.0        2.1854176288197578        12.647819999999999     
  0.99500000476837158        2279694815878637.0        2.1839631844188925        12.636939999999999     
   1.0000000000000000        2294021714736687.5        2.1825125815164901        12.626160000000000     
   1.0049999952316284        2308386863005501.5        2.1810469175247507        12.615340000000000     
   1.0099999904632568        2322737519261542.5        2.1795907149037110        12.604660000000001     
   1.0149999856948853        2337145905994699.0        2.1781307275864341        12.594030000000000     
   1.0199999809265137        2351537187401302.5        2.1766634292158673        12.583410000000001     
   1.0249999761581421        2365995702244219.0        2.1751898228833189        12.572820000000000     
   1.0299999713897705        2380460631584592.5        2.1737164380905827        12.562290000000001     
   1.0349999666213989        2394930312404564.5        2.1722536148114817        12.551900000000000     
   1.0399999618530273        2409414010089350.5        2.1707790651685013        12.541490000000000     
   1.0449999570846558        2423956388547172.5        2.1692984353052789        12.531100000000000     
   1.0499999523162842        2438485700436100.0        2.1678208692236582        12.520790000000000     
   1.0549999475479126        2453045896942415.0        2.1663436419522291        12.510540000000001     
   1.0599999427795410        2467616309129865.5        2.1648629581814971        12.500330000000000     
   1.0649999380111694        2482242788776573.0        2.1633782787702165        12.490140000000000     
   1.0699999332427979        2496840997119672.5        2.1618982423600368        12.480040000000001     
   1.0749999284744263        2511526870261356.0        2.1604087637611702        12.469930000000000     
   1.0799999237060547        2526135294285591.0        2.1589298430866255        12.459949999999999     
   1.0849999189376831        2540831858256370.0        2.1574407657952208        12.449949999999999     
   1.0900000333786011        2555575937023130.0        2.1559563893361631        12.440030000000000     
   1.0950000286102295        2570283191823004.5        2.1544649991760085        12.430110000000001     
   1.1000000238418579        2585040574732638.5        2.1529833060101091        12.420310000000001     
   1.1050000190734863        2599806747879529.5        2.1514952312778171        12.410510000000000     
   1.1100000143051147        2614603805643807.5        2.1500096943751008        12.400770000000000     
   1.1150000095367432        2629408228201462.5        2.1485174649528611        12.391040000000000     
   1.1200000047683716        2644170125016715.0        2.1470387816435861        12.381440000000000     
   1.1250000000000000        2659049620952019.5        2.1455474105256953        12.371800000000000     
   1.1299999952316284        2673950973693475.0        2.1440561945786936        12.362209999999999     
   1.1349999904632568        2688836408978277.0        2.1425688740095645        12.352679999999999     
   1.1399999856948853        2703681931834455.0        2.1410862994152868        12.343230000000000     
   1.1449999809265137        2718659783397439.5        2.1395985461513458        12.333780000000001     
   1.1499999761581421        2733596534661901.0        2.1381171674724797        12.324420000000000     
   1.1549999713897705        2748588878237659.0        2.1366294477185810        12.315049999999999     
   1.1599999666213989        2763527054945999.5        2.1351536473424004        12.305790000000000     
   1.1649999618530273        2778546006807507.0        2.1336683670510896        12.296519999999999     
   1.1699999570846558        2793614136482854.5        2.1321858016109689        12.287300000000000     
   1.1749999523162842        2808593413489718.0        2.1307084411747250        12.278140000000000     
   1.1799999475479126        2823694803522251.5        2.1292244114064762        12.268990000000001     
   1.1849999427795410        2838769347695056.5        2.1277471605484033        12.259910000000000     
   1.1899999380111694        2853850306365319.0        2.1262744770232862        12.250890000000000     
   1.1949999332427979        2869006813561190.0        2.1247882196504890        12.241820000000001     
   1.1999999284744263        2884178287917795.5        2.1233116177105851        12.232849999999999     
