        0.032362       0.000000       0.000000       9.971300       0.983412
        0.064725       0.000000       0.000000       9.971300       0.967245
        0.097087       0.000000       0.000000       9.971300       0.951445
        0.129450       0.000000       0.000000       9.971300       0.936020
        0.161812       0.000000       0.000000       9.971300       0.920935
        0.194175       0.000000       0.000000       9.971300       0.906172
        0.226537       0.000000       0.000000       9.971300       0.891654
        0.258900       0.000000       0.000000       9.971300       0.877515
        0.291262       0.000000       0.000000       9.971300       0.863626
        0.323625       0.000000       0.000000       9.971300       0.850008
        0.355987       0.000000       0.000000       9.971300       0.836618
        0.388350       0.000000       0.000000       9.971300       0.823549
        0.420712       0.000000       0.000000       9.971300       0.810693
        0.453074       0.000000       0.000000       9.971300       0.798075
        0.485437       0.000000       0.000000       9.971300       0.785691
        0.517799       0.000000       0.000000       9.971300       0.773532
        0.550162       0.000000       0.000000       9.971300       0.761596
        0.582524       0.000000       0.000000       9.971300       0.749874
        0.614887       0.000000       0.000000       9.971300       0.738367
        0.647249       0.000000       0.000000       9.971300       0.727066
        0.679612       0.000000       0.000000       9.971300       0.715932
        0.711974       0.000000       0.000000       9.971300       0.705033
        0.744337       0.000000       0.000000       9.971300       0.694327
        0.776699       0.000000       0.000000       9.971300       0.683811
        0.809062       0.000000       0.000000       9.971300       0.673482
        0.841424       0.000000       0.000000       9.971300       0.663338
        0.873786       0.000000       0.000000       9.971300       0.653400
        0.906149       0.000000       0.000000       9.971300       0.643620
        0.938511       0.000000       0.000000       9.971300       0.634024
        0.970874       0.000000       0.000000       9.971300       0.624614
        1.003236       0.000000       0.000000       9.971300       0.615417
        1.035599       0.000000       0.000000       9.971300       0.606498
        1.067961       0.000000       0.000000       9.971300       0.598023
        1.100324       0.000000       0.000000       9.971300       0.590312
        1.132686       0.000000       0.000000       9.971300       0.583754
        1.165049       0.000000       0.000000       9.971300       0.578533
        1.197411       0.000000       0.000000       9.971300       0.574493
        1.229774       0.000000       0.000000       9.971300       0.571347
        1.262136       0.000000       0.000000       9.971300       0.568840
        1.294498       0.000000       0.000000       9.971300       0.566789
        1.326861       0.000000       0.000000       9.971300       0.565071
        1.359223       0.000000       0.000000       9.971300       0.563601
        1.391586       0.000000       0.000000       9.971300       0.562322
        1.423948       0.000000       0.000000       9.971300       0.561193
        1.456311       0.000000       0.000000       9.971300       0.560182
        1.488673       0.000000       0.000000       9.971300       0.559275
        1.521036       0.000000       0.000000       9.971300       0.558447
        1.553398       0.000000       0.000000       9.971300       0.557686
        1.585761       0.000000       0.000000       9.971300       0.556989
        1.618123       0.000000       0.000000       9.971300       0.556340
        1.650485       0.000000       0.000000       9.971300       0.555735
        1.682848       0.000000       0.000000       9.971300       0.555169
        1.715210       0.000000       0.000000       9.971300       0.554638
        1.747573       0.000000       0.000000       9.971300       0.554135
        1.779935       0.000000       0.000000       9.971300       0.553661
        1.812298       0.000000       0.000000       9.971300       0.553212
        1.844660       0.000000       0.000000       9.971300       0.552785
        1.877023       0.000000       0.000000       9.971300       0.552377
        1.909385       0.000000       0.000000       9.971300       0.551989
        1.941748       0.000000       0.000000       9.971300       0.551617
        1.974110       0.000000       0.000000       9.971300       0.551260
        2.006473       0.000000       0.000000       9.971300       0.550918
        2.038835       0.000000       0.000000       9.971300       0.550588
        2.071197       0.000000       0.000000       9.971300       0.550273
        2.103560       0.000000       0.000000       9.971300       0.549967
        2.135922       0.000000       0.000000       9.971300       0.549673
        2.168285       0.000000       0.000000       9.971300       0.549388
        2.200647       0.000000       0.000000       9.971300       0.549110
        2.233010       0.000000       0.000000       9.971300       0.548856
        2.265372       0.000000       0.000000       9.971300       0.548605
        2.297735       0.000000       0.000000       9.971300       0.548372
        2.330097       0.000000       0.000000       9.971300       0.548147
        2.362460       0.000000       0.000000       9.971300       0.547928
        2.394822       0.000000       0.000000       9.971300       0.547719
        2.427185       0.000000       0.000000       9.971300       0.547513
        2.459547       0.000000       0.000000       9.971300       0.547313
        2.491909       0.000000       0.000000       9.971300       0.547122
        2.524272       0.000000       0.000000       9.971300       0.546940
        2.556634       0.000000       0.000000       9.971300       0.546765
        2.588997       0.000000       0.000000       9.971300       0.546599
        2.621359       0.000000       0.000000       9.971300       0.546425
        2.653722       0.000000       0.000000       9.971300       0.546264
        2.686084       0.000000       0.000000       9.971300       0.546097
        2.718447       0.000000       0.000000       9.971300       0.545945
        2.750809       0.000000       0.000000       9.971300       0.545773
        2.783172       0.000000       0.000000       9.971300       0.545638
        2.815534       0.000000       0.000000       9.971300       0.545473
        2.847897       0.000000       0.000000       9.971300       0.545333
        2.880259       0.000000       0.000000       9.971300       0.545182
        2.912621       0.000000       0.000000       9.971300       0.545037
        2.944984       0.000000       0.000000       9.971300       0.544894
        2.977346       0.000000       0.000000       9.971300       0.544764
        3.009709       0.000000       0.000000       9.971300       0.544624
        3.042071       0.000000       0.000000       9.971300       0.544485
        3.074434       0.000000       0.000000       9.971300       0.544349
        3.106796       0.000000       0.000000       9.971300       0.544224
        3.139159       0.000000       0.000000       9.971300       0.544094
        3.171521       0.000000       0.000000       9.971300       0.543976
        3.203883       0.000000       0.000000       9.971300       0.543843
        3.236246       0.000000       0.000000       9.971300       0.543706
        3.268609       0.000000       0.000000       9.971300       0.543598
        3.300971       0.000000       0.000000       9.971300       0.543475
        3.333333       0.000000       0.000000       9.971300       0.543343
        3.365696       0.000000       0.000000       9.971300       0.543241
        3.398058       0.000000       0.000000       9.971300       0.543125
        3.430421       0.000000       0.000000       9.971300       0.543012
        3.462783       0.000000       0.000000       9.971300       0.542898
        3.495146       0.000000       0.000000       9.971300       0.542799
        3.527508       0.000000       0.000000       9.971300       0.542678
        3.559871       0.000000       0.000000       9.971300       0.542566
        3.592233       0.000000       0.000000       9.971300       0.542461
        3.624596       0.000000       0.000000       9.971300       0.542358
        3.656958       0.000000       0.000000       9.971300       0.542254
        3.689321       0.000000       0.000000       9.971300       0.542150
        3.721683       0.000000       0.000000       9.971300       0.542053
        3.754045       0.000000       0.000000       9.971300       0.541940
        3.786408       0.000000       0.000000       9.971300       0.541846
        3.818770       0.000000       0.000000       9.971300       0.541738
        3.851133       0.000000       0.000000       9.971300       0.541652
        3.883495       0.000000       0.000000       9.971300       0.541553
        3.915858       0.000000       0.000000       9.971300       0.541458
        3.948220       0.000000       0.000000       9.971300       0.541369
        3.980583       0.000000       0.000000       9.971300       0.541267
        4.012945       0.000000       0.000000       9.971300       0.541174
        4.045308       0.000000       0.000000       9.971300       0.541092
        4.077670       0.000000       0.000000       9.971300       0.540989
        4.110032       0.000000       0.000000       9.971300       0.540914
        4.142395       0.000000       0.000000       9.971300       0.540813
        4.174757       0.000000       0.000000       9.971300       0.540726
        4.207120       0.000000       0.000000       9.971300       0.540642
        4.239482       0.000000       0.000000       9.971300       0.540554
        4.271845       0.000000       0.000000       9.971300       0.540462
        4.304207       0.000000       0.000000       9.971300       0.540382
        4.336570       0.000000       0.000000       9.971300       0.540300
        4.368932       0.000000       0.000000       9.971300       0.540216
        4.401295       0.000000       0.000000       9.971300       0.540131
        4.433657       0.000000       0.000000       9.971300       0.540040
        4.466020       0.000000       0.000000       9.971300       0.539969
        4.498382       0.000000       0.000000       9.971300       0.539880
        4.530744       0.000000       0.000000       9.971300       0.539821
        4.563107       0.000000       0.000000       9.971300       0.539728
        4.595469       0.000000       0.000000       9.971300       0.539652
        4.627832       0.000000       0.000000       9.971300       0.539577
        4.660194       0.000000       0.000000       9.971300       0.539496
        4.692557       0.000000       0.000000       9.971300       0.539433
        4.724919       0.000000       0.000000       9.971300       0.539344
        4.757281       0.000000       0.000000       9.971300       0.539272
        4.789644       0.000000       0.000000       9.971300       0.539197
        4.822007       0.000000       0.000000       9.971300       0.539121
        4.854369       0.000000       0.000000       9.971300       0.539052
        4.886732       0.000000       0.000000       9.971300       0.538974
        4.919094       0.000000       0.000000       9.971300       0.538899
        4.951456       0.000000       0.000000       9.971300       0.538849
        4.983819       0.000000       0.000000       9.971300       0.538758
        5.016181       0.000000       0.000000       9.971300       0.538694
        5.048544       0.000000       0.000000       9.971300       0.538624
        5.080906       0.000000       0.000000       9.971300       0.538553
        5.113269       0.000000       0.000000       9.971300       0.538479
        5.145631       0.000000       0.000000       9.971300       0.538423
        5.177993       0.000000       0.000000       9.971300       0.538350
        5.210356       0.000000       0.000000       9.971300       0.538287
        5.242719       0.000000       0.000000       9.971300       0.538213
        5.275081       0.000000       0.000000       9.971300       0.538158
        5.307444       0.000000       0.000000       9.971300       0.538075
        5.339806       0.000000       0.000000       9.971300       0.538010
        5.372168       0.000000       0.000000       9.971300       0.537953
        5.404531       0.000000       0.000000       9.971300       0.537885
        5.436893       0.000000       0.000000       9.971300       0.537820
        5.469256       0.000000       0.000000       9.971300       0.537766
        5.501618       0.000000       0.000000       9.971300       0.537690
        5.533981       0.000000       0.000000       9.971300       0.537629
        5.566343       0.000000       0.000000       9.971300       0.537549
        5.598706       0.000000       0.000000       9.971300       0.537511
        5.631068       0.000000       0.000000       9.971300       0.537444
        5.663431       0.000000       0.000000       9.971300       0.537384
        5.695793       0.000000       0.000000       9.971300       0.537331
        5.728156       0.000000       0.000000       9.971300       0.537260
        5.760518       0.000000       0.000000       9.971300       0.537197
        5.792880       0.000000       0.000000       9.971300       0.537142
        5.825243       0.000000       0.000000       9.971300       0.537082
        5.857605       0.000000       0.000000       9.971300       0.537012
        5.889968       0.000000       0.000000       9.971300       0.536961
        5.922330       0.000000       0.000000       9.971300       0.536909
        5.954693       0.000000       0.000000       9.971300       0.536846
        5.987055       0.000000       0.000000       9.971300       0.536795
        6.019418       0.000000       0.000000       9.971300       0.536735
        6.051780       0.000000       0.000000       9.971300       0.536660
        6.084143       0.000000       0.000000       9.971300       0.536619
        6.116505       0.000000       0.000000       9.971300       0.536555
        6.148868       0.000000       0.000000       9.971300       0.536516
        6.181230       0.000000       0.000000       9.971300       0.536435
        6.213592       0.000000       0.000000       9.971300       0.536403
        6.245955       0.000000       0.000000       9.971300       0.536344
        6.278317       0.000000       0.000000       9.971300       0.536282
        6.310680       0.000000       0.000000       9.971300       0.536240
        6.343042       0.000000       0.000000       9.971300       0.536179
        6.375405       0.000000       0.000000       9.971300       0.536132
        6.407767       0.000000       0.000000       9.971300       0.536068
        6.440130       0.000000       0.000000       9.971300       0.536024
        6.472492       0.000000       0.000000       9.971300       0.535959
        6.504855       0.000000       0.000000       9.971300       0.535933
        6.537217       0.000000       0.000000       9.971300       0.535864
        6.569580       0.000000       0.000000       9.971300       0.535807
        6.601942       0.000000       0.000000       9.971300       0.535757
        6.634304       0.000000       0.000000       9.971300       0.535722
        6.666667       0.000000       0.000000       9.971300       0.535663
        6.699029       0.000000       0.000000       9.971300       0.535601
        6.731392       0.000000       0.000000       9.971300       0.535545
        6.763754       0.000000       0.000000       9.971300       0.535508
        6.796117       0.000000       0.000000       9.971300       0.535461
        6.828479       0.000000       0.000000       9.971300       0.535405
        6.860841       0.000000       0.000000       9.971300       0.535356
        6.893204       0.000000       0.000000       9.971300       0.535302
        6.925566       0.000000       0.000000       9.971300       0.535253
        6.957929       0.000000       0.000000       9.971300       0.535213
        6.990291       0.000000       0.000000       9.971300       0.535153
        7.022654       0.000000       0.000000       9.971300       0.535110
        7.055017       0.000000       0.000000       9.971300       0.535059
        7.087379       0.000000       0.000000       9.971300       0.535024
        7.119742       0.000000       0.000000       9.971300       0.534963
        7.152104       0.000000       0.000000       9.971300       0.534922
        7.184466       0.000000       0.000000       9.971300       0.534869
        7.216829       0.000000       0.000000       9.971300       0.534830
        7.249191       0.000000       0.000000       9.971300       0.534774
        7.281554       0.000000       0.000000       9.971300       0.534739
        7.313916       0.000000       0.000000       9.971300       0.534687
        7.346279       0.000000       0.000000       9.971300       0.534646
        7.378641       0.000000       0.000000       9.971300       0.534610
        7.411003       0.000000       0.000000       9.971300       0.534553
        7.443366       0.000000       0.000000       9.971300       0.534501
        7.475728       0.000000       0.000000       9.971300       0.534460
        7.508091       0.000000       0.000000       9.971300       0.534413
        7.540453       0.000000       0.000000       9.971300       0.534370
        7.572816       0.000000       0.000000       9.971300       0.534306
        7.605178       0.000000       0.000000       9.971300       0.534276
        7.637540       0.000000       0.000000       9.971300       0.534231
        7.669903       0.000000       0.000000       9.971300       0.534188
        7.702265       0.000000       0.000000       9.971300       0.534132
        7.734628       0.000000       0.000000       9.971300       0.534104
        7.766990       0.000000       0.000000       9.971300       0.534060
