   dentity  pressure  energy
   0.100000E-01   0.114375E-01   0.941885E+01
   0.200000E-01   0.289499E-01   0.188590E+02
   0.300000E-01   0.661772E-01   0.283135E+02
   0.400000E-01   0.141844E+00   0.377833E+02
   0.500000E-01   0.267473E+00   0.472690E+02
   0.600000E-01   0.443495E+00   0.567708E+02
   0.700000E-01   0.661017E+00   0.662901E+02
   0.800000E-01   0.906473E+00   0.758275E+02
   0.900000E-01   0.116640E+01   0.853815E+02
   0.100000E+00   0.143171E+01   0.949547E+02
   0.110000E+00   0.169831E+01   0.104548E+03
   0.120000E+00   0.196303E+01   0.114162E+03
   0.130000E+00   0.223265E+01   0.123799E+03
   0.140000E+00   0.252221E+01   0.133460E+03
   0.150000E+00   0.284730E+01   0.143148E+03
   0.160000E+00   0.322479E+01   0.152867E+03
   0.170000E+00   0.367276E+01   0.162621E+03
   0.180000E+00   0.420947E+01   0.172415E+03
   0.190000E+00   0.485271E+01   0.182250E+03
   0.200000E+00   0.562041E+01   0.192133E+03
   0.210000E+00   0.652941E+01   0.202068E+03
   0.220000E+00   0.759603E+01   0.212064E+03
   0.230000E+00   0.883502E+01   0.222123E+03
   0.240000E+00   0.102596E+02   0.232248E+03
   0.250000E+00   0.118823E+02   0.242444E+03
   0.260000E+00   0.137153E+02   0.252724E+03
   0.270000E+00   0.157669E+02   0.263084E+03
   0.280000E+00   0.180472E+02   0.273537E+03
   0.290000E+00   0.203016E+02   0.284079E+03
   0.300000E+00   0.219467E+02   0.294693E+03
   0.310000E+00   0.236783E+02   0.305367E+03
   0.320000E+00   0.255889E+02   0.316107E+03
   0.330000E+00   0.277166E+02   0.326913E+03
   0.340000E+00   0.300887E+02   0.337793E+03
   0.350000E+00   0.324329E+02   0.348745E+03
   0.360000E+00   0.348057E+02   0.359769E+03
   0.370000E+00   0.373087E+02   0.370869E+03
   0.380000E+00   0.399608E+02   0.382035E+03
   0.390000E+00   0.427742E+02   0.393277E+03
   0.400000E+00   0.457495E+02   0.404594E+03
   0.410000E+00   0.488889E+02   0.415985E+03
   0.420000E+00   0.521942E+02   0.427461E+03
   0.430000E+00   0.556629E+02   0.439022E+03
   0.440000E+00   0.592828E+02   0.450661E+03
   0.450000E+00   0.620628E+02   0.462374E+03
   0.460000E+00   0.650480E+02   0.474164E+03
   0.470000E+00   0.682139E+02   0.486014E+03
   0.480000E+00   0.715319E+02   0.497934E+03
   0.490000E+00   0.750182E+02   0.509911E+03
   0.500000E+00   0.786746E+02   0.521981E+03
   0.510000E+00   0.824968E+02   0.534121E+03
   0.520000E+00   0.864595E+02   0.546335E+03
   0.530000E+00   0.905803E+02   0.558631E+03
   0.540000E+00   0.948242E+02   0.570988E+03
   0.550000E+00   0.992232E+02   0.583432E+03
   0.560000E+00   0.103732E+03   0.595971E+03
   0.570000E+00   0.108397E+03   0.608576E+03
   0.580000E+00   0.113171E+03   0.621268E+03
   0.590000E+00   0.118086E+03   0.634062E+03
   0.600000E+00   0.123132E+03   0.646913E+03
   0.610000E+00   0.128288E+03   0.659881E+03
   0.620000E+00   0.133574E+03   0.672910E+03
   0.630000E+00   0.138987E+03   0.686020E+03
   0.640000E+00   0.144514E+03   0.699246E+03
   0.650000E+00   0.150159E+03   0.712518E+03
   0.660000E+00   0.155931E+03   0.725916E+03
   0.670000E+00   0.161800E+03   0.739366E+03
   0.680000E+00   0.167788E+03   0.752929E+03
   0.690000E+00   0.173905E+03   0.766576E+03
   0.700000E+00   0.180137E+03   0.780325E+03
   0.710000E+00   0.186465E+03   0.794146E+03
   0.720000E+00   0.192927E+03   0.808055E+03
   0.730000E+00   0.199482E+03   0.822060E+03
   0.740000E+00   0.206151E+03   0.836143E+03
   0.750000E+00   0.212928E+03   0.850350E+03
   0.760000E+00   0.219790E+03   0.864623E+03
   0.770000E+00   0.226733E+03   0.878980E+03
   0.780000E+00   0.233795E+03   0.893449E+03
   0.790000E+00   0.240929E+03   0.907967E+03
   0.800000E+00   0.248214E+03   0.922639E+03
   0.810000E+00   0.255563E+03   0.937336E+03
   0.820000E+00   0.263041E+03   0.952154E+03
   0.830000E+00   0.270613E+03   0.967058E+03
   0.840000E+00   0.278316E+03   0.982108E+03
   0.850000E+00   0.286103E+03   0.997197E+03
   0.860000E+00   0.293973E+03   0.101235E+04
   0.870000E+00   0.301976E+03   0.102764E+04
   0.880000E+00   0.310106E+03   0.104303E+04
   0.890000E+00   0.318317E+03   0.105848E+04
   0.900000E+00   0.326636E+03   0.107405E+04
   0.910000E+00   0.334930E+03   0.108972E+04
   0.920000E+00   0.343228E+03   0.110542E+04
   0.930000E+00   0.351604E+03   0.112129E+04
   0.940000E+00   0.360018E+03   0.113719E+04
   0.950000E+00   0.368276E+03   0.115322E+04
   0.960000E+00   0.376207E+03   0.116933E+04
   0.970000E+00   0.383954E+03   0.118544E+04
   0.980000E+00   0.391704E+03   0.120172E+04
   0.990000E+00   0.399412E+03   0.121808E+04
   0.100000E+01   0.407200E+03   0.123450E+04
   0.101000E+01   0.415075E+03   0.125101E+04
   0.102000E+01   0.423019E+03   0.126750E+04
   0.103000E+01   0.431137E+03   0.128417E+04
   0.104000E+01   0.439379E+03   0.130093E+04
   0.105000E+01   0.447792E+03   0.131773E+04
   0.106000E+01   0.456313E+03   0.133464E+04
