   9.9999997764825821E-003   16790984624809.703        8.0398390442855877E-002   41.526769999999999     
   1.9999999552965164E-002   33619981086403.883        6.6745841672468428E-002   37.220329999999997     
   2.9999999329447746E-002   50474466637576.258        5.3946273877599059E-002   29.705960000000001     
   3.9999999105930328E-002   67356269484344.031        5.6195216893367948E-002   20.459810000000001     
   4.9999997019767761E-002   84266458709616.781        7.7292397283433359E-002   16.003240000000002     
   5.9999998658895493E-002   101205349841336.56       0.10785339450584012        14.379690000000000     
   7.0000000298023224E-002   118175407709544.88       0.14172439303820691        13.762330000000000     
   7.9999998211860657E-002   135177634579469.41       0.17479622134194511        13.507700000000000     
   8.9999996125698090E-002   152209565621068.69       0.20465832205712930        13.388159999999999     
   9.9999994039535522E-002   169275692467400.25       0.23048011679764488        13.318330000000000     
  0.10999999940395355        186377202988363.66       0.25243348077438726        13.265739999999999     
  0.11999999731779099        203516250198151.69       0.27090382601360435        13.218489999999999     
  0.12999999523162842        220696085890614.34       0.28692559835908038        13.170909999999999     
  0.14000000059604645        237919189744166.81       0.30176381901009958        13.119199999999999     
  0.14999999105930328        255190565660760.88       0.31641611637965067        13.060940000000000     
  0.15999999642372131        272515291784216.81       0.33175505278794748        12.994590000000001     
  0.17000000178813934        289904222275741.62       0.34860835043964949        12.919770000000000     
  0.17999999225139618        307364187387257.38       0.36778018142513175        12.837809999999999     
  0.18999999761581421        324896493775653.62       0.39004291013842607        12.751989999999999     
  0.19999998807907104        342515128608997.06       0.41613675772178638        12.667050000000000     
  0.20999999344348907        360227219106684.88       0.44667623848361471        12.588480000000001     
  0.21999999880790710        378046306985571.50       0.48211763276069591        12.521369999999999     
  0.22999998927116394        395978539472386.94       0.52268715674453436        12.469500000000000     
  0.23999999463558197        414027747447557.12       0.56837402615086530        12.434839999999999     
  0.25000000000000000        432205067191389.94       0.61896975165167978        12.417479999999999     
  0.25999999046325684        450531227033632.06       0.67411833639391328        12.416090000000001     
  0.26999998092651367        469000733075998.12       0.73323575477634451        12.428350000000000     
  0.28000000119209290        487635204550659.25       0.79573364754529763        12.451480000000000     
  0.28999999165534973        506428375443895.62       0.85393337266020630        12.478669999999999     
  0.29999998211860657        525348707809875.19       0.89328930399458928        12.497940000000000     
  0.31000000238418579        544378027239135.12       0.93134305273073292        12.515160000000000     
  0.31999999284744263        563524233066507.38       0.97003738590427147        12.530329999999999     
  0.32999998331069946        582787681652961.75        1.0099148501036992        12.543229999999999     
  0.34000000357627869        602183637126707.00        1.0512114690259831        12.553699999999999     
  0.34999999403953552        621707288614650.12        1.0891525077101882        12.560770000000000     
  0.35999998450279236        641359823986690.62        1.1248164574323949        12.564900000000000     
  0.37000000476837158        661147717133780.88        1.1597627055220046        12.566340000000000     
  0.37999999523162842        681053150007428.12        1.1942020359954590        12.565140000000000     
  0.38999998569488525        701094712771559.75        1.2282239295112467        12.561349999999999     
  0.39999997615814209        721269138783952.12        1.2617692883504588        12.555099999999999     
  0.40999999642372131        741576131077130.38        1.2947968437218524        12.546519999999999     
  0.41999998688697815        762035051930456.62        1.3272677210781032        12.535740000000001     
  0.42999997735023499        782644951048011.25        1.3591010869139541        12.522930000000001     
  0.43999999761581421        803393415189344.25        1.3901459732591721        12.508279999999999     
  0.44999998807907104        824273554709038.50        1.4123750594848901        12.496280000000000     
  0.45999997854232788        845291308956591.50        1.4345654553585938        12.482530000000001     
  0.46999999880790710        866417693906455.25        1.4564584927112931        12.466989999999999     
  0.47999998927116394        887667379751888.62        1.4778260628010973        12.449790000000000     
  0.48999997973442078        909017915751790.75        1.4987586259772216        12.430890000000000     
  0.50000000000000000        930536178981504.50        1.5192476901263412        12.410349999999999     
  0.50999999046325684        952177386745817.88        1.5392556372506281        12.388280000000000     
  0.51999998092651367        973951160790917.25        1.5586510333820558        12.364920000000000     
  0.52999997138977051        995871993129576.62        1.5775229548286118        12.340280000000000     
  0.53999996185302734        1017900446481132.0        1.5957196806007137        12.314679999999999     
  0.55000001192092896        1040084867150493.6        1.6133893282123988        12.288010000000000     
  0.56000000238418579        1062436658688697.0        1.6303623327869450        12.260660000000000     
  0.56999999284744263        1084907712364811.5        1.6468216109257769        12.232410000000000     
  0.57999998331069946        1107534258210772.8        1.6626203987553718        12.203640000000000     
  0.58999997377395630        1130341954216409.8        1.6778732815980193        12.174230000000000     
  0.59999996423721313        1153252400968355.2        1.6925640479314850        12.144310000000001     
  0.61000001430511475        1176369893443786.0        1.7066472781255515        12.114050000000001     
  0.62000000476837158        1199597382671911.5        1.7201950270237572        12.083399999999999     
  0.62999999523162842        1222967416287979.2        1.7332109383448526        12.052420000000000     
  0.63999998569488525        1246546039858401.8        1.7456847282983474        12.021240000000001     
  0.64999997615814209        1270206745238880.5        1.7576378120943039        11.989870000000000     
  0.65999996662139893        1294089701077558.5        1.7691040280109982        11.958310000000001     
  0.66999995708465576        1318067567721208.0        1.7800452124552102        11.926740000000001     
  0.68000000715255737        1342247372247774.8        1.7905178339910244        11.895080000000000     
  0.68999999761581421        1366574472641881.8        1.8005509261917143        11.863310000000000     
  0.69999998807907104        1391085692870413.2        1.8101385089329169        11.831510000000000     
  0.70999997854232788        1415723777604213.0        1.8192654487900450        11.799820000000000     
  0.71999996900558472        1440519017525718.8        1.8280019441341531        11.768060000000000     
  0.72999995946884155        1465486736156634.0        1.8363093419431380        11.736450000000000     
  0.74000000953674316        1490591416186963.2        1.8442274765525872        11.704900000000000     
  0.75000000000000000        1515919059397431.5        1.8517625052237559        11.673470000000000     
  0.75999999046325684        1541362876284072.2        1.8589067104354424        11.642250000000001     
  0.76999998092651367        1566957077499991.8        1.8656701342096549        11.611290000000000     
  0.77999997138977051        1592750722072039.5        1.8721058312901504        11.580410000000001     
  0.78999996185302734        1618632150229661.8        1.8781829825206944        11.549830000000000     
  0.79999995231628418        1644788095121061.8        1.8839810332459357        11.519209999999999     
  0.81000000238418579        1670988109985733.8        1.8894409706641992        11.488939999999999     
  0.81999999284744263        1697405623829007.0        1.8946257808581384        11.458740000000001     
  0.82999998331069946        1723974947445438.2        1.8995197367324994        11.428760000000000     
  0.83999997377395630        1750803226699963.8        1.9041566603285525        11.398870000000001     
  0.84999996423721313        1777703015722440.2        1.9085186052571730        11.369240000000000     
  0.85999995470046997        1804710306970822.5        1.9126169869783927        11.339890000000000     
  0.87000000476837158        1831970376933821.8        1.9164878083612622        11.310630000000000     
  0.87999999523162842        1859406132854959.0        1.9201336882205498        11.281490000000000     
  0.88999998569488525        1886959963044108.2        1.9235437826270312        11.252640000000000     
  0.89999997615814209        1914715018394235.5        1.9267392024296144        11.223970000000000     
  0.90999996662139893        1942652174199958.2        1.9296802365606114        11.195959999999999     
  0.91999995708465576        1970637438736611.2        1.9323924740429552        11.168480000000001     
  0.93000000715255737        1998919433174163.2        1.9349098205198281        11.141280000000000     
  0.93999999761581421        2027265097438329.0        1.9372292643126414        11.114490000000000     
  0.94999998807907104        2055836694557383.0        1.9393117235362114        11.088690000000000     
  0.95999997854232788        2084556537839896.0        1.9411364989997060        11.064399999999999     
  0.96999996900558472        2113286596803545.0        1.9427569129210853        11.041119999999999     
  0.97999995946884155        2142311722650233.2        1.9442229257657666        11.018269999999999     
  0.98999994993209839        2171468226907808.2        1.9455331193414040        10.995960000000000     
   1.0000000000000000        2200751833244631.2        1.9467138896301017        10.973820000000000     
   1.0099999904632568        2230176796099496.5        1.9477694385475259        10.951820000000000     
   1.0199999809265137        2259567310727276.0        1.9487012177430352        10.930009999999999     
   1.0299999713897705        2289286152595281.0        1.9495239404099827        10.908099999999999     
   1.0399999618530273        2319159417550223.5        1.9502337411128718        10.886220000000000     
   1.0499999523162842        2349118446711910.5        1.9508366535264041        10.864260000000000     
   1.0599999427795410        2379262070855982.5        1.9513306482873289        10.842380000000000     
