        0.065789      14.169111       1.678473       0.000000      19.053101     481.992255       0.988911       0.955320
        0.131579      13.872841       1.678473       0.000000      33.073181     471.363012       0.978383       0.914722
        0.197368      13.589703       1.678473       0.000000      45.058594     461.067557       0.968375       0.877788
        0.263158      13.323148       1.678473       0.000000      55.537476     451.074820       0.958843       0.844073
        0.328947      13.075017       1.678473       0.000000      64.815613     441.352280       0.949743       0.813141
        0.394737      12.845957       1.678473       0.000000      73.111389     431.867487       0.941030       0.784587
        0.460526      12.635780       1.678473       0.000000      80.594055     422.586625       0.932663       0.758048
        0.526316      12.443751       1.678473       0.000000      87.397827     413.479416       0.924606       0.733216
        0.592105      12.268804       1.678473       0.000000      93.629700     404.517495       0.916830       0.709838
        0.657895      12.109702       1.678473       0.000000      99.379211     395.677617       0.909312       0.687709
        0.723684      11.965142       1.678473       0.000000     104.720825     386.940043       0.902027       0.666653
        0.789474      11.833829       1.678473       0.000000     109.533081     378.253779       0.894958       0.646522
        0.855263      11.714519       1.678473       0.000000     113.859070     369.602491       0.888090       0.627206
        0.921053      11.606045       1.678473       0.000000     117.867065     361.000060       0.881418       0.608639
        0.986842      11.507329       1.678473       0.000000     121.627563     352.441983       0.874935       0.590755
        1.052632      11.417390       1.678473       0.000000     125.185303     343.932768       0.868641       0.573519
        1.118421      11.335338       1.678473       0.000000     128.575012     335.466488       0.862532       0.556890
        1.184211      11.260373       1.678473       0.000000     131.821899     327.041878       0.856605       0.540844
        1.250000      11.191778       1.678473       0.000000     134.943848     318.662347       0.850864       0.525370
        1.315789      11.128914       1.678473       0.000000     137.958008     310.325435       0.845307       0.510448
        1.381579      11.071208       1.678473       0.000000     140.875732     302.032850       0.839933       0.496069
        1.447368      11.018151       1.678473       0.000000     143.708252     293.786669       0.834741       0.482218
        1.513158      10.969290       1.678473       0.000000     146.461792     285.583861       0.829733       0.468890
        1.578947      10.924219       1.678473       0.000000     149.141174     277.431897       0.824907       0.456082
        1.644737      10.882580       1.678473       0.000000     151.751282     269.328160       0.820262       0.443781
        1.710526      10.844049       1.678473       0.000000     154.298706     261.275638       0.815793       0.431969
        1.776316      10.808341       1.678473       0.000000     156.782959     253.271874       0.811499       0.420643
        1.842105      10.775198       1.678473       0.000000     159.208984     245.317141       0.807378       0.409790
        1.907895      10.744392       1.678473       0.000000     160.767639     237.317516       0.803119       0.398466
        1.973684      10.715716       1.678473       0.000000     159.684509     229.035469       0.798067       0.384678
        2.039474      10.688985       1.678473       0.000000     158.127869     220.745995       0.793050       0.370963
        2.105263      10.664034       1.678473       0.000000     156.346375     212.482249       0.788166       0.357620
        2.171053      10.640714       1.678473       0.000000     154.424438     204.247527       0.783453       0.344766
        2.236842      10.618890       1.678473       0.000000     152.407410     196.052986       0.778926       0.332439
        2.302632      10.598440       1.678473       0.000000     150.267883     188.496498       0.774721       0.321050
        2.368421      10.579256       1.678473       0.000000     148.063965     181.417656       0.770769       0.310391
        2.434211      10.561236       1.678473       0.000000     145.842163     174.566963       0.767004       0.300259
        2.500000      10.544292       1.678473       0.000000     143.621521     167.899604       0.763411       0.290609
        2.565789      10.528342       1.678473       0.000000     141.413879     161.390073       0.759967       0.281369
        2.631579      10.513311       1.678473       0.000000     139.231201     155.025269       0.756671       0.272542
        2.697368      10.499131       1.678473       0.000000     137.082520     148.794167       0.753516       0.264103
        2.763158      10.485741       1.678473       0.000000     134.971863     142.689902       0.750478       0.255984
        2.828947      10.473085       1.678473       0.000000     132.905090     136.697028       0.747568       0.248217
        2.894737      10.461110       1.678473       0.000061     130.868652     130.835472       0.744766       0.240741
        2.960526      10.449771       1.678473       0.006287     127.274170     127.299515       0.742069       0.233548
        3.026316      10.439022       1.678473       0.012268     123.818848     123.829024       0.739508       0.226734
        3.092105      10.428826       1.678473       0.018127     120.466797     120.458976       0.737073       0.220269
        3.157895      10.419144       1.678473       0.023987     117.183960     117.202277       0.734758       0.214134
        3.223684      10.409944       1.678473       0.029724     114.004395     114.037366       0.732556       0.208310
        3.289474      10.401195       1.678473       0.035339     110.917480     110.945326       0.730454       0.202757
        3.355263      10.392869       1.678473       0.040833     107.923706     107.909095       0.728442       0.197449
        3.421053      10.384938       1.678473       0.046326     104.977661     104.984590       0.726524       0.192399
        3.486842      10.377379       1.678473       0.051697     102.119141     102.106972       0.724682       0.187550
        3.552631      10.370168       1.678473       0.057068      99.329346      99.331625       0.722920       0.182920
        3.618421      10.363286       1.678473       0.062317      96.628540      96.589145       0.721219       0.178449
        3.684211      10.356713       1.678473       0.067688      93.956543      93.999839       0.719582       0.174149
        3.750000      10.350430       1.678473       0.072815      91.397949      91.380119       0.717999       0.169991
        3.815789      10.344422       1.678473       0.078064      88.863403      88.895081       0.716476       0.165993
        3.881579      10.338672       1.678473       0.083191      86.403931      86.433217       0.714992       0.162093
        3.947368      10.333166       1.678473       0.088196      84.026367      83.999017       0.713568       0.158356
        4.013158      10.327891       1.678473       0.093323      81.656128      81.690667       0.712186       0.154725
        4.078948      10.322833       1.678473       0.098328      79.357910      79.375261       0.710841       0.151192
        4.144737      10.317983       1.678473       0.103210      77.132568      77.086026       0.709543       0.147783
        4.210526      10.313327       1.678473       0.108215      74.912598      74.912761       0.708280       0.144461
        4.276316      10.308857       1.678473       0.113098      72.758667      72.736190       0.707057       0.141247
        4.342105      10.304562       1.678473       0.117981      70.632935      70.603839       0.705861       0.138100
        4.407895      10.300434       1.678473       0.122864      68.544067      68.540015       0.704705       0.135061
        4.473684      10.296464       1.678473       0.127747      66.482666      66.519599       0.703581       0.132103
        4.539474      10.292644       1.678473       0.132507      64.476807      64.493978       0.702479       0.129200
        4.605263      10.288967       1.678473       0.137268      62.494019      62.503852       0.701400       0.126353
        4.671053      10.285426       1.678473       0.142029      60.535278      60.569751       0.700350       0.123584
        4.736842      10.282014       1.678473       0.146667      58.638550      58.611549       0.699331       0.120893
        4.802631      10.278725       1.678473       0.151428      56.725464      56.764391       0.698331       0.118252
        4.868421      10.275553       1.678473       0.156067      54.869385      54.886486       0.697357       0.115679
        4.934211      10.272493       1.678473       0.160706      53.016724      53.025082       0.696384       0.113100
        5.000000      10.269540       1.678473       0.165344      51.158081      51.183863       0.695410       0.110510
        5.065790      10.266689       1.678473       0.169983      49.300293      49.328907       0.694438       0.107919
        5.131579      10.263935       1.678473       0.174500      47.477051      47.448085       0.693470       0.105334
        5.197368      10.261274       1.678473       0.179138      45.636963      45.655449       0.692528       0.102817
        5.263158      10.258701       1.678473       0.183655      43.829590      43.809932       0.691584       0.100289
        5.328948      10.256214       1.678473       0.188171      42.037354      42.001187       0.690666       0.097830
        5.394737      10.253807       1.678473       0.192688      40.254028      40.231562       0.689763       0.095407
        5.460526      10.251479       1.678473       0.197205      38.473877      38.452963       0.688869       0.093008
        5.526316      10.249225       1.678473       0.201721      36.697388      36.709356       0.687986       0.090633
        5.592105      10.247042       1.678473       0.206116      34.971191      34.947107       0.687125       0.088318
        5.657895      10.244927       1.678473       0.210632      33.227417      33.269054       0.686286       0.086063
        5.723684      10.242879       1.678473       0.215027      31.518433      31.529286       0.685453       0.083819
        5.789474      10.240893       1.678473       0.219421      29.806641      29.845679       0.684628       0.081594
        5.855263      10.238967       1.678473       0.223694      28.158936      28.106356       0.683833       0.079450
        5.921053      10.237099       1.678473       0.228088      26.478271      26.441385       0.683039       0.077306
        5.986842      10.235287       1.678473       0.232727      24.787109      24.776093       0.682149       0.074880
        6.052631      10.233529       1.678473       0.237488      23.128418      23.108972       0.681233       0.072373
        6.118421      10.231822       1.678473       0.242371      21.449219      21.470814       0.680261       0.069702
        6.184211      10.230164       1.678473       0.247253      19.810913      19.794183       0.679295       0.067040
        6.250000      10.228554       1.678473       0.252869      18.213623      18.262789       0.678142       0.063835
        6.315790      10.226989       1.678473       0.259460      16.776123      16.782761       0.676725       0.059855
        6.381579      10.225469       1.678473       0.266663      15.433228      15.416794       0.675177       0.055494
        6.447368      10.223991       1.678473       0.274231      14.164795      14.120596       0.673538       0.050865
        6.513158      10.222554       1.678473       0.282288      12.931885      12.937214       0.671831       0.046037
        6.578948      10.221156       1.678473       0.290344      11.774902      11.790144       0.670122       0.041201
        6.644737      10.219797       1.678473       0.298523      10.663086      10.656407       0.668431       0.036415
        6.710526      10.218473       1.678473       0.306702       9.598389       9.579845       0.666783       0.031751
        6.776316      10.217186       1.678473       0.314880       8.569214       8.575788       0.665158       0.027151
        6.842105      10.215932       1.678473       0.323059       7.565918       7.569187       0.663562       0.022635
        6.907895      10.214711       1.678473       0.331116       6.594727       6.599324       0.662031       0.018304
        6.973684      10.213522       1.678473       0.339172       5.638794       5.648796       0.660531       0.014062
