        0.065789       0.996956       0.003037       0.003037       0.000000       0.000000       0.000000       0.000000       0.000000       0.000000       0.000000       0.000000       0.000000       0.000000       0.000000       0.000000
        0.131579       0.992058       0.007948       0.007948       0.000000       0.000000       0.000000       0.000000       0.000000       0.000000       0.000000       0.000000       0.000000       0.000000       0.000000       0.000000
        0.197368       0.986595       0.013401       0.013401       0.000000       0.000000       0.000000       0.000000       0.000000       0.000000       0.000000       0.000000       0.000000       0.000000       0.000000       0.000000
        0.263158       0.981178       0.018821       0.018821       0.000000       0.000000       0.000000       0.000000       0.000000       0.000000       0.000000       0.000000       0.000000       0.000000       0.000000       0.000000
        0.328947       0.976067       0.023935       0.023935       0.000000       0.000000       0.000000       0.000000       0.000000       0.000000       0.000000       0.000000       0.000000       0.000000       0.000000       0.000000
        0.394737       0.971367       0.028627       0.028627       0.000000       0.000000       0.000000       0.000000       0.000000       0.000000       0.000000       0.000000       0.000000       0.000000       0.000000       0.000000
        0.460526       0.967125       0.032869       0.032869       0.000000       0.000000       0.000000       0.000000       0.000000       0.000000       0.000000       0.000000       0.000000       0.000000       0.000000       0.000000
        0.526316       0.963326       0.036677       0.036677       0.000000       0.000000       0.000000       0.000000       0.000000       0.000000       0.000000       0.000000       0.000000       0.000000       0.000000       0.000000
        0.592105       0.959908       0.040085       0.040085       0.000000       0.000000       0.000000       0.000000       0.000000       0.000000       0.000000       0.000000       0.000000       0.000000       0.000000       0.000000
        0.657895       0.956856       0.043139       0.043139       0.000000       0.000000       0.000000       0.000000       0.000000       0.000000       0.000000       0.000000       0.000000       0.000000       0.000000       0.000000
        0.723684       0.954109       0.045887       0.045887       0.000000       0.000000       0.000000       0.000000       0.000000       0.000000       0.000000       0.000000       0.000000       0.000000       0.000000       0.000000
        0.789474       0.950996       0.049001       0.048133       0.000868       0.000000       0.000000       0.000000       0.000000       0.000000       0.000000       0.000000       0.000000       0.000000       0.000000       0.000000
        0.855263       0.947533       0.052469       0.049905       0.002564       0.000000       0.000000       0.000000       0.000000       0.000000       0.000000       0.000000       0.000000       0.000000       0.000000       0.000000
        0.921053       0.944145       0.055863       0.051409       0.004454       0.000000       0.000000       0.000000       0.000000       0.000000       0.000000       0.000000       0.000000       0.000000       0.000000       0.000000
        0.986842       0.940895       0.059107       0.052722       0.006384       0.000000       0.000000       0.000000       0.000000       0.000000       0.000000       0.000000       0.000000       0.000000       0.000000       0.000000
        1.052632       0.937813       0.062182       0.053893       0.008290       0.000000       0.000000       0.000000       0.000000       0.000000       0.000000       0.000000       0.000000       0.000000       0.000000       0.000000
        1.118421       0.934898       0.065099       0.054955       0.010143       0.000000       0.000000       0.000000       0.000000       0.000000       0.000000       0.000000       0.000000       0.000000       0.000000       0.000000
        1.184211       0.932137       0.067869       0.055935       0.011934       0.000000       0.000000       0.000000       0.000000       0.000000       0.000000       0.000000       0.000000       0.000000       0.000000       0.000000
        1.250000       0.929497       0.070503       0.056845       0.013657       0.000000       0.000000       0.000000       0.000000       0.000000       0.000000       0.000000       0.000000       0.000000       0.000000       0.000000
        1.315789       0.926979       0.073017       0.057703       0.015314       0.000000       0.000000       0.000000       0.000000       0.000000       0.000000       0.000000       0.000000       0.000000       0.000000       0.000000
        1.381579       0.924568       0.075424       0.058517       0.016907       0.000000       0.000000       0.000000       0.000000       0.000000       0.000000       0.000000       0.000000       0.000000       0.000000       0.000000
        1.447368       0.922264       0.077734       0.059294       0.018440       0.000000       0.000000       0.000000       0.000000       0.000000       0.000000       0.000000       0.000000       0.000000       0.000000       0.000000
        1.513158       0.920052       0.079954       0.060039       0.019915       0.000000       0.000000       0.000000       0.000000       0.000000       0.000000       0.000000       0.000000       0.000000       0.000000       0.000000
        1.578947       0.917915       0.082086       0.060754       0.021333       0.000000       0.000000       0.000000       0.000000       0.000000       0.000000       0.000000       0.000000       0.000000       0.000000       0.000000
        1.644737       0.915855       0.084136       0.061440       0.022697       0.000000       0.000000       0.000000       0.000000       0.000000       0.000000       0.000000       0.000000       0.000000       0.000000       0.000000
        1.710526       0.913887       0.086113       0.062102       0.024012       0.000000       0.000000       0.000000       0.000000       0.000000       0.000000       0.000000       0.000000       0.000000       0.000000       0.000000
        1.776316       0.911980       0.088013       0.062737       0.025276       0.000000       0.000000       0.000000       0.000000       0.000000       0.000000       0.000000       0.000000       0.000000       0.000000       0.000000
        1.842105       0.910164       0.089841       0.063349       0.026493       0.000000       0.000000       0.000000       0.000000       0.000000       0.000000       0.000000       0.000000       0.000000       0.000000       0.000000
        1.907895       0.908409       0.091597       0.063934       0.027662       0.000000       0.000000       0.000000       0.000000       0.000000       0.000000       0.000000       0.000000       0.000000       0.000000       0.000000
        1.973684       0.906715       0.093279       0.064493       0.028786       0.000000       0.000000       0.000000       0.000000       0.000000       0.000000       0.000000       0.000000       0.000000       0.000000       0.000000
        2.039474       0.905098       0.094895       0.065029       0.029866       0.000000       0.000000       0.000000       0.000000       0.000000       0.000000       0.000000       0.000000       0.000000       0.000000       0.000000
        2.105263       0.903557       0.096446       0.065541       0.030905       0.000000       0.000000       0.000000       0.000000       0.000000       0.000000       0.000000       0.000000       0.000000       0.000000       0.000000
        2.171053       0.899208       0.097387       0.065724       0.031663       0.003412       0.000000       0.000000       0.000000       0.000000       0.000000       0.000000       0.000000       0.000000       0.000000       0.000000
        2.236842       0.888634       0.097105       0.065237       0.031868       0.014253       0.000000       0.000000       0.000000       0.000000       0.000000       0.000000       0.000000       0.000000       0.000000       0.000000
        2.302632       0.876717       0.096535       0.064605       0.031930       0.026754       0.000000       0.000000       0.000000       0.000000       0.000000       0.000000       0.000000       0.000000       0.000000       0.000000
        2.368421       0.864220       0.095838       0.063919       0.031920       0.039935       0.000000       0.000000       0.000000       0.000000       0.000000       0.000000       0.000000       0.000000       0.000000       0.000000
        2.434211       0.851524       0.095080       0.063211       0.031868       0.053403       0.000000       0.000000       0.000000       0.000000       0.000000       0.000000       0.000000       0.000000       0.000000       0.000000
        2.500000       0.838737       0.094289       0.062500       0.031788       0.066963       0.000000       0.000000       0.000000       0.000000       0.000000       0.000000       0.000000       0.000000       0.000000       0.000000
        2.565789       0.825035       0.094565       0.061158       0.031181       0.078192       0.000000       0.000000       0.000000       0.000000       0.002225       0.000000       0.000000       0.000000       0.000000       0.000000
        2.631579       0.810204       0.096341       0.058958       0.029866       0.085941       0.000000       0.000000       0.000000       0.000000       0.007515       0.000000       0.000000       0.000000       0.000000       0.000000
        2.697368       0.795586       0.098267       0.056727       0.028507       0.093128       0.000000       0.000000       0.000000       0.000000       0.013034       0.000000       0.000000       0.000000       0.000000       0.000000
        2.763158       0.781288       0.100216       0.054537       0.027161       0.099990       0.000000       0.000000       0.000000       0.000000       0.018521       0.000000       0.000000       0.000000       0.000000       0.000000
        2.828947       0.767326       0.102147       0.052408       0.025849       0.106617       0.000000       0.000000       0.000000       0.000000       0.023888       0.000000       0.000000       0.000000       0.000000       0.000000
        2.894737       0.753731       0.104053       0.050351       0.024578       0.113082       0.000000       0.000000       0.000000       0.000000       0.029128       0.000000       0.000000       0.000000       0.000000       0.000000
        2.960526       0.740517       0.105917       0.048365       0.023350       0.119383       0.000000       0.000000       0.000000       0.000000       0.034198       0.000000       0.000000       0.000000       0.000000       0.000000
        3.026316       0.727623       0.107732       0.046452       0.022169       0.125551       0.000000       0.000000       0.000000       0.000000       0.039106       0.000000       0.000000       0.000000       0.000000       0.000000
        3.092105       0.714989       0.109524       0.044598       0.021022       0.131578       0.000000       0.000000       0.000160       0.000000       0.043747       0.000000       0.000000       0.000000       0.000000       0.000000
        3.157895       0.701973       0.111538       0.042692       0.019825       0.137461       0.000000       0.000000       0.001600       0.000000       0.047418       0.000000       0.000000       0.000000       0.000000       0.000000
        3.223684       0.689125       0.113568       0.040822       0.018649       0.143218       0.000000       0.000000       0.003427       0.000000       0.050669       0.000000       0.000000       0.000000       0.000000       0.000000
        3.289474       0.676506       0.115560       0.039007       0.017510       0.148879       0.000000       0.000000       0.005367       0.000000       0.053673       0.000000       0.000000       0.000000       0.000000       0.000000
        3.355263       0.665718       0.120984       0.036809       0.016073       0.156802       0.000000       0.000000       0.005064       0.000000       0.051438       0.000000       0.000000       0.000000       0.000000       0.011609
        3.421053       0.655724       0.127610       0.034524       0.014575       0.165514       0.000000       0.000000       0.003873       0.000000       0.047294       0.000000       0.000000       0.000000       0.000000       0.027348
        3.486842       0.645851       0.133732       0.032378       0.013185       0.173820       0.000000       0.000000       0.002894       0.000000       0.043694       0.000000       0.000000       0.000000       0.000000       0.041573
        3.552631       0.636055       0.139314       0.030372       0.011905       0.181755       0.000000       0.000000       0.002145       0.000000       0.040751       0.000000       0.000000       0.000000       0.000000       0.054140
        3.618421       0.626381       0.144432       0.028493       0.010724       0.189328       0.000000       0.000000       0.001562       0.000000       0.038298       0.000000       0.000000       0.000000       0.000000       0.065363
        3.684211       0.616890       0.149189       0.026726       0.009630       0.196606       0.000000       0.000000       0.001095       0.000000       0.036215       0.000000       0.000000       0.000000       0.000000       0.075531
        3.750000       0.607536       0.153606       0.025065       0.008620       0.203634       0.000000       0.000000       0.000733       0.000000       0.034483       0.000000       0.000000       0.000000       0.000000       0.084700
        3.815789       0.598381       0.157752       0.023500       0.007684       0.210418       0.000000       0.000000       0.000444       0.000000       0.032987       0.000000       0.000000       0.000000       0.000000       0.093131
        3.881579       0.589409       0.161579       0.022035       0.006825       0.216952       0.000000       0.000000       0.000243       0.000000       0.031823       0.000000       0.000000       0.000000       0.000000       0.100656
        3.947368       0.580605       0.165164       0.020656       0.006033       0.223264       0.000000       0.000000       0.000098       0.000000       0.030857       0.000000       0.000000       0.000000       0.000000       0.107524
        4.013158       0.571983       0.168609       0.019347       0.005297       0.229434       0.000000       0.000000       0.000006       0.000000       0.029993       0.000000       0.000000       0.000000       0.000000       0.113966
        4.078948       0.563484       0.171827       0.018114       0.004621       0.235379       0.000000       0.000000       0.000000       0.000000       0.029287       0.000000       0.000000       0.000000       0.000000       0.119806
        4.144737       0.555229       0.174834       0.016960       0.004005       0.241135       0.000000       0.000000       0.000000       0.000000       0.028802       0.000000       0.000000       0.000000       0.000000       0.125074
        4.210526       0.547127       0.177707       0.015870       0.003439       0.246762       0.000000       0.000000       0.000000       0.000000       0.028407       0.000000       0.000000       0.000000       0.000000       0.129986
        4.276316       0.539207       0.180367       0.014852       0.002928       0.252205       0.000000       0.000000       0.000000       0.000000       0.028217       0.000000       0.000000       0.000000       0.000000       0.134371
        4.342105       0.531471       0.182976       0.013883       0.002459       0.257534       0.000000       0.000000       0.000000       0.000000       0.028012       0.000000       0.000000       0.000000       0.000000       0.138624
        4.407895       0.523918       0.185394       0.012980       0.002039       0.262687       0.000000       0.000000       0.000000       0.000000       0.027989       0.000000       0.000000       0.000000       0.000000       0.142385
        4.473684       0.516518       0.187768       0.012121       0.001656       0.267740       0.000000       0.000000       0.000000       0.000000       0.027953       0.000000       0.000000       0.000000       0.000000       0.146036
        4.539474       0.509270       0.190042       0.011311       0.001314       0.272696       0.000000       0.000000       0.000000       0.000000       0.028007       0.000000       0.000000       0.000000       0.000000       0.149403
        4.605263       0.502190       0.192132       0.010558       0.001015       0.277470       0.000000       0.000000       0.000000       0.000000       0.028230       0.000000       0.000000       0.000000       0.000000       0.152326
        4.671053       0.495262       0.194190       0.009844       0.000751       0.282135       0.000000       0.000000       0.000000       0.000000       0.028421       0.000000       0.000000       0.000000       0.000000       0.155167
        4.736842       0.488457       0.196152       0.009172       0.000524       0.286706       0.000000       0.000000       0.000000       0.000000       0.028697       0.000000       0.000000       0.000000       0.000000       0.157759
        4.802631       0.481804       0.198091       0.008535       0.000331       0.291170       0.000000       0.000000       0.000000       0.000000       0.028938       0.000000       0.000000       0.000000       0.000000       0.160280
        4.868421       0.475273       0.199941       0.007936       0.000176       0.295538       0.000000       0.000000       0.000000       0.000000       0.029262       0.000000       0.000000       0.000000       0.000000       0.162568
        4.934211       0.468864       0.201701       0.007375       0.000062       0.299784       0.000000       0.000000       0.000000       0.000000       0.029639       0.000000       0.000000       0.000000       0.000000       0.164632
        5.000000       0.462593       0.203400       0.006847       0.000000       0.303925       0.000000       0.000000       0.000000       0.000000       0.030065       0.000000       0.000000       0.000000       0.000000       0.166481
        5.065790       0.456429       0.205091       0.006346       0.000000       0.307997       0.000000       0.000000       0.000000       0.000000       0.030465       0.000000       0.000000       0.000000       0.000000       0.168283
        5.131579       0.450371       0.206699       0.005877       0.000000       0.311995       0.000000       0.000000       0.000000       0.000000       0.030939       0.000000       0.000000       0.000000       0.000000       0.169881
        5.197368       0.444466       0.208207       0.005443       0.000000       0.315838       0.000000       0.000000       0.000000       0.000000       0.031484       0.000000       0.000000       0.000000       0.000000       0.171285
        5.263158       0.438652       0.209694       0.005032       0.000000       0.319625       0.000000       0.000000       0.000000       0.000000       0.032015       0.000000       0.000000       0.000000       0.000000       0.172653
        5.328948       0.432991       0.211169       0.004647       0.000000       0.323326       0.000000       0.000000       0.000000       0.000000       0.032537       0.000000       0.000000       0.000000       0.000000       0.173988
        5.394737       0.427406       0.212610       0.004285       0.000000       0.326951       0.000000       0.000000       0.000000       0.000000       0.033042       0.000000       0.000000       0.000000       0.000000       0.175290
        5.460526       0.421928       0.213969       0.003948       0.000000       0.330481       0.000000       0.000000       0.000000       0.000000       0.033616       0.000000       0.000000       0.000000       0.000000       0.176414
        5.526316       0.416573       0.215324       0.003632       0.000000       0.333952       0.000000       0.000000       0.000000       0.000000       0.034179       0.000000       0.000000       0.000000       0.000000       0.177511
        5.592105       0.411324       0.216574       0.003341       0.000000       0.337279       0.000000       0.000000       0.000000       0.000000       0.034800       0.000000       0.000000       0.000000       0.000000       0.178438
        5.657895       0.406166       0.217832       0.003066       0.000000       0.340597       0.000000       0.000000       0.000000       0.000000       0.035427       0.000000       0.000000       0.000000       0.000000       0.179344
        5.723684       0.401100       0.219069       0.002810       0.000000       0.343827       0.000000       0.000000       0.000000       0.000000       0.036029       0.000000       0.000000       0.000000       0.000000       0.180229
        5.789474       0.396141       0.220225       0.002573       0.000000       0.346952       0.000000       0.000000       0.000000       0.000000       0.036693       0.000000       0.000000       0.000000       0.000000       0.180955
        5.855263       0.391273       0.221424       0.002349       0.000000       0.350017       0.000000       0.000000       0.000000       0.000000       0.037264       0.000000       0.000000       0.000000       0.000000       0.181802
        5.921053       0.386497       0.222556       0.002143       0.000000       0.353037       0.000000       0.000000       0.000000       0.000000       0.037911       0.000000       0.000000       0.000000       0.000000       0.182495
        5.986842       0.381783       0.223673       0.001950       0.000000       0.356017       0.000000       0.000000       0.000000       0.000000       0.038556       0.000000       0.000000       0.000000       0.000000       0.183173
        6.052631       0.377174       0.224719       0.001774       0.000000       0.358853       0.000000       0.000000       0.000000       0.000000       0.039235       0.000000       0.000000       0.000000       0.000000       0.183703
        6.118421       0.372658       0.225754       0.001610       0.000000       0.361652       0.000000       0.000000       0.000000       0.000000       0.039914       0.000000       0.000000       0.000000       0.000000       0.184221
        6.184211       0.368187       0.226839       0.001455       0.000000       0.364471       0.000000       0.000000       0.000000       0.000000       0.040530       0.000000       0.000000       0.000000       0.000000       0.184859
        6.250000       0.363823       0.227844       0.001314       0.000000       0.367141       0.000000       0.000000       0.000000       0.000000       0.041183       0.000000       0.000000       0.000000       0.000000       0.185354
        6.315790       0.359520       0.228804       0.001184       0.000000       0.369788       0.000000       0.000000       0.000000       0.000000       0.041903       0.000000       0.000000       0.000000       0.000000       0.185712
        6.381579       0.355293       0.229796       0.001063       0.000000       0.372396       0.000000       0.000000       0.000000       0.000000       0.042551       0.000000       0.000000       0.000000       0.000000       0.186189
        6.447368       0.351143       0.230778       0.000951       0.000000       0.374921       0.000000       0.000000       0.000000       0.000000       0.043167       0.000000       0.000000       0.000000       0.000000       0.186655
        6.513158       0.347069       0.231694       0.000850       0.000000       0.377377       0.000000       0.000000       0.000000       0.000000       0.043850       0.000000       0.000000       0.000000       0.000000       0.186990
        6.578948       0.343040       0.232604       0.000757       0.000000       0.379825       0.000000       0.000000       0.000000       0.000000       0.044526       0.000000       0.000000       0.000000       0.000000       0.187317
        6.644737       0.339104       0.233500       0.000672       0.000000       0.382189       0.000000       0.000000       0.000000       0.000000       0.045194       0.000000       0.000000       0.000000       0.000000       0.187638
        6.710526       0.335213       0.234392       0.000593       0.000000       0.384522       0.000000       0.000000       0.000000       0.000000       0.045851       0.000000       0.000000       0.000000       0.000000       0.187952
        6.776316       0.331398       0.235286       0.000522       0.000000       0.386834       0.000000       0.000000       0.000000       0.000000       0.046506       0.000000       0.000000       0.000000       0.000000       0.188261
        6.842105       0.327644       0.236154       0.000458       0.000000       0.389067       0.000000       0.000000       0.000000       0.000000       0.047143       0.000000       0.000000       0.000000       0.000000       0.188563
        6.907895       0.323952       0.236968       0.000400       0.000000       0.391229       0.000000       0.000000       0.000000       0.000000       0.047823       0.000000       0.000000       0.000000       0.000000       0.188744
        6.973684       0.320305       0.237832       0.000346       0.000000       0.393408       0.000000       0.000000       0.000000       0.000000       0.048447       0.000000       0.000000       0.000000       0.000000       0.189036
        7.039473       0.316704       0.238623       0.000299       0.000000       0.395520       0.000000       0.000000       0.000000       0.000000       0.049118       0.000000       0.000000       0.000000       0.000000       0.189209
        7.105263       0.313194       0.239474       0.000256       0.000000       0.397592       0.000000       0.000000       0.000000       0.000000       0.049728       0.000000       0.000000       0.000000       0.000000       0.189492
        7.171053       0.309731       0.240261       0.000218       0.000000       0.399614       0.000000       0.000000       0.000000       0.000000       0.050387       0.000000       0.000000       0.000000       0.000000       0.189657
        7.236842       0.306313       0.241046       0.000185       0.000000       0.401618       0.000000       0.000000       0.000000       0.000000       0.051045       0.000000       0.000000       0.000000       0.000000       0.189819
        7.302632       0.302956       0.241815       0.000155       0.000000       0.403559       0.000000       0.000000       0.000000       0.000000       0.051685       0.000000       0.000000       0.000000       0.000000       0.189979
        7.368421       0.299660       0.242586       0.000129       0.000000       0.405457       0.000000       0.000000       0.000000       0.000000       0.052322       0.000000       0.000000       0.000000       0.000000       0.190135
        7.434211       0.296394       0.243333       0.000106       0.000000       0.407272       0.000000       0.000000       0.000000       0.000139       0.052825       0.000000       0.000000       0.000000       0.000000       0.190397
        7.500000       0.293556       0.243765       0.000090       0.000000       0.408433       0.000000       0.000000       0.000000       0.001226       0.053030       0.000000       0.000000       0.000000       0.000000       0.190655
