   9.9999997764825821E-003   16790984624809.703        8.0398398146558248E-002   41.526769999999999     
   1.9999999552965164E-002   33619981086403.883        6.6745849081694744E-002   37.220329999999997     
   2.9999999329447746E-002   50474466637576.258        5.3946286634320426E-002   29.705970000000001     
   3.9999999105930328E-002   67356269484344.031        5.6195222557781130E-002   20.459810000000001     
   4.9999997019767761E-002   84266458709616.781        7.7292400291305782E-002   16.003240000000002     
   5.9999998658895493E-002   101205349841336.56       0.10785340366382291        14.379690000000000     
   7.0000000298023224E-002   118175407709544.88       0.14172439719162996        13.762330000000000     
   7.9999998211860657E-002   135177634579469.41       0.17479622463304736        13.507700000000000     
   8.9999996125698090E-002   152209550772694.97       0.20465905800055567        13.388150000000000     
   9.9999994039535522E-002   169275692467400.25       0.23048036352630677        13.318330000000000     
  0.10999999940395355        186377202988363.66       0.25243370172927743        13.265739999999999     
  0.11999999731779099        203516250198151.69       0.27090402658281493        13.218489999999999     
  0.12999999523162842        220696085890614.34       0.28692578233796240        13.170909999999999     
  0.14000000059604645        237919189744166.81       0.30176481464627075        13.119199999999999     
  0.14999999105930328        255190565660760.88       0.31641649670556321        13.060940000000000     
  0.15999999642372131        272515291784216.81       0.33175540270411685        12.994600000000000     
  0.17000000178813934        289904222275741.62       0.34860868321099203        12.919779999999999     
  0.17999999225139618        307364187387257.38       0.36778048477494879        12.837809999999999     
  0.18999999761581421        324896493775653.62       0.39004318486245410        12.751989999999999     
  0.19999998807907104        342515128608997.06       0.41613700395177511        12.667050000000000     
  0.20999999344348907        360227219106684.88       0.44667645864991024        12.588490000000000     
  0.21999999880790710        378046306985571.50       0.48211782556865385        12.521369999999999     
  0.22999998927116394        395978539472386.94       0.52268736242328706        12.469500000000000     
  0.23999999463558197        414027747447557.12       0.56837417930039913        12.434839999999999     
  0.25000000000000000        432205067191389.94       0.61896988694396649        12.417490000000001     
  0.25999999046325684        450531227033632.06       0.67411845333825382        12.416090000000001     
  0.26999998092651367        469000584592260.69       0.73323457528484259        12.428360000000000     
  0.28000000119209290        487635204550659.25       0.79573364223021559        12.451490000000000     
  0.28999999165534973        506432948743008.88       0.86088304011199690        12.482590000000000     
  0.29999998211860657        525398895313129.62       0.92796258329947900        12.518940000000001     
  0.31000000238418579        544554366525718.12       0.99632103617579792        12.558170000000000     
  0.31999999284744263        563908568372495.38        1.0652997899339172        12.598269999999999     
  0.32999998331069946        583450988204850.88        1.1292899843243072        12.634630000000000     
  0.34000000357627869        603166718255545.50        1.1819042255693968        12.662730000000000     
  0.34999999403953552        623039603493946.12        1.2304102045088079        12.686019999999999     
  0.35999998450279236        643068931198112.75        1.2760260709759084        12.704920000000000     
  0.37000000476837158        663251494119316.88        1.3191857723266249        12.719609999999999     
  0.37999999523162842        683586817109598.50        1.3601610614673616        12.730309999999999     
  0.38999998569488525        704089510968721.88        1.3970708137760433        12.736910000000000     
  0.39999997615814209        724697450100942.25        1.4294322721045813        12.739910000000000     
  0.40999999642372131        745468127409396.25        1.4599502908467992        12.739940000000001     
  0.41999998688697815        766362165006914.75        1.4888804892819583        12.737140000000000     
  0.42999997735023499        787376593218749.25        1.5163937322201877        12.731669999999999     
  0.43999999761581421        808564628616397.75        1.5425867174932550        12.723720000000000     
  0.44999998807907104        829867649820319.25        1.5675119738056738        12.713450000000000     
  0.45999997854232788        851320817779539.50        1.5912777895838643        12.701020000000000     
  0.46999999880790710        872896989666854.50        1.6138713314030400        12.686650000000000     
  0.47999998927116394        894621407717629.12        1.6351133821997104        12.670690000000000     
  0.48999997973442078        916479104771129.25        1.6552912268539939        12.653140000000000     
  0.50000000000000000        938478455310146.50        1.6745386376761744        12.634060000000000     
  0.50999999046325684        960621656893995.00        1.6900951813342959        12.616770000000001     
  0.51999998092651367        982894098722910.62        1.7040967088279837        12.599440000000000     
  0.52999997138977051        1005219103794880.0        1.7177930895412818        12.580600000000000     
  0.53999996185302734        1027741711024633.5        1.7312466317201454        12.560070000000000     
  0.55000001192092896        1050356021810629.8        1.7443402461578610        12.538000000000000     
  0.56000000238418579        1073072489407984.1        1.7569959974387823        12.514580000000000     
  0.56999999284744263        1095958941187959.1        1.7692578740993830        12.489780000000000     
  0.57999998331069946        1118962279366046.5        1.7810587122050550        12.463830000000000     
  0.58999997377395630        1142117902465251.5        1.7924344096940712        12.436760000000000     
  0.59999996423721313        1165373662996985.8        1.8033557525556072        12.408730000000000     
  0.61000001430511475        1188834806234346.2        1.8138463213926566        12.379820000000000     
  0.62000000476837158        1212381357317481.8        1.8239008945594581        12.350149999999999     
  0.62999999523162842        1236091596872770.2        1.8335441016300886        12.319750000000001     
  0.63999998569488525        1259963743095363.0        1.8427737166469258        12.288770000000000     
  0.64999997615814209        1283982353676565.5        1.8516146318436610        12.257210000000001     
  0.65999996662139893        1308133292964574.5        1.8600378282466596        12.225310000000000     
  0.66999995708465576        1332411453118821.2        1.8680855838762729        12.193020000000001     
  0.68000000715255737        1356854252041140.8        1.8757572154399897        12.160450000000001     
  0.68999999761581421        1381528685593865.5        1.8830926333309679        12.127530000000000     
  0.69999998807907104        1406306582614838.2        1.8900779129618956        12.094410000000000     
  0.70999997854232788        1431174401387204.2        1.8966972278853473        12.061290000000000     
  0.71999996900558472        1456286921358870.2        1.9030196733709916        12.027910000000000     
  0.72999995946884155        1481490075803869.5        1.9090030533512337        11.994579999999999     
  0.74000000953674316        1506918569168806.5        1.9147000247320143        11.961119999999999     
  0.75000000000000000        1532456702925468.8        1.9200949226712447        11.927700000000000     
  0.75999999046325684        1558113623672082.5        1.9251956298136637        11.894370000000000     
  0.76999998092651367        1583981391325860.2        1.9300337019663201        11.861010000000000     
  0.77999997138977051        1610072953668706.5        1.9346130006692792        11.827669999999999     
  0.78999996185302734        1636209773854724.5        1.9389136464248722        11.794600000000001     
  0.79999995231628418        1662582148641816.2        1.9429787465965238        11.761550000000000     
  0.81000000238418579        1689103125953337.0        1.9467935437905968        11.728730000000001     
  0.81999999284744263        1715771993067347.8        1.9503754662854156        11.696090000000000     
  0.82999998331069946        1742627236968592.0        1.9537395192923444        11.663560000000000     
  0.83999997377395630        1769680379995096.0        1.9568864205730736        11.631230000000000     
  0.84999996423721313        1796725920654242.8        1.9598076873110939        11.599299999999999     
  0.85999995470046997        1824163695954209.2        1.9625510710509155        11.567320000000000     
  0.87000000476837158        1851649936346076.0        1.9650869375371376        11.535720000000000     
  0.87999999523162842        1879286204706251.8        1.9674390818721135        11.504310000000000     
  0.88999998569488525        1907035677067851.0        1.9696068627528738        11.473210000000000     
  0.89999997615814209        1935031038498650.0        1.9716034449762394        11.442320000000000     
  0.90999996662139893        1963279059857075.8        1.9734388479783425        11.411590000000000     
  0.91999995708465576        1991487406360857.8        1.9751057573828055        11.381240000000000     
  0.93000000715255737        2019958272112432.8        1.9766224324682276        11.351060000000000     
  0.93999999761581421        2048728481078685.5        1.9779916735461998        11.321099999999999     
  0.94999998807907104        2077463053947952.5        1.9792125193226400        11.291510000000001     
  0.95999997854232788        2106507898434973.0        1.9803003302922413        11.262050000000000     
  0.96999996900558472        2135701701807392.5        1.9812525101476250        11.232910000000000     
  0.97999995946884155        2164955373822747.5        1.9820756857424708        11.204079999999999     
  0.98999994993209839        2194377485789854.0        1.9827760110236534        11.175520000000001     
   1.0000000000000000        2224068056354250.8        1.9833595160289028        11.147150000000000     
   1.0099999904632568        2253830849408538.5        1.9838277917470926        11.119130000000000     
   1.0199999809265137        2283841669697844.0        1.9841881026928363        11.091270000000000     
   1.0299999713897705        2314079373137957.5        1.9844427923352215        11.063660000000000     
   1.0399999618530273        2344347010899538.5        1.9845954187287063        11.036420000000000     
   1.0499999523162842        2374718468490337.5        1.9846510314063266        11.009449999999999     
   1.0599999427795410        2405430369594337.0        1.9846132308592244        10.982630000000000     
   1.0699999332427979        2436271273369424.0        1.9844852157600270        10.956080000000000     
   1.0799999237060547        2467250920348774.5        1.9842710474858423        10.929830000000001     
   1.0900000333786011        2498393067930379.0        1.9839738505382276        10.903829999999999     
   1.1000000238418579        2529811989198569.5        1.9835953827120978        10.877990000000000     
   1.1100000143051147        2561259894492309.0        1.9831418869558308        10.852510000000001     
   1.1200000047683716        2592872676128101.0        1.9826149940589490        10.827280000000000     
   1.1299999952316284        2624716854820318.5        1.9820172531088889        10.802289999999999     
   1.1399999856948853        2656739213997463.0        1.9813712223599143        10.778250000000000     
