        0.065789      13.525059       1.151932       0.000000      19.053101     483.709673       0.992390       0.955320
        0.131579      13.242256       1.151932       0.000000      33.073181     474.708662       0.985164       0.914722
        0.197368      12.971988       1.151932       0.000000      45.058594     465.961030       0.978296       0.877788
        0.263158      12.717549       1.151932       0.000000      55.537476     457.442455       0.971754       0.844073
        0.328947      12.480697       1.151932       0.000000      64.815613     449.127438       0.965509       0.813141
        0.394737      12.262049       1.151932       0.000000      73.111389     440.990211       0.959529       0.784587
        0.460526      12.061426       1.151932       0.000000      80.594055     433.003378       0.953787       0.758048
        0.526316      11.878125       1.151932       0.000000      87.397827     425.142093       0.948258       0.733216
        0.592105      11.711130       1.151932       0.000000      93.629700     417.382799       0.942921       0.709838
        0.657895      11.559260       1.151932       0.000000      99.379211     409.705985       0.937761       0.687709
        0.723684      11.421271       1.151932       0.000000     104.720825     402.094940       0.932762       0.666653
        0.789474      11.295927       1.151932       0.000000     109.533081     394.502094       0.927910       0.646522
        0.855263      11.182040       1.151932       0.000000     113.859070     386.912816       0.923196       0.627206
        0.921053      11.078497       1.151932       0.000000     117.867004     379.340770       0.918617       0.608639
        0.986842      10.984268       1.151932       0.000000     121.627563     371.786400       0.914168       0.590755
        1.052632      10.898417       1.151932       0.000000     125.185303     364.251004       0.909849       0.573519
        1.118421      10.820094       1.151932       0.000000     128.575012     356.728282       0.905656       0.556890
        1.184211      10.748537       1.151932       0.000000     131.821899     349.221497       0.901588       0.540844
        1.250000      10.683060       1.151932       0.000000     134.943848     341.729663       0.897649       0.525370
        1.315789      10.623053       1.151932       0.000000     137.958008     334.252523       0.893834       0.510448
        1.381579      10.567970       1.151932       0.000000     140.875732     326.791109       0.890146       0.496069
        1.447368      10.517325       1.151932       0.000000     143.708252     319.344881       0.886583       0.482218
        1.513158      10.470685       1.151932       0.000000     146.461792     311.919392       0.883146       0.468890
        1.578947      10.427663       1.151932       0.000000     149.141174     304.513481       0.879834       0.456082
        1.644737      10.387916       1.151932       0.000000     151.751282     297.129631       0.876646       0.443781
        1.710526      10.351137       1.151932       0.000000     154.298706     289.765936       0.873579       0.431969
        1.776316      10.317052       1.151932       0.000000     156.782959     282.424929       0.870632       0.420643
        1.842105      10.285416       1.151932       0.000000     159.208984     275.109759       0.867804       0.409790
        1.907895      10.256010       1.151932       0.000000     161.576782     267.817581       0.865090       0.399396
        1.973684      10.228637       1.151932       0.000000     163.888245     260.553464       0.862489       0.389452
        2.039474      10.203121       1.151932       0.000000     166.146545     253.310124       0.859996       0.379933
        2.105263      10.179305       1.151932       0.000000     168.353943     246.094136       0.857607       0.370824
        2.171053      10.157045       1.151932       0.000000     170.247681     239.267113       0.855338       0.362198
        2.236842      10.136212       1.151932       0.000000     171.524841     233.306390       0.853188       0.354047
        2.302632      10.116692       1.151932       0.000000     172.629272     227.626074       0.851119       0.346202
        2.368421      10.098380       1.151932       0.000000     173.638306     222.127823       0.849111       0.338585
        2.434211      10.081179       1.151932       0.000000     174.582031     216.774382       0.847166       0.331200
        2.500000      10.065006       1.151932       0.000000     175.478088     211.539745       0.845273       0.324003
        2.565789      10.049780       1.151932       0.000000     175.728027     206.748490       0.843476       0.317187
        2.631579      10.035432       1.151932       0.000000     175.066040     202.547861       0.841789       0.310814
        2.697368      10.021897       1.151932       0.000000     174.258179     198.477913       0.840149       0.304607
        2.763158      10.009116       1.151932       0.000000     173.373047     194.508618       0.838552       0.298556
        2.828947       9.997035       1.151932       0.000000     172.434875     190.611464       0.836994       0.292643
        2.894737       9.985605       1.151932       0.000000     171.456787     186.776625       0.835472       0.286853
        2.960526       9.974780       1.151932       0.000000     170.444031     183.012549       0.833991       0.281212
        3.026316       9.964521       1.151932       0.000000     169.404297     179.300350       0.832539       0.275673
        3.092105       9.954787       1.151932       0.000000     168.322021     175.641765       0.831121       0.270254
        3.157895       9.945546       1.151932       0.000000     167.057007     172.068257       0.829712       0.264848
        3.223684       9.936764       1.151932       0.000000     165.715942     168.537987       0.828332       0.259545
        3.289474       9.928413       1.151932       0.000000     164.326538     165.052804       0.826974       0.254316
        3.355263       9.920465       1.151932       0.005920     162.246460     162.260383       0.825257       0.247515
        3.421053       9.912895       1.151932       0.014221     159.849731     159.851100       0.823446       0.240300
        3.486842       9.905679       1.151932       0.022034     157.462524     157.477348       0.821745       0.233538
        3.552631       9.898796       1.151932       0.029236     155.104126     155.117056       0.820138       0.227164
        3.618421       9.892227       1.151932       0.035950     152.768799     152.775082       0.818617       0.221149
        3.684211       9.885952       1.151932       0.042297     150.443970     150.449151       0.817174       0.215449
        3.750000       9.879955       1.151932       0.048279     148.132080     148.126803       0.815790       0.209989
        3.815789       9.874220       1.151932       0.054016     145.826538     145.839792       0.814466       0.204773
        3.881579       9.868731       1.151932       0.059387     143.546509     143.538877       0.813202       0.199801
        3.947368       9.863476       1.151932       0.064514     141.276001     141.256421       0.811987       0.195024
        4.013158       9.858440       1.151932       0.069519     138.989258     138.992396       0.810810       0.190400
        4.078948       9.853613       1.151932       0.074280     136.710571     136.728095       0.809675       0.185941
        4.144737       9.848983       1.151932       0.078796     134.460571     134.469053       0.808589       0.181681
        4.210526       9.844539       1.151932       0.083191     132.206787     132.228820       0.807530       0.177522
        4.276316       9.840272       1.151932       0.087341     129.986816     129.979188       0.806509       0.173517
        4.342105       9.836172       1.151932       0.091492     127.746948     127.757502       0.805515       0.169619
        4.407895       9.832232       1.151932       0.095398     125.540527     125.524217       0.804558       0.165867
        4.473684       9.828442       1.151932       0.099304     123.315308     123.320318       0.803622       0.162198
        4.539474       9.824796       1.151932       0.103088     121.093994     121.115673       0.802709       0.158615
        4.605263       9.821286       1.151932       0.106628     118.914673     118.897378       0.801831       0.155169
        4.671053       9.817906       1.151932       0.110168     116.720703     116.710987       0.800973       0.151806
        4.736842       9.814649       1.151932       0.113586     114.534180     114.512394       0.800134       0.148512
        4.802631       9.811509       1.151932       0.117004     112.334106     112.344758       0.799317       0.145303
        4.868421       9.808482       1.151932       0.120300     110.143188     110.161677       0.798518       0.142168
        4.934211       9.805561       1.151932       0.123474     107.964355     107.982162       0.797740       0.139110
        5.000000       9.802742       1.151932       0.126526     105.789795     105.797354       0.796984       0.136143
        5.065790       9.800021       1.151932       0.129578     103.594238     103.621258       0.796243       0.133230
        5.131579       9.797392       1.151932       0.132507     101.413818     101.441539       0.795514       0.130359
        5.197368       9.794852       1.151932       0.135315      99.269653      99.250843       0.794810       0.127593
        5.263158       9.792396       1.151932       0.138123      97.115356      97.097396       0.794115       0.124856
        5.328948       9.790022       1.151932       0.140930      94.964722      94.944093       0.793438       0.122192
        5.394737       9.787725       1.151932       0.143738      92.808838      92.813551       0.792769       0.119558
        5.460526       9.785502       1.151932       0.146423      90.677979      90.691134       0.792115       0.116978
        5.526316       9.783350       1.151932       0.149109      88.544434      88.564784       0.791473       0.114447
        5.592105       9.781267       1.151932       0.151672      86.450928      86.454607       0.790849       0.111987
        5.657895       9.779248       1.151932       0.154236      84.342896      84.337433       0.790232       0.109550
        5.723684       9.777293       1.151932       0.156799      82.235840      82.246708       0.789627       0.107159
        5.789474       9.775397       1.151932       0.159241      80.162964      80.150855       0.789036       0.104826
        5.855263       9.773559       1.151932       0.161804      78.065308      78.073313       0.788456       0.102534
        5.921053       9.771776       1.151932       0.164246      75.993530      76.011047       0.787882       0.100264
        5.986842       9.770046       1.151932       0.166687      73.915649      73.935993       0.787314       0.098013
        6.052631       9.768368       1.151932       0.169006      71.872803      71.871902       0.786767       0.095847
        6.118421       9.766738       1.151932       0.171326      69.834717      69.801590       0.786226       0.093706
        6.184211       9.765156       1.151932       0.173767      67.759033      67.785754       0.785683       0.091550
        6.250000       9.763619       1.151932       0.176086      65.726807      65.745031       0.785161       0.089480
        6.315790       9.762126       1.151932       0.178284      63.707031      63.687706       0.784643       0.087425
        6.381579       9.760674       1.151932       0.180603      61.671875      61.666415       0.784130       0.085389
        6.447368       9.759264       1.151932       0.182922      59.639771      59.662158       0.783630       0.083400
        6.513158       9.757892       1.151932       0.185120      57.640381      57.644085       0.783139       0.081449
        6.578948       9.756558       1.151932       0.187317      55.633667      55.628979       0.782646       0.079490
        6.644737       9.755260       1.151932       0.189514      53.641235      53.636626       0.782169       0.077592
        6.710526       9.753997       1.151932       0.191711      51.642456      51.633330       0.781696       0.075707
        6.776316       9.752767       1.151932       0.193909      49.646606      49.648705       0.781227       0.073839
        6.842105       9.751571       1.151932       0.196106      47.663330      47.678055       0.780767       0.072006
        6.907895       9.750405       1.151932       0.198181      45.704834      45.691154       0.780317       0.070211
        6.973684       9.749270       1.151932       0.200378      43.716553      43.728134       0.779866       0.068410
        7.039473       9.748164       1.151932       0.202454      41.759521      41.744961       0.779418       0.066623
        7.105263       9.747087       1.151932       0.204651      39.786865      39.797635       0.778986       0.064898
        7.171053       9.746037       1.151932       0.206726      37.842529      37.848320       0.778557       0.063182
        7.236842       9.745013       1.151932       0.208801      35.895996      35.888559       0.778130       0.061477
        7.302632       9.744014       1.151932       0.210876      33.962280      33.939104       0.777711       0.059800
        7.368421       9.743041       1.151932       0.212952      32.031860      32.018092       0.777302       0.058164
        7.434211       9.742091       1.151932       0.215149      30.107544      30.145437       0.776884       0.056489
        7.500000       9.741164       1.151932       0.217346      28.534058      28.541994       0.776493       0.054924
