   density  pressure  energy
   0.500000E-02   0.716687E-02   0.470745E+01
   0.100000E-01   0.210781E-01   0.942700E+01
   0.150000E-01   0.395103E-01   0.141549E+02
   0.200000E-01   0.606066E-01   0.188895E+02
   0.250000E-01   0.823700E-01   0.236297E+02
   0.300000E-01   0.103035E+00   0.283740E+02
   0.350000E-01   0.121345E+00   0.331216E+02
   0.400000E-01   0.136666E+00   0.378715E+02
   0.450000E-01   0.148974E+00   0.426232E+02
   0.500000E-01   0.158776E+00   0.473764E+02
   0.550000E-01   0.167014E+00   0.521303E+02
   0.600000E-01   0.174960E+00   0.568851E+02
   0.650000E-01   0.184109E+00   0.616404E+02
   0.700000E-01   0.196107E+00   0.663963E+02
   0.750000E-01   0.212675E+00   0.711539E+02
   0.800000E-01   0.235521E+00   0.759127E+02
   0.850000E-01   0.266360E+00   0.806727E+02
   0.900000E-01   0.306817E+00   0.854353E+02
   0.950000E-01   0.358418E+00   0.901989E+02
   0.100000E+00   0.422590E+00   0.949679E+02
   0.105000E+00   0.500666E+00   0.997382E+02
   0.110000E+00   0.593820E+00   0.104514E+03
   0.115000E+00   0.701732E+00   0.109295E+03
   0.120000E+00   0.825397E+00   0.114079E+03
   0.125000E+00   0.966404E+00   0.118869E+03
   0.130000E+00   0.112565E+01   0.123666E+03
   0.135000E+00   0.130386E+01   0.128470E+03
   0.140000E+00   0.150206E+01   0.133279E+03
   0.145000E+00   0.172110E+01   0.138098E+03
   0.150000E+00   0.196258E+01   0.142923E+03
   0.155000E+00   0.223027E+01   0.147755E+03
   0.160000E+00   0.253381E+01   0.152598E+03
   0.165000E+00   0.289619E+01   0.157453E+03
   0.170000E+00   0.336300E+01   0.162318E+03
   0.175000E+00   0.399292E+01   0.167200E+03
   0.180000E+00   0.481835E+01   0.172102E+03
   0.185000E+00   0.582581E+01   0.177030E+03
   0.190000E+00   0.697923E+01   0.181989E+03
   0.195000E+00   0.824370E+01   0.186978E+03
   0.200000E+00   0.959397E+01   0.191999E+03
   0.205000E+00   0.110134E+02   0.197058E+03
   0.210000E+00   0.124884E+02   0.202149E+03
   0.215000E+00   0.140120E+02   0.207279E+03
   0.220000E+00   0.155759E+02   0.212442E+03
   0.225000E+00   0.171768E+02   0.217641E+03
   0.230000E+00   0.188113E+02   0.222879E+03
   0.235000E+00   0.204753E+02   0.228151E+03
   0.240000E+00   0.221667E+02   0.233458E+03
   0.245000E+00   0.238853E+02   0.238803E+03
   0.250000E+00   0.256260E+02   0.244179E+03
   0.255000E+00   0.273910E+02   0.249594E+03
   0.260000E+00   0.291777E+02   0.255043E+03
   0.265000E+00   0.309845E+02   0.260526E+03
   0.270000E+00   0.328109E+02   0.266043E+03
   0.275000E+00   0.346563E+02   0.271594E+03
   0.280000E+00   0.365196E+02   0.277178E+03
   0.285000E+00   0.384014E+02   0.282797E+03
   0.290000E+00   0.402997E+02   0.288450E+03
   0.295000E+00   0.422136E+02   0.294133E+03
   0.300000E+00   0.441448E+02   0.299853E+03
   0.305000E+00   0.460893E+02   0.305600E+03
   0.310000E+00   0.480502E+02   0.311381E+03
   0.315000E+00   0.500251E+02   0.317194E+03
   0.320000E+00   0.520152E+02   0.323041E+03
   0.325000E+00   0.540162E+02   0.328912E+03
   0.330000E+00   0.560336E+02   0.334820E+03
   0.335000E+00   0.580638E+02   0.340758E+03
   0.340000E+00   0.601064E+02   0.346727E+03
   0.345000E+00   0.620711E+02   0.352728E+03
   0.350000E+00   0.638306E+02   0.358749E+03
   0.355000E+00   0.655172E+02   0.364793E+03
   0.360000E+00   0.671600E+02   0.370866E+03
   0.365000E+00   0.687764E+02   0.376966E+03
   0.370000E+00   0.703690E+02   0.383079E+03
   0.375000E+00   0.718737E+02   0.389221E+03
   0.380000E+00   0.730982E+02   0.395377E+03
   0.385000E+00   0.742727E+02   0.401542E+03
   0.390000E+00   0.754246E+02   0.407738E+03
   0.395000E+00   0.765657E+02   0.413941E+03
   0.400000E+00   0.777001E+02   0.420158E+03
   0.405000E+00   0.788315E+02   0.426379E+03
   0.410000E+00   0.799601E+02   0.432635E+03
   0.415000E+00   0.810893E+02   0.438894E+03
   0.420000E+00   0.822186E+02   0.445156E+03
   0.425000E+00   0.833485E+02   0.451440E+03
   0.430000E+00   0.844795E+02   0.457731E+03
   0.435000E+00   0.856164E+02   0.464058E+03
   0.440000E+00   0.867524E+02   0.470377E+03
   0.445000E+00   0.878945E+02   0.476709E+03
   0.450000E+00   0.890390E+02   0.483065E+03
   0.455000E+00   0.901868E+02   0.489415E+03
   0.460000E+00   0.913406E+02   0.495801E+03
   0.465000E+00   0.924987E+02   0.502195E+03
   0.470000E+00   0.936591E+02   0.508582E+03
   0.475000E+00   0.948216E+02   0.515006E+03
   0.480000E+00   0.959947E+02   0.521424E+03
   0.485000E+00   0.971662E+02   0.527863E+03
   0.490000E+00   0.983445E+02   0.534308E+03
   0.495000E+00   0.995268E+02   0.540770E+03
   0.500000E+00   0.100718E+03   0.547255E+03
   0.505000E+00   0.101908E+03   0.553732E+03
   0.510000E+00   0.103105E+03   0.560236E+03
   0.515000E+00   0.104305E+03   0.566732E+03
   0.520000E+00   0.105510E+03   0.573262E+03
   0.525000E+00   0.106724E+03   0.579804E+03
   0.530000E+00   0.107938E+03   0.586331E+03
   0.535000E+00   0.109158E+03   0.592908E+03
   0.540000E+00   0.110387E+03   0.599479E+03
   0.545000E+00   0.111614E+03   0.606034E+03
   0.550000E+00   0.112844E+03   0.612626E+03
   0.555000E+00   0.114091E+03   0.619226E+03
   0.560000E+00   0.115335E+03   0.625855E+03
   0.565000E+00   0.116581E+03   0.632458E+03
   0.570000E+00   0.117835E+03   0.639112E+03
   0.575000E+00   0.119098E+03   0.645744E+03
   0.580000E+00   0.120357E+03   0.652387E+03
   0.585000E+00   0.121626E+03   0.659068E+03
   0.590000E+00   0.122901E+03   0.665763E+03
   0.595000E+00   0.124175E+03   0.672452E+03
   0.600000E+00   0.125460E+03   0.679132E+03
   0.605000E+00   0.126752E+03   0.685855E+03
   0.610000E+00   0.128041E+03   0.692576E+03
   0.615000E+00   0.129339E+03   0.699299E+03
   0.620000E+00   0.130643E+03   0.706042E+03
   0.625000E+00   0.131948E+03   0.712788E+03
   0.630000E+00   0.133262E+03   0.719562E+03
   0.635000E+00   0.134577E+03   0.726325E+03
   0.640000E+00   0.135901E+03   0.733100E+03
   0.645000E+00   0.137228E+03   0.739903E+03
   0.650000E+00   0.138563E+03   0.746729E+03
   0.655000E+00   0.139894E+03   0.753538E+03
   0.660000E+00   0.141236E+03   0.760363E+03
   0.665000E+00   0.142579E+03   0.767196E+03
   0.670000E+00   0.143918E+03   0.774017E+03
   0.675000E+00   0.145267E+03   0.780892E+03
   0.680000E+00   0.146633E+03   0.787744E+03
   0.685000E+00   0.147981E+03   0.794630E+03
   0.690000E+00   0.149347E+03   0.801522E+03
   0.695000E+00   0.150702E+03   0.808416E+03
   0.700000E+00   0.152077E+03   0.815303E+03
   0.705000E+00   0.153451E+03   0.822218E+03
   0.710000E+00   0.154830E+03   0.829146E+03
   0.715000E+00   0.156209E+03   0.836091E+03
   0.720000E+00   0.157601E+03   0.843055E+03
   0.725000E+00   0.158982E+03   0.850010E+03
   0.730000E+00   0.160373E+03   0.856970E+03
   0.735000E+00   0.161775E+03   0.863922E+03
   0.740000E+00   0.163170E+03   0.870890E+03
   0.745000E+00   0.164583E+03   0.877881E+03
   0.750000E+00   0.165985E+03   0.884894E+03
   0.755000E+00   0.167393E+03   0.891896E+03
   0.760000E+00   0.168811E+03   0.898942E+03
   0.765000E+00   0.170233E+03   0.905936E+03
   0.770000E+00   0.171649E+03   0.912984E+03
   0.775000E+00   0.173071E+03   0.920062E+03
   0.780000E+00   0.174492E+03   0.927134E+03
   0.785000E+00   0.175926E+03   0.934187E+03
   0.790000E+00   0.177368E+03   0.941235E+03
   0.795000E+00   0.178806E+03   0.948323E+03
   0.800000E+00   0.180243E+03   0.955397E+03
   0.805000E+00   0.181686E+03   0.962534E+03
   0.810000E+00   0.183143E+03   0.969611E+03
   0.815000E+00   0.184602E+03   0.976787E+03
   0.820000E+00   0.186045E+03   0.983901E+03
   0.825000E+00   0.187522E+03   0.991001E+03
   0.830000E+00   0.188977E+03   0.998160E+03
   0.835000E+00   0.190414E+03   0.100532E+04
   0.840000E+00   0.191785E+03   0.101251E+04
   0.845000E+00   0.193105E+03   0.101963E+04
   0.850000E+00   0.194393E+03   0.102686E+04
   0.855000E+00   0.195664E+03   0.103401E+04
   0.860000E+00   0.196916E+03   0.104124E+04
   0.865000E+00   0.198164E+03   0.104840E+04
   0.870000E+00   0.199393E+03   0.105563E+04
   0.875000E+00   0.200615E+03   0.106283E+04
   0.880000E+00   0.201839E+03   0.107008E+04
   0.885000E+00   0.203051E+03   0.107734E+04
   0.890000E+00   0.204243E+03   0.108454E+04
   0.895000E+00   0.205453E+03   0.109181E+04
   0.900000E+00   0.206649E+03   0.109905E+04
   0.905000E+00   0.207840E+03   0.110633E+04
   0.910000E+00   0.209026E+03   0.111352E+04
   0.915000E+00   0.210216E+03   0.112084E+04
   0.920000E+00   0.211403E+03   0.112811E+04
   0.925000E+00   0.212562E+03   0.113542E+04
   0.930000E+00   0.213757E+03   0.114274E+04
   0.935000E+00   0.214923E+03   0.115001E+04
   0.940000E+00   0.216082E+03   0.115728E+04
   0.945000E+00   0.217271E+03   0.116456E+04
   0.950000E+00   0.218434E+03   0.117191E+04
   0.955000E+00   0.219589E+03   0.117927E+04
   0.960000E+00   0.220760E+03   0.118660E+04
   0.965000E+00   0.221928E+03   0.119388E+04
   0.970000E+00   0.223078E+03   0.120115E+04
   0.975000E+00   0.224240E+03   0.120859E+04
   0.980000E+00   0.225418E+03   0.121588E+04
   0.985000E+00   0.226564E+03   0.122324E+04
   0.990000E+00   0.227720E+03   0.123062E+04
   0.995000E+00   0.228879E+03   0.123796E+04
   0.100000E+01   0.230061E+03   0.124539E+04
   0.100500E+01   0.231177E+03   0.125275E+04
   0.101000E+01   0.232359E+03   0.126018E+04
   0.101500E+01   0.233505E+03   0.126759E+04
   0.102000E+01   0.234675E+03   0.127496E+04
   0.102500E+01   0.235828E+03   0.128235E+04
   0.103000E+01   0.236995E+03   0.128975E+04
   0.103500E+01   0.238146E+03   0.129716E+04
   0.104000E+01   0.239309E+03   0.130463E+04
   0.104500E+01   0.240453E+03   0.131198E+04
   0.105000E+01   0.241639E+03   0.131941E+04
   0.105500E+01   0.242785E+03   0.132682E+04
   0.106000E+01   0.243933E+03   0.133428E+04
   0.106500E+01   0.245106E+03   0.134178E+04
   0.107000E+01   0.246253E+03   0.134918E+04
   0.107500E+01   0.247422E+03   0.135670E+04
   0.108000E+01   0.248544E+03   0.136409E+04
   0.108500E+01   0.249726E+03   0.137153E+04
   0.109000E+01   0.250879E+03   0.137900E+04
   0.109500E+01   0.252046E+03   0.138653E+04
   0.110000E+01   0.253224E+03   0.139403E+04
   0.110500E+01   0.254369E+03   0.140151E+04
   0.111000E+01   0.255549E+03   0.140905E+04
   0.111500E+01   0.256675E+03   0.141650E+04
   0.112000E+01   0.257864E+03   0.142400E+04
   0.112500E+01   0.259011E+03   0.143158E+04
   0.113000E+01   0.260195E+03   0.143910E+04
   0.113500E+01   0.261362E+03   0.144661E+04
   0.114000E+01   0.262538E+03   0.145412E+04
   0.114500E+01   0.263698E+03   0.146163E+04
   0.115000E+01   0.264889E+03   0.146919E+04
   0.115500E+01   0.266039E+03   0.147678E+04
   0.116000E+01   0.267194E+03   0.148427E+04
   0.116500E+01   0.268377E+03   0.149178E+04
   0.117000E+01   0.269533E+03   0.149933E+04
   0.117500E+01   0.270718E+03   0.150696E+04
   0.118000E+01   0.271891E+03   0.151451E+04
   0.118500E+01   0.273084E+03   0.152210E+04
   0.119000E+01   0.274205E+03   0.152964E+04
   0.119500E+01   0.275417E+03   0.153725E+04
   0.120000E+01   0.276583E+03   0.154477E+04
