        0.065789       0.996956       0.003037       0.003037       0.000000       0.000000       0.000000       0.000000       0.000000       0.000000       0.000000       0.000000       0.000000       0.000000       0.000000       0.000000
        0.131579       0.992058       0.007948       0.007948       0.000000       0.000000       0.000000       0.000000       0.000000       0.000000       0.000000       0.000000       0.000000       0.000000       0.000000       0.000000
        0.197368       0.986595       0.013401       0.013401       0.000000       0.000000       0.000000       0.000000       0.000000       0.000000       0.000000       0.000000       0.000000       0.000000       0.000000       0.000000
        0.263158       0.981178       0.018821       0.018821       0.000000       0.000000       0.000000       0.000000       0.000000       0.000000       0.000000       0.000000       0.000000       0.000000       0.000000       0.000000
        0.328947       0.976067       0.023935       0.023935       0.000000       0.000000       0.000000       0.000000       0.000000       0.000000       0.000000       0.000000       0.000000       0.000000       0.000000       0.000000
        0.394737       0.971367       0.028627       0.028627       0.000000       0.000000       0.000000       0.000000       0.000000       0.000000       0.000000       0.000000       0.000000       0.000000       0.000000       0.000000
        0.460526       0.967125       0.032869       0.032869       0.000000       0.000000       0.000000       0.000000       0.000000       0.000000       0.000000       0.000000       0.000000       0.000000       0.000000       0.000000
        0.526316       0.963326       0.036677       0.036677       0.000000       0.000000       0.000000       0.000000       0.000000       0.000000       0.000000       0.000000       0.000000       0.000000       0.000000       0.000000
        0.592105       0.959923       0.040085       0.040085       0.000000       0.000000       0.000000       0.000000       0.000000       0.000000       0.000000       0.000000       0.000000       0.000000       0.000000       0.000000
        0.657895       0.956856       0.043139       0.043139       0.000000       0.000000       0.000000       0.000000       0.000000       0.000000       0.000000       0.000000       0.000000       0.000000       0.000000       0.000000
        0.723684       0.954109       0.045887       0.045887       0.000000       0.000000       0.000000       0.000000       0.000000       0.000000       0.000000       0.000000       0.000000       0.000000       0.000000       0.000000
        0.789474       0.950996       0.049001       0.048133       0.000868       0.000000       0.000000       0.000000       0.000000       0.000000       0.000000       0.000000       0.000000       0.000000       0.000000       0.000000
        0.855263       0.947533       0.052469       0.049905       0.002564       0.000000       0.000000       0.000000       0.000000       0.000000       0.000000       0.000000       0.000000       0.000000       0.000000       0.000000
        0.921053       0.944130       0.055862       0.051409       0.004454       0.000000       0.000000       0.000000       0.000000       0.000000       0.000000       0.000000       0.000000       0.000000       0.000000       0.000000
        0.986842       0.940895       0.059107       0.052722       0.006384       0.000000       0.000000       0.000000       0.000000       0.000000       0.000000       0.000000       0.000000       0.000000       0.000000       0.000000
        1.052632       0.937813       0.062182       0.053893       0.008290       0.000000       0.000000       0.000000       0.000000       0.000000       0.000000       0.000000       0.000000       0.000000       0.000000       0.000000
        1.118421       0.906776       0.076415       0.051426       0.008181       0.000000       0.000000       0.000000       0.000000       0.000000       0.000000       0.000000       0.000000       0.000000       0.016808       0.000000
        1.184211       0.867531       0.093776       0.047774       0.007298       0.000000       0.000000       0.000000       0.000000       0.000000       0.000000       0.000000       0.000000       0.000000       0.038706       0.000000
        1.250000       0.829872       0.110305       0.044151       0.006328       0.000000       0.000000       0.000000       0.000000       0.000000       0.000000       0.000000       0.000000       0.000000       0.059824       0.000000
        1.315789       0.794655       0.125681       0.040668       0.005354       0.000000       0.000000       0.000000       0.000000       0.000000       0.000000       0.000000       0.000000       0.000000       0.079658       0.000000
        1.381579       0.762062       0.139849       0.037360       0.004413       0.000000       0.000000       0.000000       0.000000       0.000000       0.000000       0.000000       0.000000       0.000000       0.098080       0.000000
        1.447368       0.732079       0.152854       0.034238       0.003529       0.000000       0.000000       0.000000       0.000000       0.000000       0.000000       0.000000       0.000000       0.000000       0.115083       0.000000
        1.513158       0.704567       0.164737       0.031309       0.002719       0.000000       0.000000       0.000000       0.000000       0.000000       0.000000       0.000000       0.000000       0.000000       0.130714       0.000000
        1.578947       0.679390       0.175595       0.028572       0.001993       0.000000       0.000000       0.000000       0.000000       0.000000       0.000000       0.000000       0.000000       0.000000       0.145026       0.000000
        1.644737       0.656395       0.185497       0.026026       0.001361       0.000000       0.000000       0.000000       0.000000       0.000000       0.000000       0.000000       0.000000       0.000000       0.158112       0.000000
        1.710526       0.635414       0.194540       0.023667       0.000831       0.000000       0.000000       0.000000       0.000000       0.000000       0.000000       0.000000       0.000000       0.000000       0.170047       0.000000
        1.776316       0.616295       0.202796       0.021487       0.000411       0.000000       0.000000       0.000000       0.000000       0.000000       0.000000       0.000000       0.000000       0.000000       0.180894       0.000000
        1.842105       0.598915       0.210338       0.019481       0.000114       0.000000       0.000000       0.000000       0.000000       0.000000       0.000000       0.000000       0.000000       0.000000       0.190740       0.000000
        1.907895       0.583122       0.217252       0.017636       0.000000       0.000000       0.000000       0.000000       0.000000       0.000000       0.000000       0.000000       0.000000       0.000000       0.199621       0.000000
        1.973684       0.568779       0.223580       0.015950       0.000000       0.000000       0.000000       0.000000       0.000000       0.000000       0.000000       0.000000       0.000000       0.000000       0.207637       0.000000
        2.039474       0.555748       0.229345       0.014420       0.000000       0.000000       0.000000       0.000000       0.000000       0.000000       0.000000       0.000000       0.000000       0.000000       0.214920       0.000000
        2.105263       0.543892       0.234567       0.013038       0.000000       0.000000       0.000000       0.000000       0.000000       0.000000       0.000000       0.000000       0.000000       0.000000       0.221535       0.000000
        2.171053       0.533134       0.239330       0.011790       0.000000       0.000000       0.000000       0.000000       0.000000       0.000000       0.000000       0.000000       0.000000       0.000000       0.227548       0.000000
        2.236842       0.523338       0.243653       0.010667       0.000000       0.000000       0.000000       0.000000       0.000000       0.000000       0.000000       0.000000       0.000000       0.000000       0.232988       0.000000
        2.302632       0.514458       0.247601       0.009656       0.000000       0.000000       0.000000       0.000000       0.000000       0.000000       0.000000       0.000000       0.000000       0.000000       0.237941       0.000000
        2.368421       0.504951       0.250426       0.008745       0.000000       0.000000       0.000000       0.000000       0.000000       0.000000       0.000000       0.000000       0.000000       0.002954       0.241688       0.000000
        2.434211       0.494942       0.252240       0.007923       0.000000       0.000000       0.000000       0.000000       0.000000       0.000000       0.000000       0.000000       0.000000       0.008514       0.244315       0.000000
        2.500000       0.485222       0.253503       0.007186       0.000000       0.000000       0.000000       0.000000       0.000000       0.000000       0.000000       0.000000       0.000000       0.014971       0.246320       0.000000
        2.565789       0.475990       0.254385       0.006525       0.000000       0.000000       0.000000       0.000000       0.000000       0.000000       0.000000       0.000000       0.000000       0.021763       0.247867       0.000000
        2.631579       0.467171       0.254852       0.005932       0.000000       0.000527       0.000000       0.000000       0.000000       0.000000       0.000000       0.000000       0.000000       0.028503       0.248926       0.000000
        2.697368       0.457176       0.253613       0.005378       0.000000       0.006772       0.000000       0.000000       0.000000       0.000000       0.000000       0.000000       0.000000       0.034210       0.248225       0.000000
        2.763158       0.447151       0.251707       0.004880       0.000000       0.014998       0.000000       0.000000       0.000000       0.000000       0.000000       0.000000       0.000000       0.039296       0.246824       0.000000
        2.828947       0.437370       0.249483       0.004432       0.000000       0.024149       0.000000       0.000000       0.000000       0.000000       0.000000       0.000000       0.000000       0.043934       0.245058       0.000000
        2.894737       0.427940       0.247069       0.004033       0.000000       0.033835       0.000000       0.000000       0.000000       0.000000       0.000000       0.000000       0.000000       0.048145       0.243031       0.000000
        2.960526       0.418861       0.244500       0.003676       0.000000       0.043834       0.000000       0.000000       0.000000       0.000000       0.000000       0.000000       0.000000       0.051957       0.240833       0.000000
        3.026316       0.410133       0.241853       0.003358       0.000000       0.054063       0.000000       0.000000       0.000000       0.000000       0.000000       0.000000       0.000000       0.055424       0.238501       0.000000
        3.092105       0.401802       0.239163       0.003074       0.000000       0.064401       0.000000       0.000000       0.000000       0.000000       0.000000       0.000000       0.000000       0.058538       0.236082       0.000000
        3.157895       0.393776       0.236420       0.002820       0.000000       0.074839       0.000000       0.000000       0.000000       0.000000       0.000000       0.000000       0.000000       0.061355       0.233593       0.000000
        3.223684       0.386116       0.233666       0.002594       0.000000       0.085257       0.000000       0.000000       0.000000       0.000000       0.000000       0.000000       0.000000       0.063870       0.231078       0.000000
        3.289474       0.378777       0.230917       0.002392       0.000000       0.095676       0.000000       0.000000       0.000000       0.000000       0.000000       0.000000       0.000000       0.066118       0.228526       0.000000
        3.355263       0.371696       0.228154       0.002210       0.000000       0.106084       0.000000       0.000000       0.000000       0.000000       0.000000       0.000000       0.000000       0.068134       0.225952       0.000000
        3.421053       0.364937       0.225411       0.002048       0.000000       0.116383       0.000000       0.000000       0.000000       0.000000       0.000000       0.000000       0.000002       0.069897       0.223375       0.000000
        3.486842       0.358131       0.222290       0.001910       0.000000       0.126553       0.000000       0.000000       0.000000       0.000000       0.000000       0.000000       0.000612       0.071444       0.220993       0.000000
        3.552631       0.351372       0.218936       0.001791       0.000000       0.136614       0.000000       0.000000       0.000000       0.000000       0.000000       0.000000       0.001573       0.072776       0.218709       0.000000
        3.618421       0.344841       0.215541       0.001686       0.000000       0.146540       0.000000       0.000000       0.000000       0.000000       0.000000       0.000000       0.002659       0.073916       0.216508       0.000000
        3.684211       0.338524       0.212137       0.001593       0.000000       0.156324       0.000000       0.000000       0.000000       0.000000       0.000000       0.000000       0.003787       0.074875       0.214341       0.000000
        3.750000       0.332405       0.208765       0.001509       0.000000       0.166070       0.000000       0.000000       0.000000       0.000000       0.000000       0.000000       0.004932       0.075691       0.212176       0.000000
        3.815789       0.326500       0.205423       0.001435       0.000000       0.175650       0.000000       0.000000       0.000000       0.000000       0.000000       0.000000       0.006042       0.076346       0.210024       0.000000
        3.881579       0.320839       0.202155       0.001368       0.000000       0.185132       0.000000       0.000000       0.000000       0.000000       0.000000       0.000000       0.007109       0.076877       0.207908       0.000000
        3.947368       0.315422       0.198982       0.001308       0.000000       0.194452       0.000000       0.000000       0.000000       0.000000       0.000000       0.000000       0.008116       0.077274       0.205789       0.000000
        4.013158       0.310143       0.195837       0.001253       0.000000       0.203725       0.000000       0.000000       0.000000       0.000000       0.000000       0.000000       0.009081       0.077575       0.203674       0.000000
        4.078948       0.305122       0.192810       0.001204       0.000000       0.212797       0.000000       0.000000       0.000000       0.000000       0.000000       0.000000       0.009970       0.077765       0.201577       0.000000
        4.144737       0.300255       0.189840       0.001159       0.000000       0.221783       0.000000       0.000000       0.000000       0.000000       0.000000       0.000000       0.010806       0.077869       0.199479       0.000000
        4.210526       0.295555       0.186940       0.001119       0.000000       0.230625       0.000000       0.000000       0.000000       0.000000       0.000000       0.000000       0.011579       0.077888       0.197387       0.000000
        4.276316       0.291008       0.184101       0.001082       0.000000       0.239397       0.000000       0.000000       0.000000       0.000000       0.000000       0.000000       0.012297       0.077839       0.195316       0.000000
        4.342105       0.286674       0.181377       0.001048       0.000000       0.247993       0.000000       0.000000       0.000000       0.000000       0.000000       0.000000       0.012951       0.077722       0.193267       0.000000
        4.407895       0.282463       0.178697       0.001017       0.000000       0.256532       0.000000       0.000000       0.000000       0.000000       0.000000       0.000000       0.013554       0.077548       0.191238       0.000000
        4.473684       0.278404       0.176096       0.000990       0.000000       0.264894       0.000000       0.000000       0.000000       0.000000       0.000000       0.000000       0.014097       0.077310       0.189213       0.000000
        4.539474       0.274498       0.173577       0.000964       0.000000       0.273079       0.000000       0.000000       0.000000       0.000000       0.000000       0.000000       0.014587       0.077020       0.187204       0.000000
        4.605263       0.270805       0.171651       0.000926       0.000000       0.279635       0.000000       0.000000       0.000000       0.000000       0.001419       0.000000       0.015247       0.076716       0.184557       0.000000
        4.671053       0.267403       0.170390       0.000876       0.000000       0.284207       0.000000       0.000000       0.000000       0.000000       0.004315       0.000000       0.016070       0.076388       0.181273       0.000000
        4.736842       0.264046       0.169262       0.000825       0.000000       0.288338       0.000000       0.000000       0.000000       0.000000       0.007552       0.000000       0.016924       0.076020       0.177815       0.000000
        4.802631       0.260887       0.168301       0.000776       0.000000       0.292136       0.000000       0.000000       0.000000       0.000000       0.010901       0.000000       0.017776       0.075650       0.174393       0.000000
        4.868421       0.257805       0.167405       0.000729       0.000000       0.295704       0.000000       0.000000       0.000000       0.000000       0.014341       0.000000       0.018606       0.075235       0.170940       0.000000
        4.934211       0.254784       0.166560       0.000684       0.000000       0.299091       0.000000       0.000000       0.000000       0.000000       0.017796       0.000000       0.019430       0.074803       0.167498       0.000000
        5.000000       0.251915       0.165813       0.000642       0.000000       0.302332       0.000000       0.000000       0.000000       0.000000       0.021260       0.000000       0.020234       0.074364       0.164129       0.000000
        5.065790       0.249123       0.165098       0.000602       0.000000       0.305388       0.000000       0.000000       0.000000       0.000000       0.024712       0.000000       0.020998       0.073887       0.160793       0.000000
        5.131579       0.246391       0.164438       0.000563       0.000000       0.308398       0.000000       0.000000       0.000000       0.000000       0.028137       0.000000       0.021772       0.073416       0.157490       0.000000
        5.197368       0.243675       0.163667       0.000529       0.000000       0.311166       0.000000       0.000000       0.000000       0.000000       0.031594       0.000163       0.022458       0.072906       0.154341       0.000000
        5.263158       0.241005       0.162847       0.000499       0.000000       0.313786       0.000000       0.000000       0.000000       0.000000       0.035103       0.000485       0.023081       0.072369       0.151312       0.000000
        5.328948       0.238380       0.161997       0.000470       0.000000       0.316252       0.000000       0.000000       0.000000       0.000000       0.038535       0.000884       0.023672       0.071839       0.148411       0.000000
        5.394737       0.235756       0.161118       0.000444       0.000000       0.318696       0.000000       0.000000       0.000000       0.000000       0.042062       0.001337       0.024226       0.071272       0.145523       0.000000
        5.460526       0.233223       0.160260       0.000419       0.000000       0.320971       0.000000       0.000000       0.000000       0.000000       0.045488       0.001818       0.024742       0.070704       0.142741       0.000000
        5.526316       0.230797       0.159450       0.000396       0.000000       0.323138       0.000000       0.000000       0.000000       0.000000       0.048852       0.002318       0.025225       0.070130       0.140037       0.000000
        5.592105       0.228325       0.158601       0.000374       0.000000       0.325340       0.000000       0.000000       0.000000       0.000000       0.052304       0.002851       0.025693       0.069530       0.137314       0.000000
        5.657895       0.226021       0.157820       0.000354       0.000000       0.327342       0.000000       0.000000       0.000000       0.000000       0.055598       0.003374       0.026115       0.068941       0.134739       0.000000
        5.723684       0.223701       0.157024       0.000335       0.000000       0.329362       0.000000       0.000000       0.000000       0.000000       0.058910       0.003920       0.026531       0.068341       0.132167       0.000000
        5.789474       0.221489       0.156291       0.000316       0.000000       0.331283       0.000000       0.000000       0.000000       0.000000       0.062159       0.004462       0.026912       0.067728       0.129645       0.000000
        5.855263       0.219322       0.155571       0.000299       0.000000       0.333164       0.000000       0.000000       0.000000       0.000000       0.065361       0.005013       0.027283       0.067126       0.127190       0.000000
        5.921053       0.217155       0.154846       0.000283       0.000000       0.335036       0.000000       0.000000       0.000000       0.000000       0.068583       0.005569       0.027632       0.066499       0.124728       0.000000
        5.986842       0.215126       0.154168       0.000267       0.000000       0.336722       0.000000       0.000000       0.000000       0.000000       0.071651       0.006095       0.027938       0.065881       0.122395       0.000000
        6.052631       0.213081       0.153498       0.000252       0.000000       0.338461       0.000000       0.000000       0.000000       0.000000       0.074732       0.006646       0.028251       0.065260       0.120048       0.000000
        6.118421       0.211067       0.152837       0.000238       0.000000       0.340181       0.000000       0.000000       0.000000       0.000000       0.077796       0.007195       0.028545       0.064631       0.117731       0.000000
        6.184211       0.209190       0.152246       0.000225       0.000000       0.341785       0.000000       0.000000       0.000000       0.000000       0.080747       0.007723       0.028816       0.064021       0.115524       0.000000
        6.250000       0.207314       0.151652       0.000213       0.000000       0.343357       0.000000       0.000000       0.000000       0.000000       0.083693       0.008245       0.029063       0.063386       0.113308       0.000000
        6.315790       0.205437       0.151052       0.000200       0.000000       0.344924       0.000000       0.000000       0.000000       0.000000       0.086579       0.008777       0.029309       0.062756       0.111118       0.000000
        6.381579       0.203651       0.150442       0.000190       0.000000       0.346255       0.000000       0.000000       0.000000       0.000460       0.089224       0.009259       0.029506       0.062139       0.109074       0.000000
        6.447368       0.201988       0.149824       0.000181       0.000000       0.347231       0.000000       0.000000       0.000000       0.001435       0.091441       0.009683       0.029660       0.061563       0.107234       0.000000
        6.513158       0.200264       0.149131       0.000172       0.000000       0.348150       0.000000       0.000000       0.000000       0.002663       0.093550       0.010096       0.029792       0.060971       0.105405       0.000000
        6.578948       0.198723       0.148515       0.000164       0.000000       0.348846       0.000000       0.000000       0.000000       0.003970       0.095443       0.010455       0.029884       0.060405       0.103728       0.000000
        6.644737       0.197136       0.147861       0.000157       0.000000       0.349556       0.000000       0.000000       0.000000       0.005414       0.097270       0.010825       0.029983       0.059846       0.102061       0.000000
        6.710526       0.195625       0.147242       0.000150       0.000000       0.350189       0.000000       0.000000       0.000000       0.006939       0.099037       0.011165       0.030052       0.059279       0.100434       0.000000
        6.776316       0.194130       0.146607       0.000144       0.000000       0.350773       0.000000       0.000000       0.000000       0.008503       0.100705       0.011496       0.030117       0.058732       0.098876       0.000000
        6.842105       0.192635       0.145978       0.000137       0.000000       0.351357       0.000000       0.000000       0.000000       0.010165       0.102351       0.011822       0.030168       0.058166       0.097294       0.000000
        6.907895       0.191231       0.145393       0.000132       0.000000       0.351889       0.000000       0.000000       0.000000       0.011834       0.103912       0.012133       0.030215       0.057631       0.095804       0.000000
        6.973684       0.189873       0.144817       0.000126       0.000000       0.352339       0.000000       0.000000       0.000000       0.013508       0.105405       0.012417       0.030238       0.057092       0.094354       0.000000
        7.039473       0.188560       0.144252       0.000121       0.000000       0.352713       0.000000       0.000000       0.000000       0.015161       0.106804       0.012681       0.030247       0.056564       0.092960       0.000000
        7.105263       0.187233       0.143687       0.000116       0.000000       0.353157       0.000000       0.000000       0.000000       0.016882       0.108184       0.012960       0.030266       0.056040       0.091560       0.000000
        7.171053       0.185997       0.143166       0.000111       0.000000       0.353493       0.000000       0.000000       0.000000       0.018591       0.109528       0.013204       0.030257       0.055516       0.090213       0.000000
        7.236842       0.184761       0.142654       0.000107       0.000000       0.353874       0.000000       0.000000       0.000000       0.020342       0.110834       0.013460       0.030260       0.055003       0.088877       0.000000
        7.302632       0.183510       0.142111       0.000103       0.000000       0.354197       0.000000       0.000000       0.000000       0.022081       0.112088       0.013696       0.030241       0.054477       0.087550       0.000000
        7.368421       0.182304       0.141599       0.000098       0.000000       0.354559       0.000000       0.000000       0.000000       0.023833       0.113305       0.013937       0.030231       0.053973       0.086265       0.000000
        7.434211       0.181160       0.141107       0.000095       0.000000       0.354813       0.000000       0.000000       0.000000       0.025548       0.114490       0.014145       0.030197       0.053471       0.085030       0.000000
        7.500000       0.180016       0.140624       0.000091       0.000000       0.355127       0.000000       0.000000       0.000000       0.027304       0.115656       0.014363       0.030171       0.052975       0.083798       0.000000
