   9.9999997764825821E-003   16790984624809.703        8.0398398146558248E-002   41.526769999999999     
   1.9999999552965164E-002   33619981086403.883        6.6745828553885930E-002   37.220320000000001     
   2.9999999329447746E-002   50474466637576.258        5.3946285301956526E-002   29.705950000000001     
   3.9999999105930328E-002   67356269484344.031        5.6195270243406516E-002   20.459800000000001     
   4.9999997019767761E-002   84266458709616.781        7.7292468114841487E-002   16.003240000000002     
   5.9999998658895493E-002   101205349841336.56       0.10785344074990587        14.379690000000000     
   7.0000000298023224E-002   118175407709544.88       0.14172442482313613        13.762330000000000     
   7.9999998211860657E-002   135177634579469.41       0.17479624644344330        13.507700000000000     
   8.9999996125698090E-002   152211065306816.81       0.20467734579014760        13.388120000000001     
   9.9999994039535522E-002   169275707315774.03       0.23048542659029070        13.318370000000000     
  0.10999999940395355        186377202988363.66       0.25243824762796280        13.265790000000001     
  0.11999999731779099        203516250198151.69       0.27090816085526670        13.218540000000001     
  0.12999999523162842        220696085890614.34       0.28692957679607423        13.170970000000001     
  0.14000000059604645        237917259455580.12       0.30176322021998869        13.119270000000000     
  0.14999999105930328        255190565660760.88       0.31641876871373570        13.060990000000000     
  0.15999999642372131        272515291784216.81       0.33175748232624697        12.994640000000000     
  0.17000000178813934        289885572718319.25       0.33318134670339389        12.988070000000000     
  0.17999999225139618        307262208756384.00       0.32967321331628502        13.003860000000000     
  0.18999999761581421        324633410289658.50       0.32612921971634251        13.019390000000000     
  0.19999998807907104        342011768739077.56       0.32406451426229238        13.028370000000001     
  0.20999999344348907        359401679223269.44       0.32417390671485852        13.027559999999999     
  0.21999999880790710        376817128910300.88       0.32455467709673780        13.017289999999999     
  0.22999998927116394        394253188140088.94       0.32469529838955691        12.984260000000001     
  0.23999999463558197        411721468340901.31       0.32454235679116389        12.912110000000000     
  0.25000000000000000        429235600319834.94       0.32474248697496993        12.785510000000000     
  0.25999999046325684        446814946356252.00       0.32673953118529536        12.596330000000000     
  0.26999998092651367        464460516139566.94       0.33259006602701441        12.349890000000000     
  0.28000000119209290        482192295580839.25       0.34452782518436142        12.067069999999999     
  0.28999999165534973        500017797957183.19       0.36439985873257569        11.780490000000000     
  0.29999998211860657        517949109844826.56       0.39321107642025355        11.523389999999999     
  0.31000000238418579        536006514122303.31       0.43106058779468737        11.318040000000000     
  0.31999999284744263        554182527209246.75       0.47732046772428222        11.172300000000000     
  0.32999998331069946        572514863974966.25       0.53110946877117438        11.082570000000000     
  0.34000000357627869        590992774196871.38       0.59117107501610633        11.040060000000000     
  0.34999999403953552        609635620154324.12       0.65620627818728205        11.034090000000001     
  0.35999998450279236        628457834466603.75       0.72229089811772962        11.053290000000001     
  0.37000000476837158        647451874159848.12       0.78862880106992062        11.087669999999999     
  0.37999999523162842        666626291897333.88       0.85585013940114463        11.131449999999999     
  0.38999998569488525        685991956688641.50       0.92372907283146222        11.180660000000000     
  0.39999997615814209        705547799450861.50       0.99107854921658800        11.231780000000001     
  0.40999999642372131        725313895185295.62        1.0499558036129777        11.276700000000000     
  0.41999998688697815        745224970440965.50        1.1048912494293677        11.317550000000001     
  0.42999997735023499        765335904807228.88        1.1571308475494089        11.354649999999999     
  0.43999999761581421        785627039037248.62        1.2070440187126765        11.387960000000000     
  0.44999998807907104        806063390362484.00        1.2546960908930722        11.417420000000000     
  0.45999997854232788        826703698949466.25        1.3002340068637199        11.443099999999999     
  0.46999999880790710        847506270564722.12        1.3437225791832841        11.465150000000000     
  0.47999998927116394        868531033244682.25        1.3852572875843729        11.483700000000001     
  0.48999997973442078        889686936761549.00        1.4247546902821644        11.498870000000000     
  0.50000000000000000        911044303013373.38        1.4624058269116089        11.510910000000001     
  0.50999999046325684        932615901601575.25        1.4982224445862724        11.519990000000000     
  0.51999998092651367        954312642283691.00        1.5322263723770713        11.526300000000001     
  0.52999997138977051        976219457757536.12        1.5642904372537254        11.529999999999999     
  0.53999996185302734        998337060745050.00        1.5946699968978404        11.531340000000000     
  0.55000001192092896        1020620312190051.2        1.6234120909495762        11.530500000000000     
  0.56000000238418579        1043037674146708.0        1.6506043992233854        11.527630000000000     
  0.56999999284744263        1065743688488946.6        1.6764535135038705        11.522890000000000     
  0.57999998331069946        1088560768666790.0        1.7009135406263551        11.516430000000000     
  0.58999997377395630        1111603425338551.2        1.7241009713884330        11.508380000000001     
  0.59999996423721313        1134770214414811.8        1.7460442287197444        11.498880000000000     
  0.61000001430511475        1158224943154714.8        1.7668697501920554        11.488020000000001     
  0.62000000476837158        1181765792462332.5        1.7865245939278445        11.475960000000001     
  0.62999999523162842        1205535900660556.8        1.8051441039869842        11.462780000000000     
  0.63999998569488525        1229455442892140.0        1.8227249845891471        11.448600000000001     
  0.64999997615814209        1253654134550109.2        1.8393927679013651        11.433450000000001     
  0.65999996662139893        1277968405949301.2        1.8551022652443609        11.417490000000001     
  0.66999995708465576        1302581782989191.0        1.8699927218150589        11.400700000000001     
  0.68000000715255737        1327291021129971.8        1.8840143655720145        11.383279999999999     
  0.68999999761581421        1352106098478799.2        1.8972124426690897        11.365270000000001     
  0.69999998807907104        1377293573041124.8        1.9092767286569385        11.347289999999999     
  0.70999997854232788        1402471307070274.2        1.9201536079868144        11.329660000000001     
  0.71999996900558472        1427954561237579.0        1.9303464361359102        11.311730000000001     
  0.72999995946884155        1453575608313227.5        1.9398724692966183        11.293559999999999     
  0.74000000953674316        1479393960579185.2        1.9488208918151637        11.275090000000001     
  0.75000000000000000        1505339533711381.2        1.9571907624934028        11.256390000000000     
  0.75999999046325684        1531495359815791.5        1.9650409926896135        11.237439999999999     
  0.76999998092651367        1557717231486614.5        1.9723878927208751        11.218280000000000     
  0.77999997138977051        1584247592970341.5        1.9792954027415604        11.198850000000000     
  0.78999996185302734        1610833071617406.2        1.9857263077592169        11.179340000000000     
  0.79999995231628418        1637643532823439.0        1.9917258959753190        11.159700000000001     
  0.81000000238418579        1664508042109899.8        1.9973173177566734        11.139980000000000     
  0.81999999284744263        1691871100393187.0        2.0025731968371496        11.119980000000000     
  0.82999998331069946        1719114896538562.8        2.0074314398595048        11.100040000000000     
  0.83999997377395630        1746465957335864.8        2.0119562817315222        11.079990000000000     
  0.84999996423721313        1774329108846847.8        2.0161801329207325        11.059770000000000     
  0.85999995470046997        1801994598806551.5        2.0200785901431249        11.039580000000001     
  0.87000000476837158        1830075011722155.5        2.0237075088668477        11.019230000000000     
  0.87999999523162842        1858222895648052.5        2.0270595854080988        10.998830000000000     
  0.88999998569488525        1886524489938946.2        2.0301387841029315        10.978479999999999     
  0.89999997615814209        1915209172272433.5        2.0329876529905455        10.957960000000000     
  0.90999996662139893        1943647846749731.5        2.0355815839362914        10.937550000000000     
  0.91999995708465576        1972459868736447.2        2.0379517722235687        10.917130000000000     
  0.93000000715255737        2001610671218504.5        2.0401206198026474        10.896580000000000     
  0.93999999761581421        2030649576356027.5        2.0420703399339470        10.876170000000000     
  0.94999998807907104        2059943160800006.0        2.0438312097688058        10.855710000000000     
  0.95999997854232788        2089429892889646.0        2.0454062361512628        10.835260000000000     
  0.96999996900558472        2119289140979774.0        2.0467980948180182        10.814909999999999     
  0.97999995946884155        2148890621301707.0        2.0479965600994787        10.795000000000000     
  0.98999994993209839        2179067743376945.0        2.0490443028929879        10.775010000000000     
   1.0000000000000000        2208923190283394.5        2.0499337892107765        10.755190000000001     
   1.0099999904632568        2239128108514281.5        2.0506751005552033        10.735530000000001     
   1.0199999809265137        2269669906648671.0        2.0512836676825987        10.715780000000001     
   1.0299999713897705        2300185334071290.5        2.0517547782546792        10.696270000000000     
   1.0399999618530273        2331254308867084.5        2.0521032533806887        10.676629999999999     
   1.0499999523162842        2362305465614386.0        2.0523275330343367        10.657220000000001     
   1.0599999427795410        2393385131239275.5        2.0524360482996871        10.637860000000000     
   1.0699999332427979        2424304909575690.0        2.0524340858208361        10.618700000000000     
   1.0799999237060547        2455883480558376.0        2.0523260969361137        10.599430000000000     
   1.0900000333786011        2487312855081683.0        2.0521179591039935        10.580380000000000     
   1.1000000238418579        2519139928447347.5        2.0518130462147166        10.561389999999999     
   1.1100000143051147        2550968189682911.5        2.0514158998826333        10.542500000000000     
   1.1200000047683716        2583252117811929.0        2.0509263045887538        10.523540000000001     
   1.1299999952316284        2615188475208349.0        2.0503606455033179        10.504980000000000     
   1.1399999856948853        2647728270513722.5        2.0497078201214896        10.486300000000000     
