        0.064725       0.984375       0.013672       0.003788       0.000000       0.000000       0.000000       0.000000       0.000000       0.000000       0.000000       0.000000       0.000000       0.000000       0.000000       0.000000
        0.129450       0.984375       0.013672       0.011076       0.000000       0.000000       0.000000       0.000000       0.000000       0.000000       0.000000       0.000000       0.000000       0.000000       0.000000       0.000000
        0.194175       0.976562       0.020508       0.018787       0.000000       0.000000       0.000000       0.000000       0.000000       0.000000       0.000000       0.000000       0.000000       0.000000       0.000000       0.000000
        0.258900       0.976562       0.025635       0.026422       0.000000       0.000000       0.000000       0.000000       0.000000       0.000000       0.000000       0.000000       0.000000       0.000000       0.000000       0.000000
        0.323625       0.968750       0.030762       0.032241       0.000000       0.000000       0.000000       0.000000       0.000000       0.000000       0.000000       0.000000       0.000000       0.000000       0.000000       0.000000
        0.388350       0.964844       0.036530       0.036587       0.000000       0.000000       0.000000       0.000000       0.000000       0.000000       0.000000       0.000000       0.000000       0.000000       0.000000       0.000000
        0.453074       0.958984       0.040375       0.039704       0.000000       0.000000       0.000000       0.000000       0.000000       0.000000       0.000000       0.000000       0.000000       0.000000       0.000000       0.000000
        0.517799       0.957031       0.042297       0.042444       0.000000       0.000000       0.000000       0.000000       0.000000       0.000000       0.000000       0.000000       0.000000       0.000000       0.000000       0.000000
        0.582524       0.955078       0.044220       0.044348       0.000000       0.000000       0.000000       0.000000       0.000000       0.000000       0.000000       0.000000       0.000000       0.000000       0.000000       0.000000
        0.647249       0.953125       0.046143       0.045659       0.000000       0.000000       0.000000       0.000000       0.000000       0.000000       0.000000       0.000000       0.000000       0.000000       0.000000       0.000000
        0.711974       0.953125       0.047424       0.046950       0.000000       0.000000       0.000000       0.000000       0.000000       0.000000       0.000000       0.000000       0.000000       0.000000       0.000000       0.000000
        0.776699       0.951172       0.048065       0.048051       0.000847       0.000000       0.000000       0.000000       0.000000       0.000000       0.000000       0.000000       0.000000       0.000000       0.000000       0.000000
        0.841424       0.950195       0.050388       0.048608       0.002095       0.000000       0.000000       0.000000       0.000000       0.000000       0.000000       0.000000       0.000000       0.000000       0.000000       0.000000
        0.906149       0.947266       0.052631       0.049163       0.003492       0.000000       0.000000       0.000000       0.000000       0.000000       0.000000       0.000000       0.000000       0.000000       0.000000       0.000000
        0.970874       0.945312       0.055328       0.049719       0.004944       0.000000       0.000000       0.000000       0.000000       0.000000       0.000000       0.000000       0.000000       0.000000       0.000000       0.000000
        1.035599       0.942871       0.057017       0.050456       0.006499       0.000000       0.000000       0.000000       0.000000       0.000000       0.000000       0.000000       0.000000       0.000000       0.000000       0.000000
        1.100324       0.940430       0.059454       0.051143       0.008028       0.000000       0.000000       0.000000       0.000000       0.000000       0.000000       0.000000       0.000000       0.000000       0.000000       0.000000
        1.165049       0.938477       0.061403       0.052149       0.009721       0.000000       0.000000       0.000000       0.000000       0.000000       0.000000       0.000000       0.000000       0.000000       0.000000       0.000000
        1.229774       0.935547       0.064327       0.052822       0.011205       0.000000       0.000000       0.000000       0.000000       0.000000       0.000000       0.000000       0.000000       0.000000       0.000000       0.000000
        1.294498       0.933594       0.066730       0.053873       0.012893       0.000000       0.000000       0.000000       0.000000       0.000000       0.000000       0.000000       0.000000       0.000000       0.000000       0.000000
        1.359223       0.930664       0.069201       0.054854       0.014520       0.000000       0.000000       0.000000       0.000000       0.000000       0.000000       0.000000       0.000000       0.000000       0.000000       0.000000
        1.423948       0.927734       0.072124       0.055738       0.016060       0.000000       0.000000       0.000000       0.000000       0.000000       0.000000       0.000000       0.000000       0.000000       0.000000       0.000000
        1.488673       0.925781       0.074581       0.056963       0.017805       0.000000       0.000000       0.000000       0.000000       0.000000       0.000000       0.000000       0.000000       0.000000       0.000000       0.000000
        1.553398       0.922852       0.077525       0.057908       0.019341       0.000000       0.000000       0.000000       0.000000       0.000000       0.000000       0.000000       0.000000       0.000000       0.000000       0.000000
        1.618123       0.919922       0.079922       0.059049       0.020992       0.000000       0.000000       0.000000       0.000000       0.000000       0.000000       0.000000       0.000000       0.000000       0.000000       0.000000
        1.682848       0.916992       0.082846       0.060002       0.022489       0.000000       0.000000       0.000000       0.000000       0.000000       0.000000       0.000000       0.000000       0.000000       0.000000       0.000000
        1.747573       0.914551       0.085282       0.061191       0.024138       0.000000       0.000000       0.000000       0.000000       0.000000       0.000000       0.000000       0.000000       0.000000       0.000000       0.000000
        1.812298       0.912109       0.088019       0.062247       0.025671       0.000000       0.000000       0.000000       0.000000       0.000000       0.000000       0.000000       0.000000       0.000000       0.000000       0.000000
        1.877023       0.909180       0.090643       0.063216       0.027120       0.000000       0.000000       0.000000       0.000000       0.000000       0.000000       0.000000       0.000000       0.000000       0.000000       0.000000
        1.941748       0.896729       0.096716       0.062561       0.027315       0.000000       0.000000       0.000000       0.000000       0.000000       0.000000       0.000000       0.000000       0.000000       0.006579       0.000000
        2.006473       0.872803       0.106515       0.059814       0.025882       0.000000       0.000000       0.000000       0.000000       0.000000       0.000000       0.000000       0.000000       0.000000       0.020606       0.000000
        2.071197       0.848877       0.116220       0.056941       0.024315       0.000000       0.000000       0.000000       0.000000       0.000000       0.000000       0.000000       0.000000       0.000000       0.034895       0.000000
        2.135922       0.825195       0.125769       0.054074       0.022721       0.000000       0.000000       0.000000       0.000000       0.000000       0.000000       0.000000       0.000000       0.000000       0.048852       0.000000
        2.200647       0.802979       0.134683       0.051312       0.021177       0.000000       0.000000       0.000000       0.000000       0.000000       0.000000       0.000000       0.000000       0.000000       0.062175       0.000000
        2.265372       0.781982       0.143260       0.048659       0.019692       0.000000       0.000000       0.000000       0.000000       0.000000       0.000000       0.000000       0.000000       0.000000       0.075032       0.000000
        2.330097       0.761963       0.151228       0.046132       0.018278       0.000000       0.000000       0.000000       0.000000       0.000000       0.000000       0.000000       0.000000       0.000000       0.086858       0.000000
        2.394822       0.743164       0.158673       0.043731       0.016940       0.000000       0.000000       0.000000       0.000000       0.000000       0.000000       0.000000       0.000000       0.000000       0.097936       0.000000
        2.459547       0.725830       0.165633       0.041477       0.015693       0.000000       0.000000       0.000000       0.000000       0.000000       0.000000       0.000000       0.000000       0.000000       0.108562       0.000000
        2.524272       0.709229       0.172184       0.039348       0.014523       0.000000       0.000000       0.000000       0.000000       0.000000       0.000000       0.000000       0.000000       0.000000       0.118433       0.000000
        2.588997       0.694092       0.178403       0.037317       0.013412       0.000000       0.000000       0.000000       0.000000       0.000000       0.000000       0.000000       0.000000       0.000000       0.127601       0.000000
        2.653722       0.679443       0.184070       0.035426       0.012391       0.000000       0.000000       0.000000       0.000000       0.000000       0.000000       0.000000       0.000000       0.000000       0.136354       0.000000
        2.718447       0.666260       0.189501       0.033645       0.011438       0.000000       0.000000       0.000000       0.000000       0.000000       0.000000       0.000000       0.000000       0.000000       0.144420       0.000000
        2.783172       0.653320       0.194404       0.031962       0.010547       0.000170       0.000000       0.000000       0.000000       0.000000       0.000000       0.000000       0.000000       0.000000       0.151881       0.000000
        2.847897       0.640381       0.198050       0.030379       0.009718       0.003605       0.000000       0.000000       0.000000       0.000000       0.000000       0.000000       0.000000       0.000000       0.158112       0.000000
        2.912621       0.627441       0.201037       0.028893       0.008951       0.008358       0.000000       0.000000       0.000000       0.000000       0.000000       0.000000       0.000000       0.000000       0.163383       0.000000
        2.977346       0.614746       0.203526       0.027475       0.008224       0.013647       0.000000       0.000000       0.000000       0.000000       0.000000       0.000000       0.000000       0.000000       0.167887       0.000000
        3.042071       0.602905       0.205794       0.026143       0.007553       0.019257       0.000000       0.000000       0.000000       0.000000       0.000000       0.000000       0.000000       0.000000       0.171951       0.000000
        3.106796       0.591431       0.207726       0.024895       0.006933       0.025067       0.000000       0.000000       0.000000       0.000000       0.000000       0.000000       0.000000       0.000000       0.175696       0.000000
        3.171521       0.580566       0.209307       0.023738       0.006370       0.030938       0.000000       0.000000       0.000000       0.000000       0.000000       0.000000       0.000000       0.000000       0.179312       0.000000
        3.236246       0.569946       0.210840       0.022621       0.005831       0.036915       0.000000       0.000000       0.000000       0.000000       0.000000       0.000000       0.000000       0.000000       0.182298       0.000000
        3.300971       0.559937       0.212081       0.021587       0.005344       0.042769       0.000000       0.000000       0.000000       0.000000       0.000000       0.000000       0.000000       0.000000       0.185063       0.000000
        3.365696       0.550293       0.213271       0.020598       0.004883       0.048769       0.000000       0.000000       0.000000       0.000000       0.000000       0.000000       0.000000       0.000000       0.187715       0.000000
        3.430421       0.541138       0.214181       0.019688       0.004470       0.054578       0.000000       0.000000       0.000000       0.000000       0.000000       0.000000       0.000000       0.000000       0.190154       0.000000
        3.495146       0.532349       0.215087       0.018806       0.004075       0.060415       0.000000       0.000000       0.000000       0.000000       0.000000       0.000000       0.000000       0.000000       0.192323       0.000000
        3.559871       0.523804       0.215864       0.017972       0.003707       0.066102       0.000000       0.000000       0.000000       0.000000       0.000000       0.000000       0.000000       0.000000       0.194089       0.000000
        3.624596       0.515808       0.216488       0.017201       0.003377       0.071731       0.000000       0.000000       0.000000       0.000000       0.000000       0.000000       0.000000       0.000000       0.196020       0.000000
        3.689321       0.508057       0.217117       0.016458       0.003064       0.077320       0.000000       0.000000       0.000000       0.000000       0.000000       0.000000       0.000000       0.000000       0.197637       0.000000
        3.754045       0.500488       0.217576       0.015763       0.002778       0.082819       0.000000       0.000000       0.000000       0.000000       0.000000       0.000000       0.000000       0.000000       0.199189       0.000000
        3.818770       0.493408       0.218063       0.015101       0.002512       0.088178       0.000000       0.000000       0.000000       0.000000       0.000000       0.000000       0.000000       0.000000       0.200501       0.000000
        3.883495       0.486511       0.218399       0.014475       0.002266       0.093430       0.000000       0.000000       0.000000       0.000000       0.000000       0.000000       0.000000       0.000000       0.201758       0.000000
        3.948220       0.479919       0.218758       0.013875       0.002036       0.098535       0.000000       0.000000       0.000000       0.000000       0.000000       0.000000       0.000000       0.000000       0.202760       0.000000
        4.012945       0.473511       0.218980       0.013318       0.001829       0.103627       0.000000       0.000000       0.000000       0.000000       0.000000       0.000000       0.000000       0.000000       0.203881       0.000000
        4.077670       0.467468       0.219218       0.012784       0.001635       0.108480       0.000000       0.000000       0.000000       0.000000       0.000000       0.000000       0.000000       0.000000       0.204717       0.000000
        4.142395       0.461670       0.219419       0.012280       0.001458       0.113368       0.000000       0.000000       0.000000       0.000000       0.000000       0.000000       0.000000       0.000000       0.205689       0.000000
        4.207120       0.455872       0.219516       0.011799       0.001295       0.118142       0.000000       0.000000       0.000000       0.000000       0.000000       0.000000       0.000000       0.000000       0.206440       0.000000
        4.271845       0.450378       0.219677       0.011337       0.001141       0.122801       0.000000       0.000000       0.000000       0.000000       0.000000       0.000000       0.000000       0.000000       0.207070       0.000000
        4.336570       0.445312       0.219806       0.010905       0.001004       0.127259       0.000000       0.000000       0.000000       0.000000       0.000000       0.000000       0.000000       0.000000       0.207765       0.000000
        4.401295       0.439758       0.219614       0.010493       0.000877       0.131548       0.000000       0.000000       0.000000       0.000000       0.000000       0.000000       0.000000       0.000875       0.208192       0.000000
        4.466020       0.434143       0.219276       0.010095       0.000759       0.135643       0.000000       0.000000       0.000000       0.000000       0.000000       0.000000       0.000000       0.002405       0.208501       0.000000
        4.530744       0.428467       0.218912       0.009705       0.000646       0.139731       0.000000       0.000000       0.000000       0.000000       0.000000       0.000000       0.000000       0.004340       0.208619       0.000000
        4.595469       0.423035       0.218466       0.009340       0.000546       0.143502       0.000000       0.000000       0.000000       0.000000       0.000000       0.000000       0.000000       0.006423       0.208610       0.000000
        4.660194       0.417542       0.217995       0.008982       0.000452       0.147232       0.000000       0.000000       0.000000       0.000000       0.000000       0.000000       0.000000       0.008723       0.208426       0.000000
        4.724919       0.412170       0.217368       0.008651       0.000371       0.150913       0.000000       0.000000       0.000000       0.000000       0.000000       0.000000       0.000000       0.011142       0.208417       0.000000
        4.789644       0.406860       0.216798       0.008323       0.000294       0.154484       0.000000       0.000000       0.000000       0.000000       0.000000       0.000000       0.000000       0.013635       0.208094       0.000000
        4.854369       0.401733       0.216180       0.008014       0.000228       0.157955       0.000000       0.000000       0.000000       0.000000       0.000000       0.000000       0.000000       0.016190       0.207880       0.000000
        4.919094       0.396851       0.215560       0.007723       0.000171       0.161287       0.000000       0.000000       0.000000       0.000000       0.000000       0.000000       0.000000       0.018689       0.207570       0.000000
        4.983819       0.392090       0.214859       0.007451       0.000122       0.164469       0.000000       0.000000       0.000000       0.000000       0.000000       0.000000       0.000000       0.021179       0.207311       0.000000
        5.048544       0.387268       0.214208       0.007178       0.000078       0.167790       0.000000       0.000000       0.000000       0.000000       0.000000       0.000000       0.000000       0.023807       0.206929       0.000000
        5.113269       0.382812       0.213524       0.006929       0.000045       0.170836       0.000000       0.000000       0.000000       0.000000       0.000000       0.000000       0.000000       0.026266       0.206604       0.000000
        5.177993       0.378235       0.212849       0.006678       0.000018       0.173965       0.000000       0.000000       0.000000       0.000000       0.000000       0.000000       0.000000       0.028814       0.206087       0.000000
        5.242719       0.374023       0.212151       0.006452       0.000002       0.176846       0.000000       0.000000       0.000000       0.000000       0.000000       0.000000       0.000000       0.031221       0.205738       0.000000
        5.307444       0.369751       0.211513       0.006221       0.000000       0.179846       0.000000       0.000000       0.000000       0.000000       0.000000       0.000000       0.000000       0.033688       0.205170       0.000000
        5.372168       0.365784       0.210812       0.006014       0.000000       0.182610       0.000000       0.000000       0.000000       0.000000       0.000000       0.000000       0.000000       0.036004       0.204783       0.000000
        5.436893       0.361816       0.210086       0.005814       0.000000       0.185343       0.000000       0.000000       0.000000       0.000000       0.000000       0.000000       0.000000       0.038329       0.204361       0.000000
        5.501618       0.357971       0.209431       0.005618       0.000000       0.188099       0.000000       0.000000       0.000000       0.000000       0.000000       0.000000       0.000000       0.040610       0.203823       0.000000
        5.566343       0.354248       0.208784       0.005431       0.000000       0.190738       0.000000       0.000000       0.000000       0.000000       0.000000       0.000000       0.000000       0.042867       0.203336       0.000000
        5.631068       0.350525       0.208114       0.005250       0.000000       0.193505       0.000000       0.000000       0.000000       0.000000       0.000000       0.000000       0.000000       0.045116       0.202799       0.000000
        5.695793       0.347107       0.207396       0.005089       0.000000       0.195842       0.000000       0.000000       0.000000       0.000000       0.000000       0.000000       0.000000       0.047139       0.202368       0.000000
        5.760518       0.343567       0.206698       0.004925       0.000000       0.198445       0.000000       0.000000       0.000000       0.000000       0.000000       0.000000       0.000000       0.049271       0.201840       0.000000
        5.825243       0.340271       0.206115       0.004764       0.000000       0.200946       0.000000       0.000000       0.000000       0.000000       0.000000       0.000000       0.000000       0.051324       0.201294       0.000000
        5.889968       0.337158       0.205459       0.004623       0.000000       0.203265       0.000000       0.000000       0.000000       0.000000       0.000000       0.000000       0.000000       0.053271       0.200933       0.000000
        5.954693       0.333923       0.204825       0.004474       0.000000       0.205679       0.000000       0.000000       0.000000       0.000000       0.000000       0.000000       0.000000       0.055259       0.200375       0.000000
        6.019418       0.330994       0.204226       0.004342       0.000000       0.207828       0.000000       0.000000       0.000000       0.000000       0.000000       0.000000       0.000000       0.057049       0.199871       0.000000
        6.084143       0.328003       0.203631       0.004208       0.000000       0.210103       0.000000       0.000000       0.000000       0.000000       0.000000       0.000000       0.000000       0.058904       0.199332       0.000000
        6.148868       0.325134       0.202987       0.004086       0.000000       0.212360       0.000000       0.000000       0.000000       0.000000       0.000000       0.000000       0.000000       0.060706       0.198945       0.000000
        6.213592       0.322144       0.202149       0.003973       0.000000       0.214385       0.000000       0.000000       0.000000       0.000000       0.000000       0.000000       0.000300       0.062431       0.198573       0.000000
        6.278317       0.318909       0.201077       0.003867       0.000000       0.216514       0.000000       0.000000       0.000000       0.000000       0.000000       0.000000       0.001006       0.064201       0.198278       0.000000
        6.343042       0.315857       0.200005       0.003769       0.000000       0.218364       0.000000       0.000000       0.000000       0.000000       0.000000       0.000000       0.001861       0.065850       0.198051       0.000000
        6.407767       0.312622       0.198748       0.003677       0.000000       0.220393       0.000000       0.000000       0.000000       0.000000       0.000000       0.000000       0.002882       0.067538       0.197897       0.000000
        6.472492       0.309509       0.197435       0.003595       0.000000       0.222200       0.000000       0.000000       0.000000       0.000000       0.000000       0.000000       0.003939       0.069117       0.197839       0.000000
        6.537217       0.306458       0.196159       0.003513       0.000000       0.223986       0.000000       0.000000       0.000000       0.000000       0.000000       0.000000       0.005082       0.070675       0.197753       0.000000
        6.601942       0.303406       0.194790       0.003441       0.000000       0.225673       0.000000       0.000000       0.000000       0.000000       0.000000       0.000000       0.006228       0.072121       0.197647       0.000000
        6.666667       0.300415       0.193460       0.003367       0.000000       0.227412       0.000000       0.000000       0.000000       0.000000       0.000000       0.000000       0.007453       0.073595       0.197583       0.000000
        6.731392       0.297424       0.192111       0.003296       0.000000       0.229093       0.000000       0.000000       0.000000       0.000000       0.000000       0.000000       0.008704       0.075000       0.197436       0.000000
        6.796117       0.294678       0.190827       0.003233       0.000000       0.230722       0.000000       0.000000       0.000000       0.000000       0.000000       0.000000       0.009921       0.076361       0.197458       0.000000
        6.860841       0.291931       0.189491       0.003173       0.000000       0.232327       0.000000       0.000000       0.000000       0.000000       0.000000       0.000000       0.011124       0.077648       0.197451       0.000000
        6.925566       0.289246       0.188198       0.003114       0.000000       0.233963       0.000000       0.000000       0.000000       0.000000       0.000000       0.000000       0.012381       0.078968       0.197492       0.000000
        6.990291       0.286499       0.186829       0.003058       0.000000       0.235464       0.000000       0.000000       0.000000       0.000000       0.000000       0.000000       0.013602       0.080165       0.197388       0.000000
        7.055017       0.284180       0.185678       0.003007       0.000000       0.236808       0.000000       0.000000       0.000000       0.000000       0.000000       0.000000       0.014707       0.081258       0.197399       0.000000
        7.119742       0.281616       0.184386       0.002955       0.000000       0.238337       0.000000       0.000000       0.000000       0.000000       0.000000       0.000000       0.015921       0.082411       0.197351       0.000000
        7.184466       0.279114       0.183103       0.002905       0.000000       0.239725       0.000000       0.000000       0.000000       0.000000       0.000000       0.000000       0.017093       0.083489       0.197269       0.000000
        7.249191       0.276611       0.181807       0.002858       0.000000       0.241262       0.000000       0.000000       0.000000       0.000000       0.000000       0.000000       0.018325       0.084635       0.197286       0.000000
        7.313916       0.274292       0.180608       0.002812       0.000000       0.242657       0.000000       0.000000       0.000000       0.000000       0.000000       0.000000       0.019470       0.085662       0.197246       0.000000
        7.378641       0.272156       0.179468       0.002771       0.000000       0.243930       0.000000       0.000000       0.000000       0.000000       0.000000       0.000000       0.020521       0.086606       0.197258       0.000000
        7.443366       0.269958       0.178333       0.002727       0.000000       0.245277       0.000000       0.000000       0.000000       0.000000       0.000000       0.000000       0.021655       0.087597       0.197224       0.000000
        7.508091       0.267822       0.177173       0.002688       0.000000       0.246571       0.000000       0.000000       0.000000       0.000000       0.000000       0.000000       0.022706       0.088505       0.197208       0.000000
        7.572816       0.265564       0.175955       0.002649       0.000000       0.247958       0.000000       0.000000       0.000000       0.000000       0.000000       0.000000       0.023799       0.089397       0.197074       0.000000
        7.637540       0.263550       0.174864       0.002612       0.000000       0.249242       0.000000       0.000000       0.000000       0.000000       0.000000       0.000000       0.024862       0.090319       0.197127       0.000000
        7.702265       0.261597       0.173790       0.002577       0.000000       0.250471       0.000000       0.000000       0.000000       0.000000       0.000000       0.000000       0.025847       0.091133       0.197091       0.000000
        7.766990       0.259827       0.172823       0.002544       0.000000       0.251554       0.000000       0.000000       0.000000       0.000000       0.000000       0.000000       0.026777       0.091912       0.197104       0.000000
