   9.9999997764825821E-003   16768914373286.059       0.20974682656031787        67.312539999999998     
   1.9999999552965164E-002   33604783775876.969       0.15861325842614005        56.969420000000000     
   2.9999999329447746E-002   50428592586894.359       0.13837496242335962        49.876339999999999     
   3.9999999105930328E-002   67665776410849.531       0.13021414215634863        46.339820000000003     
   4.9999997019767761E-002   84425559034283.078       0.12728374666450709        45.157470000000004     
   5.9999998658895493E-002   101548391819942.73       0.12628916339933419        44.864269999999998     
   7.0000000298023224E-002   118280727224510.61       0.12535404851319226        44.747419999999998     
   7.9999998211860657E-002   135237785341506.11       0.12336778284058168        44.741970000000002     
   8.9999996125698090E-002   152196588142416.50       0.11923506776966354        44.498609999999999     
   9.9999994039535522E-002   169161582715178.12       0.11105118097433772        42.785739999999997     
  0.10999999940395355        186406023681800.62        9.8696176623281201E-002   37.191589999999998     
  0.11999999731779099        203227419632084.62        9.2085682646511555E-002   28.284260000000000     
  0.12999999523162842        220556377542057.66        9.8596268033291801E-002   21.054110000000001     
  0.14000000059604645        237564595730787.88       0.11519971410335741        16.864200000000000     
  0.14999999105930328        254873255913852.91       0.13930023110560955        14.547760000000000     
  0.15999999642372131        271991738126005.62       0.16859706100774921        13.282330000000000     
  0.17000000178813934        289292498974238.88       0.20252596210991641        12.557990000000000     
  0.17999999225139618        306702989304439.88       0.24083472269977968        12.136699999999999     
  0.18999999761581421        324126397719798.06       0.28166223835250598        11.903510000000001     
  0.19999998807907104        341839200939425.56       0.32627539477939355        11.776980000000000     
  0.20999999344348907        359310539905229.19       0.37232105700387935        11.722000000000000     
  0.21999999880790710        376998368160219.38       0.42028972000441484        11.710330000000001     
  0.22999998927116394        395047130684177.25       0.47096690030929744        11.726839999999999     
  0.23999999463558197        412948122192635.44       0.52163909367538785        11.760339999999999     
  0.25000000000000000        430760587696832.25       0.57289486871341433        11.803820000000000     
  0.25999999046325684        448850094158343.50       0.62469013735766277        11.852840000000000     
  0.26999998092651367        467113237502416.31       0.67715464049839513        11.904590000000001     
  0.28000000119209290        485606738516752.56       0.72956815636511019        11.956410000000000     
  0.28999999165534973        503902191922092.12       0.78065481368473522        12.005720000000000     
  0.29999998211860657        522672793287237.75       0.81888029608682578        12.040870000000000     
  0.31000000238418579        541315520457700.62       0.84127398980766721        12.059820000000000     
  0.31999999284744263        559897250508823.31       0.86142072890710419        12.074859999999999     
  0.32999998331069946        578736688934645.88       0.88096971755876985        12.087040000000000     
  0.34000000357627869        597488343774894.12       0.90021299433342916        12.096370000000000     
  0.34999999403953552        616565474967609.62       0.91963335834956528        12.102880000000001     
  0.35999998450279236        635466742021701.88       0.93889867987993403        12.106380000000000     
  0.37000000476837158        654395983411927.75       0.95827916541679992        12.106920000000001     
  0.37999999523162842        673493842934389.62       0.97788946942443100        12.104530000000000     
  0.38999998569488525        692710251872823.25       0.99760246373426753        12.099299999999999     
  0.39999997615814209        711934738326573.50        1.0175090770292003        12.091310000000000     
  0.40999999642372131        731390740623739.25        1.0375849105505739        12.080740000000000     
  0.41999998688697815        750736389807240.12        1.0575521232627763        12.067920000000001     
  0.42999997735023499        770248756531137.75        1.0775547723932972        12.053000000000001     
  0.43999999761581421        789909963353444.75        1.0953709453742546        12.038010000000000     
  0.44999998807907104        809644639929036.62        1.1119734354023620        12.022470000000000     
  0.45999997854232788        829386681298005.62        1.1279880962899456        12.005920000000000     
  0.46999999880790710        849139710463545.12        1.1433546337608480        11.988540000000000     
  0.47999998927116394        869100854435479.62        1.1583383399933269        11.970090000000001     
  0.48999997973442078        889107731398545.38        1.1728310256536487        11.950799999999999     
  0.50000000000000000        909299678491955.75        1.1869791687051896        11.930550000000000     
  0.50999999046325684        929271394505995.88        1.2005432958936939        11.909780000000000     
  0.51999998092651367        949735066838920.12        1.2138651220952081        11.888059999999999     
  0.52999997138977051        969985516524881.50        1.2266968650202363        11.865860000000000     
  0.53999996185302734        990508819926761.38        1.2392633949926586        11.842870000000000     
  0.55000001192092896        1010947606385291.0        1.2514245448552392        11.819410000000000     
  0.56000000238418579        1031553347958197.1        1.2632167426155609        11.795500000000001     
  0.56999999284744263        1052271937171557.5        1.2746317845248831        11.771229999999999     
  0.57999998331069946        1073167875360915.1        1.2857203074523964        11.746560000000001     
  0.58999997377395630        1094019149642051.1        1.2964955617552127        11.721489999999999     
  0.59999996423721313        1114971749225615.9        1.3069260559815665        11.696190000000000     
  0.61000001430511475        1135835852501666.8        1.3169616354112466        11.670830000000000     
  0.62000000476837158        1157125094414754.0        1.3268017402516203        11.644970000000001     
  0.62999999523162842        1178040038522504.0        1.3361848189670473        11.619350000000001     
  0.63999998569488525        1199454244349020.2        1.3453937428975440        11.593260000000001     
  0.64999997615814209        1220988068674417.2        1.3543337569509042        11.566979999999999     
  0.65999996662139893        1242449314148954.2        1.3628881490781795        11.540910000000000     
  0.66999995708465576        1263808284025143.0        1.3711566342898180        11.514820000000000     
  0.68000000715255737        1285365865748530.8        1.3789126997694818        11.489500000000000     
  0.68999999761581421        1307053400438925.2        1.3862676224138253        11.464650000000001     
  0.69999998807907104        1329172488263813.5        1.3933578470368357        11.439850000000000     
  0.70999997854232788        1350782455049770.0        1.4000278263878116        11.415680000000000     
  0.71999996900558472        1372669433096293.0        1.4064329568770331        11.391650000000000     
  0.72999995946884155        1394970146228817.2        1.4126829358564137        11.367340000000000     
  0.74000000953674316        1417080681390429.0        1.4185879702506514        11.343540000000001     
  0.75000000000000000        1439381988457903.0        1.4242843806212602        11.319730000000000     
  0.75999999046325684        1461481951577409.2        1.4297398213200565        11.296090000000000     
  0.76999998092651367        1483579895318086.2        1.4349766741953849        11.272570000000000     
  0.77999997138977051        1506426909817397.2        1.4400975751037248        11.248720000000000     
  0.78999996185302734        1528675594248322.8        1.4449398157752216        11.225330000000000     
  0.79999995231628418        1551489942325397.2        1.4496498232452397        11.201739999999999     
  0.81000000238418579        1573829498803635.8        1.4541055806416707        11.178599999999999     
  0.81999999284744263        1596910880034121.0        1.4585069224957001        11.154900000000000     
  0.82999998331069946        1619374687703848.8        1.4626207529897632        11.131930000000001     
  0.83999997377395630        1642121327196650.8        1.4665933794903114        11.108930000000001     
  0.84999996423721313        1665182277064864.5        1.4704673627734328        11.085670000000000     
  0.85999995470046997        1688166728111549.5        1.4741461163214395        11.062760000000001     
  0.87000000476837158        1711784788962635.8        1.4777502135054450        11.039470000000000     
  0.87999999523162842        1734374035693752.2        1.4811078650611511        11.016959999999999     
  0.88999998569488525        1757969645803737.5        1.4844014817321793        10.994059999999999     
  0.89999997615814209        1781528669520818.0        1.4875699727687404        10.971180000000000     
  0.90999996662139893        1804737271617541.5        1.4905584007776627        10.948779999999999     
  0.91999995708465576        1828522109402519.8        1.4934596407694367        10.926209999999999     
  0.93000000715255737        1851578426578125.5        1.4961900078802592        10.904140000000000     
  0.93999999761581421        1875265502670373.5        1.4988309468217438        10.881980000000000     
  0.94999998807907104        1899285657482445.5        1.5013922811758458        10.859650000000000     
  0.95999997854232788        1922767232082077.8        1.5037433924832118        10.838329999999999     
  0.96999996900558472        1947206586181688.5        1.5060190137812972        10.816879999999999     
  0.97999995946884155        1970808848363111.5        1.5081087086177933        10.796370000000000     
  0.98999994993209839        1995413316378754.8        1.5101432057597981        10.775570000000000     
   1.0000000000000000        2019354359055519.2        1.5120208781482360        10.755549999999999     
   1.0099999904632568        2043546992577001.2        1.5138189387561258        10.735530000000001     
   1.0199999809265137        2067643883784581.8        1.5155250078611573        10.715680000000001     
   1.0299999713897705        2091992128262899.8        1.5171356867640664        10.696070000000001     
   1.0399999618530273        2116571769797643.2        1.5186829087339015        10.676330000000000     
   1.0499999523162842        2140861333502925.8        1.5201229112923547        10.657050000000000     
   1.0599999427795410        2165452616162684.8        1.5215074610387711        10.637580000000000     
   1.0699999332427979        2190235858598205.2        1.5228047876447459        10.618380000000000     
   1.0799999237060547        2215012448962288.5        1.5240406067201564        10.599090000000000     
   1.0900000333786011        2238773648136266.2        1.5251658153589780        10.580570000000000     
   1.1000000238418579        2263895908641108.5        1.5262667842650623        10.561420000000000     
   1.1100000143051147        2288579370005069.5        1.5272817008437307        10.542719999999999     
   1.1200000047683716        2314031383194017.0        1.5282426549612909        10.523920000000000     
   1.1299999952316284        2339069780083953.5        1.5291372803784442        10.505269999999999     
   1.1399999856948853        2363767020738749.0        1.5299666985413163        10.486820000000000     
   1.1499999761581421        2388937746335491.5        1.5307386640226095        10.468450000000001     
   1.1599999666213989        2413819581972671.5        1.5314452229002311        10.450410000000000     
   1.1699999570846558        2440104529535159.0        1.5321360267749220        10.431369999999999     
   1.1799999475479126        2465207308973649.0        1.5327286817339230        10.413679999999999     
   1.1899999380111694        2490973632538008.5        1.5332974464454470        10.395200000000001     
   1.1999999284744263        2515294080860678.0        1.5337797844740291        10.378069999999999     
