        0.064725       4.344033       1.144204       0.000000      20.508667     488.354108       0.992851       0.967289
        0.129450       4.344033       1.144204       0.000000      36.941223     483.516993       0.986040       0.936126
        0.194175       4.344033       1.144204       0.000000      50.428894     478.138856       0.979543       0.906399
        0.258900       4.344033       1.144204       0.000000      62.185852     472.049852       0.973175       0.877264
        0.323625       4.344033       1.144204       0.000000      71.581726     465.512894       0.967232       0.850071
        0.388350       4.344033       1.144204       0.000000      79.342102     458.548375       0.961386       0.823325
        0.453074       4.344033       1.144204       0.000000      85.832214     451.242289       0.955888       0.798169
        0.517799       4.344033       1.144204       0.000000      91.757874     443.465052       0.950528       0.773646
        0.582524       4.344033       1.144204       0.000000      96.838135     435.600954       0.945361       0.750004
        0.647249       4.344033       1.144204       0.000000     101.278076     427.642751       0.940378       0.727204
        0.711974       4.344033       1.144204       0.000000     105.523010     419.425423       0.935506       0.704913
        0.776699       4.344033       1.144204       0.000000     109.471008     411.232980       0.930942       0.684031
        0.841424       4.344033       1.144204       0.000000     112.864258     403.098983       0.926415       0.663317
        0.906149       4.344033       1.144204       0.000000     116.125183     395.075640       0.922115       0.643643
        0.970874       4.344033       1.144204       0.000000     119.272888     387.201696       0.917956       0.624617
        1.035599       4.344033       1.144204       0.000000     122.465454     379.573645       0.913946       0.606270
        1.100324       4.344033       1.144204       0.000000     125.530334     372.078587       0.910084       0.588598
        1.165049       4.344033       1.144204       0.000000     128.778687     364.700038       0.906370       0.571605
        1.229774       4.344033       1.144204       0.000000     131.682007     357.617875       0.902788       0.555214
        1.294498       4.344033       1.144204       0.000000     134.835327     350.659723       0.899317       0.539335
        1.359223       4.344033       1.144204       0.000000     137.872986     343.892322       0.896040       0.524341
        1.423948       4.344033       1.144204       0.000000     140.775635     337.447818       0.892858       0.509780
        1.488673       4.344033       1.144204       0.000000     143.915955     331.100728       0.889774       0.495669
        1.553398       4.344033       1.144204       0.000000     146.774841     324.912498       0.886839       0.482240
        1.618123       4.344033       1.144204       0.000000     149.757141     318.937793       0.884067       0.469560
        1.682848       4.344033       1.144204       0.000000     152.539490     313.264256       0.881368       0.457210
        1.747573       4.344033       1.144204       0.000000     155.484314     307.619038       0.878788       0.445407
        1.812298       4.344033       1.144204       0.000000     158.281067     302.224667       0.876292       0.433983
        1.877023       4.344033       1.144204       0.000000     160.969421     296.961944       0.873940       0.423222
        1.941748       4.344033       1.144204       0.000000     162.234802     291.786229       0.871334       0.411299
        2.006473       4.344033       1.144204       0.000000     161.581299     286.737078       0.868497       0.398319
        2.071197       4.344033       1.144204       0.000000     160.642334     281.794876       0.865760       0.385798
        2.135922       4.344033       1.144204       0.000000     159.528259     277.036991       0.863022       0.373272
        2.200647       4.344033       1.144204       0.000000     158.331360     272.354720       0.860441       0.361459
        2.265372       4.344033       1.144204       0.000000     157.065186     267.785745       0.857921       0.349932
        2.330097       4.344033       1.144204       0.000000     155.752991     263.288460       0.855507       0.338887
        2.394822       4.344033       1.144204       0.000000     154.406738     258.991791       0.853198       0.328322
        2.459547       4.344033       1.144204       0.000000     153.061523     254.719577       0.851008       0.318301
        2.524272       4.344033       1.144204       0.000000     151.705078     250.597971       0.848867       0.308507
        2.588997       4.344033       1.144204       0.000000     150.311401     246.568374       0.846866       0.299349
        2.653722       4.344033       1.144204       0.000000     148.949036     242.597703       0.844896       0.290338
        2.718447       4.344033       1.144204       0.000000     147.590332     238.800372       0.843082       0.282035
        2.783172       4.344033       1.144204       0.000000     146.230286     235.069152       0.841294       0.273853
        2.847897       4.344033       1.144204       0.000000     144.880249     231.805593       0.839660       0.266378
        2.912621       4.344033       1.144204       0.000000     143.550964     228.777897       0.838080       0.259151
        2.977346       4.344033       1.144204       0.000000     142.200317     225.916317       0.836555       0.252175
        3.042071       4.344033       1.144204       0.000000     140.870972     223.189342       0.835130       0.245655
        3.106796       4.344033       1.144204       0.000000     139.567871     220.572844       0.833741       0.239299
        3.171521       4.344033       1.144204       0.000000     138.319946     218.028602       0.832425       0.233278
        3.236246       4.344033       1.144204       0.000000     137.034912     215.611953       0.831119       0.227301
        3.300971       4.344033       1.144204       0.000000     135.807312     213.313242       0.829900       0.221722
        3.365696       4.344033       1.144204       0.000000     134.570374     211.041780       0.828685       0.216164
        3.430421       4.344033       1.144204       0.000000     133.401184     208.870948       0.827546       0.210953
        3.495146       4.344033       1.144204       0.000000     132.200562     206.801204       0.826427       0.205834
        3.559871       4.344033       1.144204       0.000000     131.016296     204.733543       0.825342       0.200868
        3.624596       4.344033       1.144204       0.000000     129.892578     202.775785       0.824312       0.196155
        3.689321       4.344033       1.144204       0.000000     128.752319     200.873914       0.823297       0.191513
        3.754045       4.344033       1.144204       0.000000     127.652100     199.022295       0.822296       0.186933
        3.818770       4.344033       1.144204       0.000000     126.557861     197.221419       0.821356       0.182630
        3.883495       4.344033       1.144204       0.000000     125.485596     195.449046       0.820433       0.178407
        3.948220       4.344033       1.144204       0.000000     124.411865     193.773274       0.819546       0.174348
        4.012945       4.344033       1.144204       0.000000     123.390259     192.129512       0.818664       0.170313
        4.077670       4.344033       1.144204       0.000000     122.369629     190.516480       0.817842       0.166554
        4.142395       4.344033       1.144204       0.000000     121.373779     188.969688       0.817026       0.162820
        4.207120       4.344033       1.144204       0.000000     120.391602     187.425277       0.816208       0.159077
        4.271845       4.344033       1.144204       0.000000     119.402100     185.923865       0.815423       0.155486
        4.336570       4.344033       1.144204       0.000000     118.459961     184.477478       0.814701       0.152182
        4.401295       4.344033       1.144204       0.000000     117.528564     182.995250       0.813917       0.148594
        4.466020       4.344033       1.144204       0.000000     116.590088     181.557769       0.813123       0.144959
        4.530744       4.344033       1.144204       0.000000     115.619751     180.095186       0.812302       0.141204
        4.595469       4.344033       1.144204       0.000000     114.693970     178.656391       0.811537       0.137704
        4.660194       4.344033       1.144204       0.000000     113.737427     177.191593       0.810747       0.134089
        4.724919       4.344033       1.144204       0.000000     112.839966     175.787716       0.809964       0.130506
        4.789644       4.344033       1.144204       0.000000     111.901978     174.446171       0.809189       0.126961
        4.854369       4.344033       1.144204       0.000000     110.997070     173.062269       0.808428       0.123482
        4.919094       4.344033       1.144204       0.000000     110.123413     171.762765       0.807713       0.120209
        4.983819       4.344033       1.144204       0.000000     109.287842     170.469961       0.807013       0.117008
        5.048544       4.344033       1.144204       0.000000     108.400269     169.178080       0.806272       0.113614
        5.113269       4.344033       1.144204       0.000000     107.589722     167.920186       0.805605       0.110565
        5.177993       4.344033       1.144204       0.000000     106.719971     166.648289       0.804898       0.107327
        5.242719       4.344033       1.144204       0.000000     105.941406     165.443008       0.804257       0.104395
        5.307444       4.344033       1.144204       0.000000     105.092163     164.242877       0.803583       0.101313
        5.372168       4.344033       1.144204       0.000000     104.334106     163.073584       0.802971       0.098512
        5.436893       4.344033       1.144204       0.000000     103.578125     161.968727       0.802346       0.095652
        5.501618       4.344033       1.144204       0.000000     102.805664     160.811261       0.801732       0.092843
        5.566343       4.344033       1.144204       0.000000     102.046997     159.711243       0.801129       0.090083
        5.631068       4.344033       1.144204       0.000000     101.290161     158.670836       0.800513       0.087265
        5.695793       4.344033       1.144204       0.000000     100.625122     157.614116       0.799972       0.084792
        5.760518       4.344033       1.144204       0.000000      99.906128     156.529807       0.799381       0.082085
        5.825243       4.344033       1.144204       0.000000      99.178345     155.556792       0.798825       0.079540
        5.889968       4.344033       1.144204       0.000000      98.551636     154.550518       0.798305       0.077162
        5.954693       4.344033       1.144204       0.000000      97.839478     153.596194       0.797747       0.074610
        6.019418       4.344033       1.144204       0.000000      97.212524     152.587125       0.797260       0.072383
        6.084143       4.344033       1.144204       0.000000      96.548462     151.690759       0.796741       0.070005
        6.148868       4.344033       1.144204       0.000000      95.942993     150.758245       0.796235       0.067694
        6.213592       4.344033       1.144204       0.000000      95.380127     149.770481       0.795721       0.065341
        6.278317       4.344033       1.144204       0.000000      94.853516     148.830622       0.795149       0.062725
        6.343042       4.344033       1.144204       0.000000      94.369385     147.888078       0.794620       0.060303
        6.407767       4.344033       1.144204       0.000000      93.911499     146.939194       0.794041       0.057655
        6.472492       4.344033       1.144204       0.000000      93.521362     145.998898       0.793493       0.055146
        6.537217       4.344033       1.144204       0.000000      93.115234     144.993969       0.792945       0.052640
        6.601942       4.344033       1.144204       0.000000      92.771729     144.103873       0.792407       0.050178
        6.666667       4.344033       1.144204       0.000000      92.408325     143.199615       0.791862       0.047684
        6.731392       4.344033       1.144204       0.000000      92.049316     142.202670       0.791317       0.045188
        6.796117       4.344033       1.144204       0.000000      91.747070     141.336262       0.790810       0.042870
        6.860841       4.344033       1.144204       0.000000      91.471558     140.490864       0.790304       0.040556
        6.925566       4.344033       1.144204       0.000000      91.183960     139.593457       0.789792       0.038213
        6.990291       4.344033       1.144204       0.000000      90.910645     138.707858       0.789281       0.035876
        7.055017       4.344033       1.144204       0.000000      90.682373     137.855877       0.788857       0.033934
        7.119742       4.344033       1.144204       0.000000      90.427246     137.061955       0.788364       0.031681
        7.184466       4.344033       1.144204       0.000000      90.193115     136.219789       0.787889       0.029507
        7.249191       4.344033       1.144204       0.000000      89.967529     135.507407       0.787389       0.027219
        7.313916       4.344033       1.144204       0.000000      89.752441     134.723923       0.786935       0.025141
        7.378641       4.344033       1.144204       0.000000      89.575317     133.848902       0.786521       0.023249
        7.443366       4.344033       1.144204       0.000000      89.363647     133.155373       0.786079       0.021222
        7.508091       4.344033       1.144204       0.000000      89.191162     132.429731       0.785656       0.019288
        7.572816       4.344033       1.144204       0.000000      89.005737     131.628645       0.785198       0.017192
        7.637540       4.344033       1.144204       0.000000      88.845825     130.905755       0.784778       0.015274
        7.702265       4.344033       1.144204       0.000000      88.694336     130.186227       0.784378       0.013441
        7.766990       4.344033       1.144204       0.000000      88.556763     129.568527       0.784021       0.011806
