        0.065789       0.996956       0.003037       0.003037       0.000000       0.000000       0.000000       0.000000       0.000000       0.000000       0.000000       0.000000       0.000000       0.000000       0.000000       0.000000
        0.131579       0.992058       0.007948       0.007948       0.000000       0.000000       0.000000       0.000000       0.000000       0.000000       0.000000       0.000000       0.000000       0.000000       0.000000       0.000000
        0.197368       0.986595       0.013401       0.013401       0.000000       0.000000       0.000000       0.000000       0.000000       0.000000       0.000000       0.000000       0.000000       0.000000       0.000000       0.000000
        0.263158       0.981178       0.018821       0.018821       0.000000       0.000000       0.000000       0.000000       0.000000       0.000000       0.000000       0.000000       0.000000       0.000000       0.000000       0.000000
        0.328947       0.976067       0.023935       0.023935       0.000000       0.000000       0.000000       0.000000       0.000000       0.000000       0.000000       0.000000       0.000000       0.000000       0.000000       0.000000
        0.394737       0.971367       0.028627       0.028627       0.000000       0.000000       0.000000       0.000000       0.000000       0.000000       0.000000       0.000000       0.000000       0.000000       0.000000       0.000000
        0.460526       0.967125       0.032869       0.032869       0.000000       0.000000       0.000000       0.000000       0.000000       0.000000       0.000000       0.000000       0.000000       0.000000       0.000000       0.000000
        0.526316       0.963326       0.036677       0.036677       0.000000       0.000000       0.000000       0.000000       0.000000       0.000000       0.000000       0.000000       0.000000       0.000000       0.000000       0.000000
        0.592105       0.959908       0.040085       0.040085       0.000000       0.000000       0.000000       0.000000       0.000000       0.000000       0.000000       0.000000       0.000000       0.000000       0.000000       0.000000
        0.657895       0.956856       0.043139       0.043139       0.000000       0.000000       0.000000       0.000000       0.000000       0.000000       0.000000       0.000000       0.000000       0.000000       0.000000       0.000000
        0.723684       0.954109       0.045887       0.045887       0.000000       0.000000       0.000000       0.000000       0.000000       0.000000       0.000000       0.000000       0.000000       0.000000       0.000000       0.000000
        0.789474       0.950996       0.049001       0.048133       0.000868       0.000000       0.000000       0.000000       0.000000       0.000000       0.000000       0.000000       0.000000       0.000000       0.000000       0.000000
        0.855263       0.947533       0.052469       0.049905       0.002564       0.000000       0.000000       0.000000       0.000000       0.000000       0.000000       0.000000       0.000000       0.000000       0.000000       0.000000
        0.921053       0.944145       0.055863       0.051409       0.004454       0.000000       0.000000       0.000000       0.000000       0.000000       0.000000       0.000000       0.000000       0.000000       0.000000       0.000000
        0.986842       0.908638       0.072465       0.048970       0.004600       0.000000       0.000000       0.000000       0.000000       0.000000       0.000000       0.000000       0.000000       0.000000       0.018896       0.000000
        1.052632       0.860649       0.094064       0.044902       0.003862       0.000000       0.000000       0.000000       0.000000       0.000000       0.000000       0.000000       0.000000       0.000000       0.045301       0.000000
        1.118421       0.815239       0.114381       0.040931       0.003061       0.000000       0.000000       0.000000       0.000000       0.000000       0.000000       0.000000       0.000000       0.000000       0.070390       0.000000
        1.184211       0.773445       0.133009       0.037169       0.002283       0.000000       0.000000       0.000000       0.000000       0.000000       0.000000       0.000000       0.000000       0.000000       0.093560       0.000000
        1.250000       0.735405       0.149906       0.033643       0.001570       0.000000       0.000000       0.000000       0.000000       0.000000       0.000000       0.000000       0.000000       0.000000       0.114689       0.000000
        1.315789       0.700966       0.165178       0.030362       0.000950       0.000000       0.000000       0.000000       0.000000       0.000000       0.000000       0.000000       0.000000       0.000000       0.133870       0.000000
        1.381579       0.669853       0.178955       0.027322       0.000449       0.000000       0.000000       0.000000       0.000000       0.000000       0.000000       0.000000       0.000000       0.000000       0.151187       0.000000
        1.447368       0.641838       0.191381       0.024517       0.000098       0.000000       0.000000       0.000000       0.000000       0.000000       0.000000       0.000000       0.000000       0.000000       0.166765       0.000000
        1.513158       0.616676       0.202624       0.021932       0.000000       0.000000       0.000000       0.000000       0.000000       0.000000       0.000000       0.000000       0.000000       0.000000       0.180691       0.000000
        1.578947       0.594063       0.212750       0.019576       0.000000       0.000000       0.000000       0.000000       0.000000       0.000000       0.000000       0.000000       0.000000       0.000000       0.193176       0.000000
        1.644737       0.573753       0.221841       0.017445       0.000000       0.000000       0.000000       0.000000       0.000000       0.000000       0.000000       0.000000       0.000000       0.000000       0.204402       0.000000
        1.710526       0.555519       0.229994       0.015526       0.000000       0.000000       0.000000       0.000000       0.000000       0.000000       0.000000       0.000000       0.000000       0.000000       0.214469       0.000000
        1.776316       0.539192       0.237300       0.013803       0.000000       0.000000       0.000000       0.000000       0.000000       0.000000       0.000000       0.000000       0.000000       0.000000       0.223498       0.000000
        1.842105       0.524544       0.243851       0.012263       0.000000       0.000000       0.000000       0.000000       0.000000       0.000000       0.000000       0.000000       0.000000       0.000000       0.231595       0.000000
        1.907895       0.511223       0.249605       0.010889       0.000000       0.000000       0.000000       0.000000       0.000000       0.000000       0.000000       0.000000       0.000000       0.000471       0.238711       0.000000
        1.973684       0.495995       0.252976       0.009653       0.000000       0.000000       0.000000       0.000000       0.000000       0.000000       0.000000       0.000000       0.000000       0.007701       0.243322       0.000000
        2.039474       0.480797       0.255015       0.008553       0.000000       0.000000       0.000000       0.000000       0.000000       0.000000       0.000000       0.000000       0.000000       0.017744       0.246472       0.000000
        2.105263       0.466423       0.256269       0.007578       0.000000       0.000000       0.000000       0.000000       0.000000       0.000000       0.000000       0.000000       0.000000       0.028639       0.248684       0.000000
        2.171053       0.453148       0.256999       0.006719       0.000000       0.000000       0.000000       0.000000       0.000000       0.000000       0.000000       0.000000       0.000000       0.039574       0.250277       0.000000
        2.236842       0.441078       0.257386       0.005965       0.000000       0.000000       0.000000       0.000000       0.000000       0.000000       0.000000       0.000000       0.000000       0.050112       0.251425       0.000000
        2.302632       0.430183       0.257541       0.005302       0.000000       0.000000       0.000000       0.000000       0.000000       0.000000       0.000000       0.000000       0.000000       0.060042       0.252247       0.000000
        2.368421       0.420387       0.257533       0.004721       0.000000       0.000000       0.000000       0.000000       0.000000       0.000000       0.000000       0.000000       0.000000       0.069261       0.252819       0.000000
        2.434211       0.411613       0.257425       0.004212       0.000000       0.000000       0.000000       0.000000       0.000000       0.000000       0.000000       0.000000       0.000000       0.077744       0.253216       0.000000
        2.500000       0.403313       0.256637       0.003780       0.000000       0.000000       0.000000       0.000000       0.000000       0.000000       0.000000       0.000000       0.000872       0.085428       0.253736       0.000000
        2.565789       0.394402       0.253872       0.003443       0.000000       0.000000       0.000000       0.000000       0.000000       0.000000       0.000000       0.000000       0.004538       0.092222       0.254969       0.000000
        2.631579       0.385979       0.250586       0.003161       0.000000       0.000000       0.000000       0.000000       0.000000       0.000000       0.000000       0.000000       0.008903       0.098202       0.256319       0.000000
        2.697368       0.378288       0.247217       0.002920       0.000000       0.000000       0.000000       0.000000       0.000000       0.000000       0.000000       0.000000       0.013356       0.103467       0.257653       0.000000
        2.763158       0.371391       0.243967       0.002711       0.000000       0.000000       0.000000       0.000000       0.000000       0.000000       0.000000       0.000000       0.017652       0.108101       0.258915       0.000000
        2.828947       0.364082       0.240049       0.002510       0.000000       0.004445       0.000000       0.000000       0.000000       0.000000       0.000000       0.000000       0.021265       0.111342       0.258794       0.000000
        2.894737       0.356575       0.235723       0.002321       0.000000       0.012107       0.000000       0.000000       0.000000       0.000000       0.000000       0.000000       0.024301       0.113574       0.257714       0.000000
        2.960526       0.349327       0.231407       0.002150       0.000000       0.020903       0.000000       0.000000       0.000000       0.000000       0.000000       0.000000       0.026937       0.115207       0.256182       0.000000
        3.026316       0.342430       0.227182       0.001996       0.000000       0.030338       0.000000       0.000000       0.000000       0.000000       0.000000       0.000000       0.029225       0.116402       0.254422       0.000000
        3.092105       0.335854       0.223080       0.001857       0.000000       0.040153       0.000000       0.000000       0.000000       0.000000       0.000000       0.000000       0.031216       0.117228       0.252436       0.000000
        3.157895       0.329597       0.219104       0.001732       0.000000       0.050245       0.000000       0.000000       0.000000       0.000000       0.000000       0.000000       0.032948       0.117767       0.250327       0.000000
        3.223684       0.323616       0.215251       0.001620       0.000000       0.060522       0.000000       0.000000       0.000000       0.000000       0.000000       0.000000       0.034451       0.118053       0.248084       0.000000
        3.289474       0.317970       0.211563       0.001520       0.000000       0.070834       0.000000       0.000000       0.000000       0.000000       0.000000       0.000000       0.035732       0.118127       0.245786       0.000000
        3.355263       0.312569       0.207996       0.001429       0.000000       0.081212       0.000000       0.000000       0.000000       0.000000       0.000000       0.000001       0.036822       0.118006       0.243394       0.000000
        3.421053       0.307289       0.204329       0.001352       0.000000       0.091597       0.000000       0.000000       0.000000       0.000000       0.000000       0.000246       0.037667       0.117719       0.241129       0.000000
        3.486842       0.302269       0.200733       0.001285       0.000000       0.101887       0.000000       0.000000       0.000000       0.000000       0.000000       0.000597       0.038292       0.117277       0.238930       0.000000
        3.552631       0.297401       0.197194       0.001226       0.000000       0.112197       0.000000       0.000000       0.000000       0.000000       0.000000       0.000985       0.038789       0.116727       0.236721       0.000000
        3.618421       0.292778       0.193795       0.001173       0.000000       0.122394       0.000000       0.000000       0.000000       0.000000       0.000000       0.001366       0.039138       0.116054       0.234487       0.000000
        3.684211       0.288353       0.190522       0.001125       0.000000       0.132472       0.000000       0.000000       0.000000       0.000000       0.000000       0.001734       0.039387       0.115298       0.232235       0.000000
        3.750000       0.284065       0.187324       0.001082       0.000000       0.142532       0.000000       0.000000       0.000000       0.000000       0.000000       0.002089       0.039553       0.114475       0.229977       0.000000
        3.815789       0.280006       0.184287       0.001043       0.000000       0.152414       0.000000       0.000000       0.000000       0.000000       0.000000       0.002411       0.039625       0.113580       0.227702       0.000000
        3.881579       0.276039       0.181311       0.001008       0.000000       0.162245       0.000000       0.000000       0.000000       0.000000       0.000000       0.002718       0.039639       0.112626       0.225388       0.000000
        3.947368       0.272285       0.178486       0.000976       0.000000       0.171911       0.000000       0.000000       0.000000       0.000000       0.000000       0.002992       0.039585       0.111632       0.223093       0.000000
        4.013158       0.268654       0.175753       0.000947       0.000000       0.181476       0.000000       0.000000       0.000000       0.000000       0.000000       0.003246       0.039482       0.110593       0.220769       0.000000
        4.078948       0.265144       0.173098       0.000921       0.000000       0.190946       0.000000       0.000000       0.000000       0.000000       0.000000       0.003472       0.039325       0.109517       0.218451       0.000000
        4.144737       0.261803       0.170573       0.000896       0.000000       0.200224       0.000000       0.000000       0.000000       0.000000       0.000000       0.003679       0.039139       0.108435       0.216164       0.000000
        4.210526       0.258537       0.168125       0.000874       0.000000       0.209395       0.000000       0.000000       0.000000       0.000000       0.000000       0.003876       0.038928       0.107316       0.213816       0.000095
        4.276316       0.255287       0.168495       0.000799       0.000000       0.213362       0.000000       0.000000       0.000000       0.000000       0.000000       0.005872       0.041280       0.107276       0.208426       0.012301
        4.342105       0.252159       0.168950       0.000728       0.000000       0.216933       0.000000       0.000000       0.000000       0.000000       0.000000       0.008072       0.043606       0.107188       0.203099       0.024876
        4.407895       0.249184       0.169369       0.000664       0.000000       0.220378       0.000000       0.000000       0.000000       0.000000       0.000000       0.010312       0.045760       0.106996       0.197994       0.037077
        4.473684       0.246300       0.169678       0.000608       0.000000       0.223928       0.000000       0.000000       0.000000       0.000000       0.000000       0.012535       0.047735       0.106712       0.193141       0.048738
        4.539474       0.243523       0.169930       0.000557       0.000000       0.227518       0.000000       0.000000       0.000000       0.000000       0.000000       0.014716       0.049535       0.106318       0.188448       0.059885
        4.605263       0.240898       0.170165       0.000510       0.000000       0.231072       0.000000       0.000000       0.000000       0.000000       0.000000       0.016841       0.051193       0.105874       0.183988       0.070539
        4.671053       0.238350       0.170381       0.000468       0.000000       0.234601       0.000000       0.000000       0.000000       0.000000       0.000000       0.018937       0.052740       0.105358       0.179629       0.080893
        4.736842       0.235939       0.170593       0.000429       0.000000       0.238105       0.000000       0.000000       0.000000       0.000000       0.000000       0.020958       0.054156       0.104789       0.175447       0.090790
        4.802631       0.233620       0.170773       0.000394       0.000000       0.241657       0.000000       0.000000       0.000000       0.000000       0.000000       0.022912       0.055460       0.104181       0.171435       0.100248
        4.868421       0.231377       0.170934       0.000361       0.000000       0.245170       0.000000       0.000000       0.000000       0.000000       0.000000       0.024793       0.056651       0.103512       0.167523       0.109286
        4.934211       0.229256       0.171096       0.000331       0.000000       0.248660       0.000000       0.000000       0.000000       0.000000       0.000000       0.026597       0.057745       0.102825       0.163790       0.117920
        5.000000       0.227196       0.171262       0.000304       0.000000       0.252148       0.000000       0.000000       0.000000       0.000000       0.000000       0.028365       0.058773       0.102105       0.160132       0.126327
        5.065790       0.225212       0.171410       0.000278       0.000000       0.255625       0.000000       0.000000       0.000000       0.000000       0.000000       0.030057       0.059710       0.101357       0.156602       0.134357
        5.131579       0.223305       0.171550       0.000255       0.000000       0.259166       0.000000       0.000000       0.000000       0.000000       0.000000       0.031679       0.060565       0.100583       0.153183       0.142024
        5.197368       0.221458       0.171665       0.000234       0.000000       0.262602       0.000000       0.000000       0.000000       0.000000       0.000000       0.033222       0.061338       0.099789       0.149887       0.149343
        5.263158       0.219688       0.171813       0.000214       0.000000       0.266034       0.000000       0.000000       0.000000       0.000000       0.000000       0.034736       0.062070       0.098984       0.146664       0.156479
        5.328948       0.217964       0.171929       0.000196       0.000000       0.269529       0.000000       0.000000       0.000000       0.000000       0.000000       0.036177       0.062726       0.098160       0.143545       0.163288
        5.394737       0.216301       0.172040       0.000179       0.000000       0.272962       0.000000       0.000000       0.000000       0.000000       0.000000       0.037555       0.063323       0.097325       0.140523       0.169782
        5.460526       0.214699       0.172168       0.000163       0.000000       0.276300       0.000000       0.000000       0.000000       0.000000       0.000000       0.038899       0.063883       0.096492       0.137587       0.176120
        5.526316       0.213127       0.172278       0.000149       0.000000       0.279698       0.000000       0.000000       0.000000       0.000000       0.000000       0.040183       0.064380       0.095628       0.134702       0.182161
        5.592105       0.211617       0.172404       0.000136       0.000000       0.283044       0.000000       0.000000       0.000000       0.000000       0.000000       0.041435       0.064846       0.094772       0.131905       0.188060
        5.657895       0.210152       0.172540       0.000123       0.000000       0.286330       0.000000       0.000000       0.000000       0.000000       0.000000       0.042655       0.065281       0.093916       0.129176       0.193822
        5.723684       0.208717       0.172627       0.000112       0.000000       0.289669       0.000000       0.000000       0.000000       0.000000       0.000000       0.043787       0.065646       0.093050       0.126549       0.199171
        5.789474       0.207329       0.172755       0.000102       0.000000       0.292837       0.000000       0.000000       0.000000       0.000000       0.000000       0.044912       0.065994       0.092175       0.123947       0.204537
        5.855263       0.206017       0.172877       0.000092       0.000000       0.296091       0.000000       0.000000       0.000000       0.000000       0.000000       0.045965       0.066295       0.091321       0.121478       0.209508
        5.921053       0.204689       0.172959       0.000083       0.000000       0.299369       0.000000       0.000000       0.000000       0.000000       0.000000       0.046978       0.066554       0.090444       0.119033       0.214369
        5.986842       0.203423       0.173101       0.000075       0.000000       0.302424       0.000000       0.000000       0.000000       0.000000       0.000000       0.048011       0.066828       0.089593       0.116645       0.219257
        6.052631       0.202171       0.173197       0.000068       0.000000       0.305629       0.000000       0.000000       0.000000       0.000000       0.000000       0.048955       0.067028       0.088712       0.114307       0.223773
        6.118421       0.200951       0.173306       0.000061       0.000000       0.308754       0.000000       0.000000       0.000000       0.000000       0.000022       0.049884       0.067212       0.087835       0.112013       0.228193
        6.184211       0.199760       0.173409       0.000054       0.000000       0.311384       0.000000       0.000000       0.000000       0.000000       0.000607       0.050768       0.067364       0.086959       0.109780       0.231869
        6.250000       0.198555       0.173503       0.000048       0.000000       0.313811       0.000000       0.000000       0.000000       0.000000       0.001481       0.051633       0.067481       0.086045       0.107522       0.235210
        6.315790       0.197365       0.173584       0.000043       0.000000       0.316064       0.000000       0.000000       0.000000       0.000000       0.002512       0.052458       0.067567       0.085128       0.105311       0.238228
        6.381579       0.196205       0.173699       0.000038       0.000000       0.318190       0.000000       0.000000       0.000000       0.000000       0.003608       0.053301       0.067663       0.084225       0.103132       0.241183
        6.447368       0.195076       0.173797       0.000033       0.000000       0.320206       0.000000       0.000000       0.000000       0.000000       0.004800       0.054086       0.067719       0.083322       0.101019       0.243829
        6.513158       0.193977       0.173899       0.000029       0.000000       0.322103       0.000000       0.000000       0.000000       0.000000       0.006036       0.054845       0.067758       0.082428       0.098961       0.246298
        6.578948       0.192848       0.173964       0.000025       0.000000       0.324017       0.000000       0.000000       0.000000       0.000000       0.007376       0.055575       0.067763       0.081509       0.096899       0.248596
        6.644737       0.191780       0.174069       0.000022       0.000000       0.325796       0.000000       0.000000       0.000000       0.000000       0.008690       0.056308       0.067780       0.080625       0.094915       0.250848
        6.710526       0.190697       0.174155       0.000019       0.000000       0.327576       0.000000       0.000000       0.000000       0.000000       0.010087       0.057016       0.067767       0.079718       0.092927       0.252937
        6.776316       0.189659       0.174252       0.000016       0.000000       0.329273       0.000000       0.000000       0.000000       0.000000       0.011502       0.057698       0.067744       0.078832       0.091011       0.254866
        6.842105       0.188652       0.174332       0.000014       0.000000       0.330708       0.000000       0.000000       0.000000       0.000381       0.012745       0.058337       0.067702       0.077969       0.089176       0.256758
        6.907895       0.187691       0.174328       0.000012       0.000000       0.331777       0.000000       0.000000       0.000000       0.001247       0.013813       0.058840       0.067597       0.077141       0.087503       0.258266
        6.973684       0.186745       0.174320       0.000010       0.000000       0.332791       0.000000       0.000000       0.000000       0.002344       0.014835       0.059321       0.067480       0.076319       0.085865       0.259745
        7.039473       0.185829       0.174294       0.000009       0.000000       0.333642       0.000000       0.000000       0.000000       0.003546       0.015773       0.059756       0.067343       0.075518       0.084300       0.261082
        7.105263       0.184898       0.174229       0.000007       0.000000       0.334490       0.000000       0.000000       0.000000       0.004889       0.016744       0.060147       0.067174       0.074705       0.082755       0.262169
        7.171053       0.184059       0.174208       0.000006       0.000000       0.335158       0.000000       0.000000       0.000000       0.006218       0.017585       0.060520       0.067018       0.073944       0.081314       0.263347
        7.236842       0.183174       0.174153       0.000005       0.000000       0.335832       0.000000       0.000000       0.000000       0.007635       0.018406       0.060887       0.066844       0.073162       0.079851       0.264504
        7.302632       0.182381       0.174131       0.000004       0.000000       0.336436       0.000000       0.000000       0.000000       0.009077       0.019230       0.061213       0.066666       0.072421       0.078485       0.265530
        7.368421       0.181572       0.174102       0.000004       0.000000       0.336990       0.000000       0.000000       0.000000       0.010551       0.019998       0.061550       0.066494       0.071684       0.077129       0.266538
        7.434211       0.180763       0.174040       0.000003       0.000000       0.337531       0.000000       0.000000       0.000000       0.012059       0.020779       0.061832       0.066283       0.070936       0.075794       0.267420
        7.500000       0.180016       0.174018       0.000002       0.000000       0.337994       0.000000       0.000000       0.000000       0.013554       0.021510       0.062119       0.066093       0.070227       0.074525       0.268287
