   9.9999997764825821E-003   16790984624809.703        8.0398398146558248E-002   41.526769999999999     
   1.9999999552965164E-002   33619981086403.883        6.6745849081694744E-002   37.220329999999997     
   2.9999999329447746E-002   50474466637576.258        5.3946286634320426E-002   29.705970000000001     
   3.9999999105930328E-002   67356269484344.031        5.6195222557781130E-002   20.459810000000001     
   4.9999997019767761E-002   84266458709616.781        7.7292400291305782E-002   16.003240000000002     
   5.9999998658895493E-002   101205349841336.56       0.10785340366382291        14.379690000000000     
   7.0000000298023224E-002   118175407709544.88       0.14172439719162996        13.762330000000000     
   7.9999998211860657E-002   135177634579469.41       0.17479622463304736        13.507700000000000     
   8.9999996125698090E-002   152209550772694.97       0.20465905800055567        13.388150000000000     
   9.9999994039535522E-002   169275692467400.25       0.23048036352630677        13.318330000000000     
  0.10999999940395355        186377202988363.66       0.25243370172927743        13.265739999999999     
  0.11999999731779099        203516250198151.69       0.27090402658281493        13.218489999999999     
  0.12999999523162842        220696085890614.34       0.28692578233796240        13.170909999999999     
  0.14000000059604645        237919189744166.81       0.30176481464627075        13.119199999999999     
  0.14999999105930328        255170668839943.97       0.29940274860469540        13.127950000000000     
  0.15999999642372131        272405829572976.53       0.28638944954375661        13.172639999999999     
  0.17000000178813934        289612778395895.62       0.26937491536138269        13.222650000000000     
  0.17999999225139618        306800929177654.88       0.24917167402270221        13.273600000000000     
  0.18999999761581421        323962798337887.38       0.22750418924863355        13.325650000000000     
  0.19999998807907104        341119173599834.56       0.20756708385106068        13.379300000000001     
  0.20999999344348907        358270084660244.06       0.19387794032832570        13.424390000000001     
  0.21999999880790710        375427618095343.31       0.19144538595299029        13.433460000000000     
  0.22999998927116394        392601455044813.38       0.18742406173319037        13.425520000000001     
  0.23999999463558197        409804959045023.88       0.17854879725281642        13.344160000000000     
  0.25000000000000000        427055472996507.62       0.16685085997166110        13.099080000000001     
  0.25999999046325684        444359827151186.94       0.15686925120185174        12.590439999999999     
  0.26999998092651367        461727851132480.25       0.15469999485162800        11.802429999999999     
  0.28000000119209290        479187073825308.75       0.16519159215091930        10.923760000000000     
  0.28999999165534973        496736930991470.38       0.18941299955218857        10.218890000000000     
  0.29999998211860657        514388588608020.38       0.22030391565679816        9.8219600000000007     
  0.31000000238418579        532144689685485.19       0.25775740887363541        9.6003399999999992     
  0.31999999284744263        550010490548170.31       0.30237250504530450        9.4961199999999995     
  0.32999998331069946        568001136537294.38       0.35410079950491152        9.4768200000000000     
  0.34000000357627869        586123339117789.62       0.41259723279983035        9.5181500000000003     
  0.34999999403953552        604392124843885.12       0.47717529843431739        9.6012699999999995     
  0.35999998450279236        622821451186900.25       0.54695443610209293        9.7115500000000008     
  0.37000000476837158        641427057423003.25       0.62082768358436047        9.8377099999999995     
  0.37999999523162842        660213932605772.12       0.69661307288819585        9.9694900000000004     
  0.38999998569488525        679197519043900.75       0.77091445556612803        10.096900000000000     
  0.39999997615814209        698373599799245.88       0.84574084605737709        10.221140000000000     
  0.40999999642372131        717750252387124.00       0.92090928493459923        10.340719999999999     
  0.41999998688697815        737362697150055.88       0.99604677850647094        10.454380000000000     
  0.42999997735023499        757152728462965.12        1.0634204358578285        10.550960000000000     
  0.43999999761581421        777154556978958.00        1.1242667143349911        10.633419999999999     
  0.44999998807907104        797356066425059.38        1.1816367469645523        10.706619999999999     
  0.45999997854232788        817749238679447.50        1.2358673352492779        10.771559999999999     
  0.46999999880790710        838299209760571.50        1.2872122855059518        10.829000000000001     
  0.47999998927116394        859083903933839.75        1.3359512584262321        10.879740000000000     
  0.48999997973442078        880091798861226.75        1.3821866695782679        10.924289999999999     
  0.50000000000000000        901225845571942.38        1.4258244891170666        10.963010000000001     
  0.50999999046325684        922594615374802.12        1.4672497857950872        10.996600000000001     
  0.51999998092651367        944179993253838.50        1.5063024018254487        11.025300000000000     
  0.52999997138977051        965896511969781.12        1.5431512499351983        11.049580000000001     
  0.53999996185302734        987897644313647.62        1.5779810656701885        11.069850000000001     
  0.55000001192092896        1010053615498915.9        1.6109296194554583        11.086510000000001     
  0.56000000238418579        1032350171086791.9        1.6419259393776724        11.099780000000001     
  0.56999999284744263        1054939536604898.2        1.6712206857399772        11.110010000000001     
  0.57999998331069946        1077646620030046.4        1.6988407848173779        11.117440000000000     
  0.58999997377395630        1100607432465731.1        1.7249036779704565        11.122330000000000     
  0.59999996423721313        1123718272869724.4        1.7494470753090230        11.124890000000001     
  0.61000001430511475        1147056590359475.0        1.7726132162213990        11.125340000000000     
  0.62000000476837158        1170628324284480.2        1.7944665170526204        11.123840000000000     
  0.62999999523162842        1194306966500441.8        1.8149516388939375        11.120590000000000     
  0.63999998569488525        1218266302373658.8        1.8342911627535305        11.115729999999999     
  0.64999997615814209        1242394909707556.5        1.8475401898983279        11.111240000000000     
  0.65999996662139893        1266641828883446.0        1.8598783300003503        11.105960000000000     
  0.66999995708465576        1290936500429296.0        1.8715894515453879        11.099780000000001     
  0.68000000715255737        1315484069476752.8        1.8828106348621823        11.092630000000000     
  0.68999999761581421        1340211719600976.0        1.8935678088862542        11.084510000000000     
  0.69999998807907104        1365005534078602.5        1.9037551648760935        11.075519999999999     
  0.70999997854232788        1390009245167473.0        1.9134485694721179        11.065659999999999     
  0.71999996900558472        1415116538511581.0        1.9226590787224356        11.054959999999999     
  0.72999995946884155        1440413178317672.0        1.9313935245665044        11.043469999999999     
  0.74000000953674316        1465790830850909.8        1.9396809519389466        11.031200000000000     
  0.75000000000000000        1491280737089651.8        1.9475060249800868        11.018269999999999     
  0.75999999046325684        1517035538315985.8        1.9549237839278193        11.004619999999999     
  0.76999998092651367        1542905325348592.5        1.9619219558899950        10.990390000000000     
  0.77999997138977051        1569066378080560.5        1.9685673174168254        10.975460000000000     
  0.78999996185302734        1595129787906788.2        1.9747674225249938        10.960150000000001     
  0.79999995231628418        1621525563730900.2        1.9806361551718432        10.944250000000000     
  0.81000000238418579        1648159032321905.2        1.9861642233071246        10.927840000000000     
  0.81999999284744263        1674810200174413.2        1.9913291632452566        10.911090000000000     
  0.82999998331069946        1701582055608711.8        1.9961505463228379        10.894010000000000     
  0.83999997377395630        1728617974521672.5        2.0006933983541790        10.876450000000000     
  0.84999996423721313        1755853218003771.8        2.0049283592053109        10.858610000000001     
  0.85999995470046997        1783252625105984.0        2.0088696885780242        10.840500000000000     
  0.87000000476837158        1810718434135579.2        2.0125300170665530        10.822150000000001     
  0.87999999523162842        1838326193618166.8        2.0159276766047247        10.803570000000001     
  0.88999998569488525        1866104768792303.8        2.0190739548812302        10.784780000000000     
  0.89999997615814209        1894182212033159.2        2.0219890281245028        10.765739999999999     
  0.90999996662139893        1922208576868336.0        2.0246410563463755        10.746760000000000     
  0.91999995708465576        1950604369242261.0        2.0271074078939253        10.727370000000001     
  0.93000000715255737        1979169789437837.5        2.0293560695683945        10.707900000000000     
  0.93999999761581421        2007712758892313.0        2.0313693822419627        10.688660000000000     
  0.94999998807907104        2036670413728708.8        2.0332028597577803        10.669200000000000     
  0.95999997854232788        2065645886613597.8        2.0348396001152218        10.649820000000000     
  0.96999996900558472        2094845629335514.8        2.0362976619882538        10.630420000000001     
  0.97999995946884155        2124111892771804.8        2.0375857929323473        10.611050000000001     
  0.98999994993209839        2153418068636718.8        2.0387093810432746        10.591720000000000     
   1.0000000000000000        2183132396599105.8        2.0396852565099204        10.572290000000001     
   1.0099999904632568        2212822729589522.8        2.0405083797310084        10.553000000000001     
   1.0199999809265137        2242891755503904.8        2.0411964264105684        10.533609999999999     
   1.0299999713897705        2273012572545906.0        2.0417475635979372        10.514300000000000     
   1.0399999618530273        2303427268601047.0        2.0421691119794514        10.495089999999999     
   1.0499999523162842        2333659032691662.5        2.0424637622476776        10.476240000000001     
   1.0599999427795410        2364563606293363.5        2.0426452350709825        10.457310000000000     
   1.0699999332427979        2395295701185655.5        2.0427149215505240        10.438599999999999     
   1.0799999237060547        2426454954093812.5        2.0426793274911539        10.419919999999999     
   1.0900000333786011        2457375207578187.0        2.0425434355939918        10.401420000000000     
   1.1000000238418579        2488693872626859.0        2.0423109029740929        10.382930000000000     
   1.1100000143051147        2520218039168147.0        2.0419848573206494        10.364459999999999     
   1.1200000047683716        2551618429665905.5        2.0415761219279185        10.346330000000000     
   1.1299999952316284        2583479951258656.0        2.0410766053498088        10.328010000000001     
   1.1399999856948853        2615195602427746.0        2.0405016559565974        10.309960000000000     
