        0.065789       0.996956       0.003037       0.003037       0.000000       0.000000       0.000000       0.000000       0.000000       0.000000       0.000000       0.000000       0.000000       0.000000       0.000000       0.000000
        0.131579       0.992058       0.007948       0.007948       0.000000       0.000000       0.000000       0.000000       0.000000       0.000000       0.000000       0.000000       0.000000       0.000000       0.000000       0.000000
        0.197368       0.986595       0.013401       0.013401       0.000000       0.000000       0.000000       0.000000       0.000000       0.000000       0.000000       0.000000       0.000000       0.000000       0.000000       0.000000
        0.263158       0.981178       0.018821       0.018821       0.000000       0.000000       0.000000       0.000000       0.000000       0.000000       0.000000       0.000000       0.000000       0.000000       0.000000       0.000000
        0.328947       0.976067       0.023935       0.023935       0.000000       0.000000       0.000000       0.000000       0.000000       0.000000       0.000000       0.000000       0.000000       0.000000       0.000000       0.000000
        0.394737       0.971367       0.028627       0.028627       0.000000       0.000000       0.000000       0.000000       0.000000       0.000000       0.000000       0.000000       0.000000       0.000000       0.000000       0.000000
        0.460526       0.967125       0.032869       0.032869       0.000000       0.000000       0.000000       0.000000       0.000000       0.000000       0.000000       0.000000       0.000000       0.000000       0.000000       0.000000
        0.526316       0.963326       0.036677       0.036677       0.000000       0.000000       0.000000       0.000000       0.000000       0.000000       0.000000       0.000000       0.000000       0.000000       0.000000       0.000000
        0.592105       0.959908       0.040085       0.040085       0.000000       0.000000       0.000000       0.000000       0.000000       0.000000       0.000000       0.000000       0.000000       0.000000       0.000000       0.000000
        0.657895       0.956856       0.043139       0.043139       0.000000       0.000000       0.000000       0.000000       0.000000       0.000000       0.000000       0.000000       0.000000       0.000000       0.000000       0.000000
        0.723684       0.954109       0.045887       0.045887       0.000000       0.000000       0.000000       0.000000       0.000000       0.000000       0.000000       0.000000       0.000000       0.000000       0.000000       0.000000
        0.789474       0.950996       0.049001       0.048133       0.000868       0.000000       0.000000       0.000000       0.000000       0.000000       0.000000       0.000000       0.000000       0.000000       0.000000       0.000000
        0.855263       0.947533       0.052469       0.049905       0.002564       0.000000       0.000000       0.000000       0.000000       0.000000       0.000000       0.000000       0.000000       0.000000       0.000000       0.000000
        0.921053       0.944145       0.055863       0.051409       0.004454       0.000000       0.000000       0.000000       0.000000       0.000000       0.000000       0.000000       0.000000       0.000000       0.000000       0.000000
        0.986842       0.940895       0.059107       0.052722       0.006384       0.000000       0.000000       0.000000       0.000000       0.000000       0.000000       0.000000       0.000000       0.000000       0.000000       0.000000
        1.052632       0.937813       0.062182       0.053893       0.008290       0.000000       0.000000       0.000000       0.000000       0.000000       0.000000       0.000000       0.000000       0.000000       0.000000       0.000000
        1.118421       0.934898       0.065099       0.054955       0.010143       0.000000       0.000000       0.000000       0.000000       0.000000       0.000000       0.000000       0.000000       0.000000       0.000000       0.000000
        1.184211       0.932137       0.067869       0.055935       0.011934       0.000000       0.000000       0.000000       0.000000       0.000000       0.000000       0.000000       0.000000       0.000000       0.000000       0.000000
        1.250000       0.929497       0.070503       0.056845       0.013657       0.000000       0.000000       0.000000       0.000000       0.000000       0.000000       0.000000       0.000000       0.000000       0.000000       0.000000
        1.315789       0.926979       0.073017       0.057703       0.015314       0.000000       0.000000       0.000000       0.000000       0.000000       0.000000       0.000000       0.000000       0.000000       0.000000       0.000000
        1.381579       0.924568       0.075424       0.058517       0.016907       0.000000       0.000000       0.000000       0.000000       0.000000       0.000000       0.000000       0.000000       0.000000       0.000000       0.000000
        1.447368       0.922264       0.077734       0.059294       0.018440       0.000000       0.000000       0.000000       0.000000       0.000000       0.000000       0.000000       0.000000       0.000000       0.000000       0.000000
        1.513158       0.920052       0.079954       0.060039       0.019915       0.000000       0.000000       0.000000       0.000000       0.000000       0.000000       0.000000       0.000000       0.000000       0.000000       0.000000
        1.578947       0.917915       0.082086       0.060754       0.021333       0.000000       0.000000       0.000000       0.000000       0.000000       0.000000       0.000000       0.000000       0.000000       0.000000       0.000000
        1.644737       0.915855       0.084136       0.061440       0.022697       0.000000       0.000000       0.000000       0.000000       0.000000       0.000000       0.000000       0.000000       0.000000       0.000000       0.000000
        1.710526       0.913887       0.086113       0.062102       0.024012       0.000000       0.000000       0.000000       0.000000       0.000000       0.000000       0.000000       0.000000       0.000000       0.000000       0.000000
        1.776316       0.911980       0.088013       0.062737       0.025276       0.000000       0.000000       0.000000       0.000000       0.000000       0.000000       0.000000       0.000000       0.000000       0.000000       0.000000
        1.842105       0.910164       0.089841       0.063349       0.026493       0.000000       0.000000       0.000000       0.000000       0.000000       0.000000       0.000000       0.000000       0.000000       0.000000       0.000000
        1.907895       0.908409       0.091597       0.063934       0.027662       0.000000       0.000000       0.000000       0.000000       0.000000       0.000000       0.000000       0.000000       0.000000       0.000000       0.000000
        1.973684       0.906715       0.093279       0.064493       0.028786       0.000000       0.000000       0.000000       0.000000       0.000000       0.000000       0.000000       0.000000       0.000000       0.000000       0.000000
        2.039474       0.905098       0.094895       0.065029       0.029866       0.000000       0.000000       0.000000       0.000000       0.000000       0.000000       0.000000       0.000000       0.000000       0.000000       0.000000
        2.105263       0.903252       0.096544       0.065485       0.030861       0.000000       0.000000       0.000000       0.000000       0.000000       0.000000       0.000000       0.000000       0.000000       0.000199       0.000000
        2.171053       0.884773       0.102963       0.062914       0.029470       0.001678       0.000000       0.000000       0.000000       0.000000       0.000000       0.000000       0.000000       0.000000       0.010579       0.000000
        2.236842       0.860909       0.108456       0.059676       0.027528       0.009375       0.000000       0.000000       0.000000       0.000000       0.000000       0.000000       0.000000       0.000000       0.021254       0.000000
        2.302632       0.836693       0.113342       0.056415       0.025543       0.018584       0.000000       0.000000       0.000000       0.000000       0.000000       0.000000       0.000000       0.000000       0.031383       0.000000
        2.368421       0.812950       0.117717       0.053248       0.023610       0.028472       0.000000       0.000000       0.000000       0.000000       0.000000       0.000000       0.000000       0.000000       0.040860       0.000000
        2.434211       0.789970       0.121626       0.050217       0.021762       0.038740       0.000000       0.000000       0.000000       0.000000       0.000000       0.000000       0.000000       0.000000       0.049648       0.000000
        2.500000       0.767937       0.125103       0.047340       0.020017       0.049215       0.000000       0.000000       0.000000       0.000000       0.000000       0.000000       0.000000       0.000000       0.057745       0.000000
        2.565789       0.746803       0.128184       0.044622       0.018379       0.059829       0.000000       0.000000       0.000000       0.000000       0.000000       0.000000       0.000000       0.000000       0.065187       0.000000
        2.631579       0.726616       0.130901       0.042063       0.016851       0.070501       0.000000       0.000000       0.000000       0.000000       0.000000       0.000000       0.000000       0.000000       0.071985       0.000000
        2.697368       0.708046       0.134897       0.039364       0.015214       0.080145       0.000000       0.000000       0.000000       0.000000       0.000000       0.000000       0.000000       0.000000       0.076895       0.003424
        2.763158       0.693016       0.144720       0.035775       0.012941       0.085884       0.000000       0.000000       0.000000       0.000000       0.000000       0.000000       0.000000       0.000000       0.076393       0.019618
        2.828947       0.678749       0.153863       0.032530       0.010941       0.091766       0.000000       0.000000       0.000000       0.000000       0.000000       0.000000       0.000000       0.000000       0.075615       0.034776
        2.894737       0.665169       0.162378       0.029595       0.009185       0.097804       0.000000       0.000000       0.000000       0.000000       0.000000       0.000000       0.000000       0.000000       0.074627       0.048967
        2.960526       0.652214       0.170176       0.026959       0.007660       0.104040       0.000000       0.000000       0.000000       0.000000       0.000000       0.000000       0.000000       0.000000       0.073567       0.061985
        3.026316       0.639900       0.177565       0.024554       0.006317       0.110289       0.000000       0.000000       0.000000       0.000000       0.000000       0.000000       0.000000       0.000000       0.072254       0.074436
        3.092105       0.628105       0.184302       0.022393       0.005159       0.116667       0.000000       0.000000       0.000000       0.000000       0.000000       0.000000       0.000000       0.000000       0.070906       0.085839
        3.157895       0.616829       0.190576       0.020434       0.004155       0.123118       0.000000       0.000000       0.000000       0.000000       0.000000       0.000000       0.000000       0.000000       0.069473       0.096512
        3.223684       0.606010       0.196412       0.018657       0.003288       0.129613       0.000000       0.000000       0.000000       0.000000       0.000000       0.000000       0.000000       0.000000       0.067966       0.106500
        3.289474       0.595665       0.201837       0.017046       0.002546       0.136110       0.000000       0.000000       0.000000       0.000000       0.000000       0.000000       0.000000       0.000000       0.066397       0.115845
        3.355263       0.585747       0.206997       0.015571       0.001910       0.142547       0.000000       0.000000       0.000000       0.000000       0.000000       0.000000       0.000000       0.000000       0.064688       0.124823
        3.421053       0.576241       0.211802       0.014232       0.001376       0.148978       0.000000       0.000000       0.000000       0.000000       0.000000       0.000000       0.000000       0.000000       0.062974       0.133221
        3.486842       0.567070       0.216274       0.013015       0.000934       0.155415       0.000000       0.000000       0.000000       0.000000       0.000000       0.000000       0.000000       0.000000       0.061255       0.141072
        3.552631       0.558250       0.220427       0.011909       0.000578       0.161810       0.000000       0.000000       0.000000       0.000000       0.000000       0.000000       0.000000       0.000000       0.059527       0.148406
        3.618421       0.549767       0.224398       0.010894       0.000300       0.168127       0.000000       0.000000       0.000000       0.000000       0.000000       0.000000       0.000000       0.000000       0.057733       0.155473
        3.684211       0.541557       0.228097       0.009969       0.000103       0.174415       0.000000       0.000000       0.000000       0.000000       0.000000       0.000000       0.000000       0.000000       0.055948       0.162070
        3.750000       0.533653       0.231655       0.009118       0.000000       0.180604       0.000000       0.000000       0.000000       0.000000       0.000000       0.000000       0.000000       0.000000       0.054099       0.168436
        3.815789       0.526024       0.234977       0.008341       0.000000       0.186739       0.000000       0.000000       0.000000       0.000000       0.000000       0.000000       0.000000       0.000000       0.052265       0.174371
        3.881579       0.518608       0.238036       0.007636       0.000000       0.192861       0.000000       0.000000       0.000000       0.000000       0.000000       0.000000       0.000000       0.000000       0.050508       0.179899
        3.947368       0.511467       0.241079       0.006981       0.000000       0.198793       0.000000       0.000000       0.000000       0.000000       0.000000       0.000000       0.000000       0.000000       0.048654       0.185445
        4.013158       0.504509       0.243767       0.006393       0.000000       0.204764       0.000000       0.000000       0.000000       0.000000       0.000000       0.000000       0.000000       0.000000       0.046971       0.190410
        4.078948       0.497765       0.246453       0.005844       0.000000       0.210565       0.000000       0.000000       0.000000       0.000000       0.000000       0.000000       0.000000       0.000000       0.045199       0.195411
        4.144737       0.491249       0.248925       0.005347       0.000000       0.216317       0.000000       0.000000       0.000000       0.000000       0.000000       0.000000       0.000000       0.000000       0.043523       0.200060
        4.210526       0.484917       0.251295       0.004889       0.000000       0.221937       0.000000       0.000000       0.000000       0.000000       0.000000       0.000000       0.000000       0.000000       0.041838       0.204563
        4.276316       0.478706       0.253459       0.004472       0.000000       0.227567       0.000000       0.000000       0.000000       0.000000       0.000000       0.000000       0.000000       0.000000       0.040244       0.208740
        4.342105       0.472710       0.255547       0.004088       0.000000       0.233076       0.000000       0.000000       0.000000       0.000000       0.000000       0.000000       0.000000       0.000000       0.038668       0.212791
        4.407895       0.466881       0.257549       0.003734       0.000000       0.238463       0.000000       0.000000       0.000000       0.000000       0.000000       0.000000       0.000000       0.000000       0.037091       0.216720
        4.473684       0.461250       0.259494       0.003409       0.000000       0.243734       0.000000       0.000000       0.000000       0.000000       0.000000       0.000000       0.000000       0.000000       0.035546       0.220534
        4.539474       0.455696       0.261244       0.003112       0.000000       0.248982       0.000000       0.000000       0.000000       0.000000       0.000000       0.000000       0.000000       0.000000       0.034074       0.224061
        4.605263       0.450279       0.262939       0.002838       0.000000       0.254156       0.000000       0.000000       0.000000       0.000000       0.000000       0.000000       0.000000       0.000000       0.032610       0.227487
        4.671053       0.445030       0.264578       0.002586       0.000000       0.259220       0.000000       0.000000       0.000000       0.000000       0.000000       0.000000       0.000000       0.000000       0.031180       0.230816
        4.736842       0.439934       0.266173       0.002353       0.000000       0.264145       0.000000       0.000000       0.000000       0.000000       0.000000       0.000000       0.000000       0.000000       0.029761       0.234053
        4.802631       0.434883       0.267591       0.002142       0.000000       0.269088       0.000000       0.000000       0.000000       0.000000       0.000000       0.000000       0.000000       0.000000       0.028411       0.237034
        4.868421       0.430031       0.268979       0.001948       0.000000       0.273904       0.000000       0.000000       0.000000       0.000000       0.000000       0.000000       0.000000       0.000000       0.027098       0.239934
        4.934211       0.425224       0.270316       0.001767       0.000000       0.278661       0.000000       0.000000       0.000000       0.000000       0.000000       0.000000       0.000000       0.000000       0.025789       0.242757
        5.000000       0.420555       0.271617       0.001602       0.000000       0.283303       0.000000       0.000000       0.000000       0.000000       0.000000       0.000000       0.000000       0.000000       0.024510       0.245506
        5.065790       0.416008       0.272787       0.001452       0.000000       0.287909       0.000000       0.000000       0.000000       0.000000       0.000000       0.000000       0.000000       0.000000       0.023306       0.248025
        5.131579       0.411522       0.274004       0.001312       0.000000       0.292385       0.000000       0.000000       0.000000       0.000000       0.000000       0.000000       0.000000       0.000000       0.022062       0.250635
        5.197368       0.407188       0.275115       0.001185       0.000000       0.296821       0.000000       0.000000       0.000000       0.000000       0.000000       0.000000       0.000000       0.000000       0.020900       0.253026
        5.263158       0.402870       0.276166       0.001068       0.000000       0.301194       0.000000       0.000000       0.000000       0.000000       0.000000       0.000000       0.000000       0.000000       0.019745       0.255356
        5.328948       0.398705       0.277220       0.000961       0.000000       0.305448       0.000000       0.000000       0.000000       0.000000       0.000000       0.000000       0.000000       0.000000       0.018625       0.257629
        5.394737       0.394569       0.278129       0.000863       0.000000       0.309710       0.000000       0.000000       0.000000       0.000000       0.000000       0.000000       0.000000       0.000000       0.017567       0.259697
        5.460526       0.390541       0.279126       0.000773       0.000000       0.313869       0.000000       0.000000       0.000000       0.000000       0.000000       0.000000       0.000000       0.000000       0.016492       0.261863
        5.526316       0.386574       0.279996       0.000691       0.000000       0.317956       0.000000       0.000000       0.000000       0.000000       0.000000       0.000000       0.000000       0.000000       0.015467       0.263832
        5.592105       0.382683       0.280851       0.000616       0.000000       0.321991       0.000000       0.000000       0.000000       0.000000       0.000000       0.000000       0.000000       0.000000       0.014478       0.265754
        5.657895       0.378868       0.281684       0.000548       0.000000       0.325936       0.000000       0.000000       0.000000       0.000000       0.000000       0.000000       0.000000       0.000000       0.013504       0.267632
        5.723684       0.375130       0.282407       0.000487       0.000000       0.329876       0.000000       0.000000       0.000000       0.000000       0.000000       0.000000       0.000000       0.000000       0.012597       0.269326
        5.789474       0.371468       0.283222       0.000430       0.000000       0.333659       0.000000       0.000000       0.000000       0.000000       0.000000       0.000000       0.000000       0.000000       0.011666       0.271121
        5.855263       0.367821       0.284005       0.000378       0.000000       0.337398       0.000000       0.000000       0.000000       0.000000       0.000000       0.000000       0.000000       0.000000       0.010750       0.272875
        5.921053       0.364265       0.284695       0.000332       0.000000       0.341129       0.000000       0.000000       0.000000       0.000000       0.000000       0.000000       0.000000       0.000000       0.009904       0.274455
        5.986842       0.360771       0.285373       0.000291       0.000000       0.344794       0.000000       0.000000       0.000000       0.000000       0.000000       0.000000       0.000000       0.000000       0.009085       0.276000
        6.052631       0.357307       0.286044       0.000253       0.000000       0.348387       0.000000       0.000000       0.000000       0.000000       0.000000       0.000000       0.000000       0.000000       0.008277       0.277511
        6.118421       0.353905       0.286695       0.000219       0.000000       0.351884       0.000000       0.000000       0.000000       0.000000       0.000000       0.000000       0.000000       0.000000       0.007492       0.278990
        6.184211       0.350578       0.287363       0.000188       0.000000       0.355326       0.000000       0.000000       0.000000       0.000000       0.000000       0.000000       0.000000       0.000000       0.006740       0.280437
        6.250000       0.347252       0.287920       0.000161       0.000000       0.358784       0.000000       0.000000       0.000000       0.000000       0.000000       0.000000       0.000000       0.000000       0.006030       0.281725
        6.315790       0.344002       0.288571       0.000137       0.000000       0.362087       0.000000       0.000000       0.000000       0.000000       0.000000       0.000000       0.000000       0.000000       0.005318       0.283114
        6.381579       0.340767       0.289131       0.000115       0.000000       0.365442       0.000000       0.000000       0.000000       0.000000       0.000000       0.000000       0.000000       0.000000       0.004662       0.284348
        6.447368       0.337578       0.289687       0.000096       0.000000       0.368721       0.000000       0.000000       0.000000       0.000000       0.000000       0.000000       0.000000       0.000000       0.004031       0.285557
        6.513158       0.334435       0.290250       0.000080       0.000000       0.371889       0.000000       0.000000       0.000000       0.000000       0.000000       0.000000       0.000000       0.000000       0.003426       0.286742
        6.578948       0.331306       0.290721       0.000065       0.000000       0.375118       0.000000       0.000000       0.000000       0.000000       0.000000       0.000000       0.000000       0.000000       0.002874       0.287781
        6.644737       0.328194       0.291290       0.000053       0.000000       0.378194       0.000000       0.000000       0.000000       0.000000       0.000000       0.000000       0.000000       0.000000       0.002319       0.288920
        6.710526       0.325111       0.291778       0.000042       0.000000       0.381274       0.000000       0.000000       0.000000       0.000000       0.000000       0.000000       0.000000       0.000000       0.001824       0.289917
        6.776316       0.322075       0.292290       0.000033       0.000000       0.384284       0.000000       0.000000       0.000000       0.000000       0.000000       0.000000       0.000000       0.000000       0.001360       0.290895
        6.842105       0.319008       0.292809       0.000025       0.000000       0.387238       0.000000       0.000000       0.000000       0.000000       0.000000       0.000000       0.000000       0.000000       0.000933       0.291854
        6.907895       0.315987       0.293265       0.000018       0.000000       0.390166       0.000000       0.000000       0.000000       0.000000       0.000000       0.000000       0.000000       0.000000       0.000569       0.292678
        6.973684       0.312920       0.293760       0.000013       0.000000       0.393071       0.000000       0.000000       0.000000       0.000000       0.000000       0.000000       0.000000       0.000000       0.000258       0.293487
        7.039473       0.309837       0.294326       0.000009       0.000000       0.395829       0.000000       0.000000       0.000000       0.000000       0.000000       0.000000       0.000000       0.000000       0.000032       0.294281
        7.105263       0.306541       0.294841       0.000006       0.000000       0.398614       0.000000       0.000000       0.000000       0.000000       0.000000       0.000000       0.000000       0.000000       0.000000       0.294834
        7.171053       0.303322       0.295270       0.000003       0.000000       0.401428       0.000000       0.000000       0.000000       0.000000       0.000000       0.000000       0.000000       0.000000       0.000000       0.295265
        7.236842       0.300102       0.295800       0.000002       0.000000       0.404083       0.000000       0.000000       0.000000       0.000000       0.000000       0.000000       0.000000       0.000000       0.000000       0.295799
        7.302632       0.296959       0.296326       0.000001       0.000000       0.406718       0.000000       0.000000       0.000000       0.000000       0.000000       0.000000       0.000000       0.000000       0.000000       0.296323
        7.368421       0.293861       0.296835       0.000000       0.000000       0.409290       0.000000       0.000000       0.000000       0.000000       0.000000       0.000000       0.000000       0.000000       0.000000       0.296838
        7.434211       0.290871       0.297154       0.000000       0.000000       0.411664       0.000000       0.000000       0.000000       0.000178       0.000000       0.000148       0.000000       0.000000       0.000000       0.297452
        7.500000       0.288200       0.296666       0.000000       0.000000       0.413036       0.000000       0.000000       0.000000       0.001193       0.000000       0.000905       0.000001       0.000000       0.000000       0.298483
