   9.9999997764825821E-003   16790984624809.703        8.0398390442855877E-002   41.526769999999999     
   1.9999999552965164E-002   33619981086403.883        6.6745841672468428E-002   37.220329999999997     
   2.9999999329447746E-002   50474466637576.258        5.3946273877599059E-002   29.705960000000001     
   3.9999999105930328E-002   67356269484344.031        5.6195216893367948E-002   20.459810000000001     
   4.9999997019767761E-002   84266458709616.781        7.7292397283433359E-002   16.003240000000002     
   5.9999998658895493E-002   101205349841336.56       0.10785339450584012        14.379690000000000     
   7.0000000298023224E-002   118175407709544.88       0.14172439303820691        13.762330000000000     
   7.9999998211860657E-002   135177634579469.41       0.17479622134194511        13.507700000000000     
   8.9999996125698090E-002   152209565621068.69       0.20465832205712930        13.388159999999999     
   9.9999994039535522E-002   169275692467400.25       0.23048011679764488        13.318330000000000     
  0.10999999940395355        186377202988363.66       0.25243348077438726        13.265739999999999     
  0.11999999731779099        203516250198151.69       0.27090382601360435        13.218489999999999     
  0.12999999523162842        220696085890614.34       0.28692559835908038        13.170909999999999     
  0.14000000059604645        237919189744166.81       0.30176381901009958        13.119199999999999     
  0.14999999105930328        255190565660760.88       0.31641611637965067        13.060940000000000     
  0.15999999642372131        272515291784216.81       0.33175505278794748        12.994590000000001     
  0.17000000178813934        289904222275741.62       0.34860835043964949        12.919770000000000     
  0.17999999225139618        307364187387257.38       0.36778018142513175        12.837809999999999     
  0.18999999761581421        324896493775653.62       0.39004291013842607        12.751989999999999     
  0.19999998807907104        342515128608997.06       0.41613675772178638        12.667050000000000     
  0.20999999344348907        360227219106684.88       0.44667623848361471        12.588480000000001     
  0.21999999880790710        378046306985571.50       0.48211763276069591        12.521369999999999     
  0.22999998927116394        395978539472386.94       0.52268715674453436        12.469500000000000     
  0.23999999463558197        414027747447557.12       0.56837402615086530        12.434839999999999     
  0.25000000000000000        432205067191389.94       0.61896975165167978        12.417479999999999     
  0.25999999046325684        450531227033632.06       0.67411833639391328        12.416090000000001     
  0.26999998092651367        469000733075998.12       0.73323575477634451        12.428350000000000     
  0.28000000119209290        487635204550659.25       0.79573364754529763        12.451480000000000     
  0.28999999165534973        506432948743008.88       0.86088310479685859        12.482590000000000     
  0.29999998211860657        525398895313129.62       0.92796259959310368        12.518940000000001     
  0.31000000238418579        544554366525718.12       0.99632105236055368        12.558170000000000     
  0.31999999284744263        563903579318917.38        1.0649341440932611        12.598039999999999     
  0.32999998331069946        583424617493081.75        1.1140207598518268        12.625629999999999     
  0.34000000357627869        603082379492680.00        1.1532358212045812        12.645670000000001     
  0.34999999403953552        622851979443317.62        1.1896631852560431        12.661680000000000     
  0.35999998450279236        642743514239140.62        1.2245250721955141        12.674040000000000     
  0.37000000476837158        662763517164596.12        1.2582763971808517        12.682869999999999     
  0.37999999523162842        682897614993899.88        1.2910651478512947        12.688250000000000     
  0.38999998569488525        703174257211145.62        1.3230229471456534        12.690289999999999     
  0.39999997615814209        723573309421536.38        1.3541770982601187        12.689120000000001     
  0.40999999642372131        744086218961795.50        1.3821163621671819        12.685290000000000     
  0.41999998688697815        764737931099813.00        1.4009575641477860        12.680910000000001     
  0.42999997735023499        785444879188157.88        1.4199556453250404        12.674469999999999     
  0.43999999761581421        806268535494130.25        1.4390176099352971        12.665690000000000     
  0.44999998807907104        827195358300875.50        1.4581239437438345        12.654400000000001     
  0.45999997854232788        848239899014662.50        1.4769351439268783        12.640760000000000     
  0.46999999880790710        869362720354827.62        1.4956277780198808        12.624639999999999     
  0.47999998927116394        890634975728351.88        1.5140499426661649        12.606240000000000     
  0.48999997973442078        912033739246174.25        1.5321430308770314        12.585720000000000     
  0.50000000000000000        933534659575355.12        1.5498692276366755        12.563240000000000     
  0.50999999046325684        955180381245286.62        1.5671797850622589        12.539030000000000     
  0.51999998092651367        976949581991273.00        1.5840652163386941        12.513230000000000     
  0.52999997138977051        998863168323545.25        1.6005401673940489        12.485989999999999     
  0.53999996185302734        1020880099337075.2        1.6165809085654221        12.457470000000001     
  0.55000001192092896        1043067252107205.9        1.6321648127138195        12.427849999999999     
  0.56000000238418579        1065380675447654.9        1.6473008461351271        12.397259999999999     
  0.56999999284744263        1087853867289588.6        1.6619681562621256        12.365860000000000     
  0.57999998331069946        1110442638872745.2        1.6761842766552713        12.333729999999999     
  0.58999997377395630        1133199850407653.0        1.6899588940600430        12.300940000000001     
  0.59999996423721313        1156104476597090.5        1.7032172688229525        12.267790000000000     
  0.61000001430511475        1179147370842831.8        1.7160450052385940        12.234159999999999     
  0.62000000476837158        1202367138916610.8        1.7283919422651135        12.200270000000000     
  0.62999999523162842        1225724818685723.2        1.7402862660141858        12.166140000000000     
  0.63999998569488525        1249201404231777.2        1.7517221794307045        12.131850000000000     
  0.64999997615814209        1272885629436266.5        1.7627463158571195        12.097340000000001     
  0.65999996662139893        1296708479058029.2        1.7733164964983044        12.062830000000000     
  0.66999995708465576        1320679812417231.2        1.7834734552846485        12.028250000000000     
  0.68000000715255737        1344785731436048.5        1.7931787432667348        11.993800000000000     
  0.68999999761581421        1369054032270129.2        1.8025094661569010        11.959280000000000     
  0.69999998807907104        1393522251608298.5        1.8114550531404225        11.924790000000000     
  0.70999997854232788        1418141805571665.8        1.8199982253254614        11.890459999999999     
  0.71999996900558472        1442863397559401.5        1.8281490170918393        11.856320000000000     
  0.72999995946884155        1467804032756607.8        1.8359721571432894        11.822160000000000     
  0.74000000953674316        1492864286452695.0        1.8434167011954479        11.788259999999999     
  0.75000000000000000        1518135862203906.2        1.8505331663015716        11.754470000000000     
  0.75999999046325684        1543526343732058.8        1.8572940273354901        11.720969999999999     
  0.76999998092651367        1569061864174942.2        1.8637397476327315        11.687620000000001     
  0.77999997138977051        1594811795134688.0        1.8698759293767977        11.654470000000000     
  0.78999996185302734        1620686096072913.0        1.8757006491801169        11.621580000000000     
  0.79999995231628418        1646763760337935.2        1.8812481719447509        11.588830000000000     
  0.81000000238418579        1672937998425787.5        1.8864860161180590        11.556460000000000     
  0.81999999284744263        1699298732087864.2        1.8914636957874487        11.524250000000000     
  0.82999998331069946        1725934101270708.2        1.8961810247345905        11.492250000000000     
  0.83999997377395630        1752612352556925.0        1.9006363763829845        11.460540000000000     
  0.84999996423721313        1779485889654622.2        1.9048384455823806        11.429119999999999     
  0.85999995470046997        1806518601318854.0        1.9088046638431557        11.397940000000000     
  0.87000000476837158        1833708705744771.8        1.9125415296120429        11.367010000000001     
  0.87999999523162842        1861045630890269.5        1.9160477022524183        11.336410000000001     
  0.88999998569488525        1888613240370253.5        1.9193511876520453        11.305970000000000     
  0.89999997615814209        1916322681516239.2        1.9224429830086232        11.275840000000001     
  0.90999996662139893        1944192009950699.5        1.9253317141072719        11.246010000000000     
  0.91999995708465576        1972239043722127.2        1.9280314915003938        11.216400000000000     
  0.93000000715255737        2000392391849561.8        1.9305424468337693        11.187110000000001     
  0.93999999761581421        2028733304634129.8        1.9328716169414915        11.158120000000000     
  0.94999998807907104        2057269265656197.8        1.9350367764109402        11.129289999999999     
  0.95999997854232788        2085927102129956.2        1.9370290226474494        11.100830000000000     
  0.96999996900558472        2114850546313246.2        1.9388683505842248        11.072540000000000     
  0.97999995946884155        2143924612399794.8        1.9405532177086986        11.044499999999999     
  0.98999994993209839        2173037640619047.2        1.9420827472939610        11.016859999999999     
   1.0000000000000000        2202464979213711.8        1.9434782745022612        10.989319999999999     
   1.0099999904632568        2232003502430970.8        1.9447328048563866        10.962109999999999     
   1.0199999809265137        2261694072995367.5        1.9458549061068497        10.935150000000000     
   1.0299999713897705        2291560923452852.5        1.9468505094892230        10.908440000000001     
   1.0399999618530273        2321615219780480.5        1.9477242081347126        10.881959999999999     
   1.0499999523162842        2351757180906692.5        1.9484787667410688        10.855770000000000     
   1.0599999427795410        2382220342053734.0        1.9491230862665345        10.829700000000001     
   1.0699999332427979        2412723415629399.0        1.9496559873264103        10.803970000000000     
   1.0799999237060547        2443459074131389.0        1.9500861448042066        10.778330000000000     
   1.0900000333786011        2474372913118306.5        1.9504145375886552        10.752940000000001     
   1.1000000238418579        2505396511283939.0        1.9506449461828819        10.727819999999999     
   1.1100000143051147        2536602803840117.0        1.9507814332231794        10.702980000000000     
   1.1200000047683716        2567924082202567.5        1.9508279970425582        10.678400000000000     
   1.1299999952316284        2599524747565385.0        1.9507888155940525        10.654299999999999     
   1.1399999856948853        2631299317081490.5        1.9506746133242752        10.631620000000000     
