        0.065789      13.525059       1.678473       0.000000      19.053101     481.992255       0.988911       0.955320
        0.131579      13.242256       1.678473       0.000000      33.073181     471.363012       0.978383       0.914722
        0.197368      12.971988       1.678473       0.000000      45.058594     461.067557       0.968375       0.877788
        0.263158      12.717549       1.678473       0.000000      55.537476     451.074820       0.958843       0.844073
        0.328947      12.480697       1.678473       0.000000      64.815613     441.352280       0.949743       0.813141
        0.394737      12.262049       1.678473       0.000000      73.111389     431.867487       0.941030       0.784587
        0.460526      12.061426       1.678473       0.000000      80.594055     422.586625       0.932663       0.758048
        0.526316      11.878125       1.678473       0.000000      87.397827     413.479416       0.924606       0.733216
        0.592105      11.711130       1.678473       0.000000      93.629700     404.517495       0.916830       0.709838
        0.657895      11.559260       1.678473       0.000000      99.379211     395.677617       0.909312       0.687709
        0.723684      11.421271       1.678473       0.000000     104.720825     386.940043       0.902027       0.666653
        0.789474      11.295927       1.678473       0.000000     109.533081     378.253779       0.894958       0.646522
        0.855263      11.182040       1.678473       0.000000     113.859070     369.602491       0.888090       0.627206
        0.921053      11.078497       1.678473       0.000000     117.867065     361.000060       0.881418       0.608639
        0.986842      10.984268       1.678473       0.000000     121.627563     352.441983       0.874935       0.590755
        1.052632      10.898417       1.678473       0.000000     125.185303     343.932768       0.868641       0.573519
        1.118421      10.820094       1.678473       0.000000     128.575012     335.466488       0.862532       0.556890
        1.184211      10.748537       1.678473       0.000000     131.821899     327.041878       0.856605       0.540844
        1.250000      10.683060       1.678473       0.000000     134.943848     318.662347       0.850864       0.525370
        1.315789      10.623053       1.678473       0.000000     137.958008     310.325435       0.845307       0.510448
        1.381579      10.567970       1.678473       0.000000     140.875732     302.032850       0.839933       0.496069
        1.447368      10.517325       1.678473       0.000000     143.708252     293.786669       0.834741       0.482218
        1.513158      10.470685       1.678473       0.000000     146.461792     285.583861       0.829733       0.468890
        1.578947      10.427663       1.678473       0.000000     149.141174     277.431897       0.824907       0.456082
        1.644737      10.387916       1.678473       0.000000     151.751282     269.328160       0.820262       0.443781
        1.710526      10.351137       1.678473       0.000000     154.298706     261.275638       0.815793       0.431969
        1.776316      10.317052       1.678473       0.000000     156.782959     253.271874       0.811499       0.420643
        1.842105      10.285416       1.678473       0.000000     159.208984     245.317141       0.807378       0.409790
        1.907895      10.256010       1.678473       0.000000     161.576782     237.415864       0.803423       0.399396
        1.973684      10.228637       1.678473       0.000000     163.888245     229.563351       0.799634       0.389452
        2.039474      10.203121       1.678473       0.000000     166.146545     221.757968       0.796001       0.379933
        2.105263      10.179305       1.678473       0.000000     168.305969     214.000547       0.792504       0.370776
        2.171053      10.157045       1.678473       0.000000     167.786499     206.183814       0.788303       0.359439
        2.236842      10.136212       1.678473       0.000000     166.505188     199.056754       0.784208       0.348390
        2.302632      10.116692       1.678473       0.000000     165.002136     192.183691       0.780250       0.337714
        2.368421      10.098380       1.678473       0.000000     163.382263     185.476324       0.776416       0.327379
        2.434211      10.081179       1.678473       0.000000     161.691284     178.903783       0.772706       0.317382
        2.500000      10.065006       1.678473       0.000000     159.957642     172.461755       0.769131       0.307759
        2.565789      10.049780       1.678473       0.000000     158.199707     166.145493       0.765671       0.298448
        2.631579      10.035432       1.678473       0.000000     156.431091     159.938718       0.762335       0.289474
        2.697368      10.021897       1.678473       0.001404     154.274963     154.284857       0.759073       0.280694
        2.763158      10.009116       1.678473       0.008240     150.641724     150.623853       0.755778       0.271788
        2.828947       9.997035       1.678473       0.014954     147.091797     147.072341       0.752665       0.263395
        2.894737       9.985605       1.678473       0.021545     143.624512     143.626555       0.749710       0.255447
        2.960526       9.974780       1.678473       0.027893     140.273315     140.247715       0.746912       0.247940
        3.026316       9.964521       1.678473       0.034241     136.971069     137.006843       0.744248       0.240806
        3.092105       9.954787       1.678473       0.040344     133.785156     133.813622       0.741722       0.234057
        3.157895       9.945546       1.678473       0.046326     130.678711     130.700042       0.739313       0.227628
        3.223684       9.936764       1.678473       0.052185     127.649780     127.650962       0.737008       0.221488
        3.289474       9.928413       1.678473       0.057922     124.700928     124.679758       0.734815       0.215655
        3.355263       9.920465       1.678473       0.063660     121.796143     121.805853       0.732711       0.210067
        3.421053       9.912895       1.678473       0.069275     118.968506     118.990915       0.730702       0.204736
        3.486842       9.905679       1.678473       0.074768     116.210938     116.226208       0.728770       0.199612
        3.552631       9.898796       1.678473       0.080139     113.526489     113.515931       0.726921       0.194719
        3.618421       9.892227       1.678473       0.085510     110.881348     110.884655       0.725142       0.190010
        3.684211       9.885952       1.678473       0.090759     108.297241     108.276938       0.723427       0.185473
        3.750000       9.879955       1.678473       0.096008     105.744507     105.766753       0.721776       0.181106
        3.815789       9.874220       1.678473       0.101135     103.250977     103.273164       0.720190       0.176918
        3.881579       9.868731       1.678473       0.106140     100.827271     100.804605       0.718653       0.172856
        3.947368       9.863476       1.678473       0.111267      98.407837      98.445270       0.717168       0.168932
        4.013158       9.858440       1.678473       0.116150      96.089478      96.068610       0.715729       0.165131
        4.078948       9.853613       1.678473       0.121155      93.767090      93.781608       0.714328       0.161428
        4.144737       9.848983       1.678473       0.126038      91.515991      91.519114       0.712980       0.157865
        4.210526       9.844539       1.678473       0.130920      89.292847      89.312991       0.711671       0.154408
        4.276316       9.840272       1.678473       0.135681      87.123535      87.121183       0.710386       0.151007
        4.342105       9.836172       1.678473       0.140442      84.985718      84.958378       0.709144       0.147722
        4.407895       9.832232       1.678473       0.145203      82.875732      82.867411       0.707940       0.144537
        4.473684       9.828442       1.678473       0.149963      80.793213      80.809112       0.706775       0.141454
        4.539474       9.824796       1.678473       0.154602      78.759644      78.736785       0.705627       0.138413
        4.605263       9.821286       1.678473       0.159241      76.742920      76.720938       0.704505       0.135439
        4.671053       9.817906       1.678473       0.163879      74.752441      74.752721       0.703416       0.132551
        4.736842       9.814649       1.678473       0.168518      72.782349      72.811820       0.702361       0.129754
        4.802631       9.811509       1.678473       0.173035      70.854736      70.859782       0.701315       0.126975
        4.868421       9.808482       1.678473       0.177551      68.958740      68.946566       0.700311       0.124311
        4.934211       9.805561       1.678473       0.182068      67.062988      67.053046       0.699312       0.121654
        5.000000       9.802742       1.678473       0.186584      65.187256      65.196876       0.698341       0.119071
        5.065790       9.800021       1.678473       0.190979      63.365234      63.343277       0.697399       0.116565
        5.131579       9.797392       1.678473       0.195496      61.514648      61.546908       0.696465       0.114075
        5.197368       9.794852       1.678473       0.199890      59.720337      59.740186       0.695565       0.111680
        5.263158       9.792396       1.678473       0.204285      57.926025      57.940094       0.694667       0.109281
        5.328948       9.790022       1.678473       0.208679      56.150146      56.179639       0.693799       0.106967
        5.394737       9.787725       1.678473       0.212952      54.413452      54.411966       0.692938       0.104666
        5.460526       9.785502       1.678473       0.217346      52.651001      52.684943       0.692092       0.102404
        5.526316       9.783350       1.678473       0.221619      50.932007      50.963767       0.691268       0.100198
        5.592105       9.781267       1.678473       0.225891      49.219727      49.240819       0.690453       0.098014
        5.657895       9.779248       1.678473       0.230164      47.517578      47.549887       0.689656       0.095879
        5.723684       9.777293       1.678473       0.234314      45.861816      45.822439       0.688876       0.093787
        5.789474       9.775397       1.678473       0.238586      44.172485      44.161638       0.688111       0.091736
        5.855263       9.773559       1.678473       0.242859      42.479370      42.525207       0.687348       0.089685
        5.921053       9.771776       1.678473       0.247009      40.833862      40.853820       0.686604       0.087685
        5.986842       9.770046       1.678473       0.251160      39.194092      39.197928       0.685871       0.085713
        6.052631       9.768368       1.678473       0.255310      37.546631      37.552435       0.685145       0.083759
        6.118421       9.766738       1.678473       0.259460      35.909668      35.912681       0.684436       0.081849
        6.184211       9.765156       1.678473       0.263611      34.273804      34.292475       0.683740       0.079971
        6.250000       9.763619       1.678473       0.267639      32.663818      32.659764       0.683044       0.078093
        6.315790       9.762126       1.678473       0.271790      31.024658      31.053918       0.682368       0.076268
        6.381579       9.760674       1.678473       0.275818      29.410156      29.440412       0.681689       0.074429
        6.447368       9.759264       1.678473       0.279846      27.796143      27.814077       0.681022       0.072624
        6.513158       9.757892       1.678473       0.283875      26.178467      26.210996       0.680369       0.070856
        6.578948       9.756558       1.678473       0.287781      24.588013      24.549153       0.679714       0.069080
        6.644737       9.755260       1.678473       0.291809      22.942871      22.968844       0.679069       0.067330
        6.710526       9.753997       1.678473       0.295715      21.327148      21.330773       0.678428       0.065587
        6.776316       9.752767       1.678473       0.299622      19.701050      19.686710       0.677803       0.063890
        6.842105       9.751571       1.678473       0.303528      18.041016      18.048689       0.677171       0.062169
        6.907895       9.750405       1.678473       0.307312      16.409424      16.381415       0.676555       0.060492
        6.973684       9.749270       1.678473       0.311096      14.721680      14.691955       0.675930       0.058785
        7.039473       9.748164       1.678473       0.314880      12.975586      12.989457       0.675319       0.057118
        7.105263       9.747087       1.678473       0.318420      11.133423      11.158429       0.674676       0.055356
        7.171053       9.746037       1.678473       0.321838       9.343750       9.293629       0.674044       0.053622
        7.236842       9.745013       1.678473       0.325378       7.489258       7.465849       0.673420       0.051909
        7.302632       9.744014       1.678473       0.328918       5.651978       5.652757       0.672805       0.050221
        7.368421       9.743041       1.678473       0.332458       3.824951       3.846779       0.672201       0.048563
        7.434211       9.742091       1.678473       0.336121       2.121216       2.161691       0.671575       0.046840
        7.500000       9.741164       1.678473       0.340271       0.944214       0.950468       0.670882       0.044918
