        0.010000     251.600323
        0.020000     254.158554
        0.030000     256.226949
        0.040000     257.339873
        0.050000     257.438985
        0.060000     256.572977
        0.070000     254.818410
        0.080000     252.252029
        0.090000     248.942282
        0.100000     244.947625
        0.110000     240.315785
        0.120000     235.155223
        0.130000     229.575768
        0.140000     223.529583
        0.150000     217.024270
        0.160000     210.073615
        0.170000     202.700165
        0.180000     194.921046
        0.190000     186.761823
        0.200000     178.242503
        0.210000     169.390492
        0.220000     160.230335
        0.230000     150.783239
        0.240000     141.080735
        0.250000     131.149506
        0.260000     121.011010
        0.270000     110.690439
        0.280000     100.211544
        0.290000      89.602379
        0.300000      78.880640
        0.310000      68.066737
        0.320000      57.185337
        0.330000      47.359318
        0.340000      39.711682
        0.350000      32.716296
        0.360000      26.127620
        0.370000      19.849698
        0.380000      14.133132
        0.390000      10.909369
        0.400000       8.174049
        0.410000       5.694919
        0.420000       3.405803
        0.430000       1.278142
        0.440000      -0.629064
        0.450000      -2.089452
        0.460000      -3.362566
        0.470000      -4.519650
        0.480000      -5.583010
        0.490000      -6.571395
        0.500000      -7.494641
        0.510000      -8.361308
        0.520000      -9.174287
        0.530000      -9.937166
        0.540000     -10.657193
        0.550000     -11.335315
        0.560000     -11.972182
        0.570000     -12.572637
        0.580000     -13.136673
        0.590000     -13.664174
        0.600000     -14.165670
        0.610000     -14.631871
        0.620000     -15.068293
        0.630000     -15.481068
        0.640000     -15.860204
        0.650000     -16.219149
        0.660000     -16.550758
        0.670000     -16.857491
        0.680000     -17.142945
        0.690000     -17.409083
        0.700000     -17.649797
        0.710000     -17.872730
        0.720000     -18.071326
        0.730000     -18.259714
        0.740000     -18.423614
        0.750000     -18.572856
        0.760000     -18.702685
        0.770000     -18.816179
        0.780000     -18.916086
        0.790000     -19.001092
        0.800000     -19.069638
        0.810000     -19.121987
        0.820000     -19.167532
        0.830000     -19.188874
        0.840000     -19.205181
        0.850000     -19.198598
        0.860000     -19.180372
        0.870000     -19.151908
        0.880000     -19.115774
        0.890000     -19.067991
        0.900000     -19.016713
        0.910000     -18.952306
        0.920000     -18.878781
        0.930000     -18.801828
        0.940000     -18.711968
        0.950000     -18.622521
        0.960000     -18.518277
        0.970000     -18.414321
        0.980000     -18.296818
        0.990000     -18.175364
        1.000000     -18.048950
        1.010000     -17.917022
        1.020000     -17.773478
        1.030000     -17.630110
        1.040000     -17.482363
        1.050000     -17.323327
        1.060000     -17.166403
        1.070000     -17.002227
        1.080000     -16.830109
        1.090000     -16.651879
        1.100000     -16.467187
        1.110000     -16.283693
        1.120000     -16.088631
        1.130000     -15.899104
        1.140000     -15.702772
        1.150000     -15.500244
        1.160000     -15.336401
        1.170000     -15.296061
        1.180000     -15.289997
        1.190000     -15.313138
        1.200000     -15.360528
        1.210000     -15.416412
        1.220000     -15.498050
        1.230000     -15.572402
        1.240000     -15.667870
        1.250000     -15.761717
        1.260000     -15.866142
        1.270000     -15.973507
        1.280000     -16.089148
        1.290000     -16.211035
        1.300000     -16.337330
        1.310000     -16.459845
        1.320000     -16.593799
        1.330000     -16.733457
        1.340000     -16.868287
        1.350000     -17.013535
        1.360000     -17.159220
        1.370000     -17.295354
        1.380000     -17.443346
        1.390000     -17.606168
        1.400000     -17.756594
