   9.9999997764825821E-003   16792183630989.527        8.6291030419059167E-002   43.018740000000001     
   1.9999999552965164E-002   33623585529130.227        7.0874119116025591E-002   38.245229999999999     
   2.9999999329447746E-002   50482596122201.055        5.7346980075074182E-002   29.793350000000000     
   3.9999999105930328E-002   67368170455899.797        6.2207344904176412E-002   20.486910000000002     
   4.9999997019767761E-002   84280720572597.828        8.6019034687733739E-002   16.318590000000000     
   5.9999998658895493E-002   101221029724010.16       0.11797964414276635        14.795959999999999     
   7.0000000298023224E-002   118189714117647.14       0.15129816864864093        14.191940000000001     
   7.9999998211860657E-002   135186647542331.98       0.18180644011400068        13.917800000000000     
   8.9999996125698090E-002   152209625014563.66       0.20756705630632252        13.768260000000000     
   9.9999994039535522E-002   169262165598919.53       0.22838816996133648        13.667719999999999     
  0.10999999940395355        186346452006339.97       0.24509678038339147        13.587020000000001     
  0.11999999731779099        203465409366452.44       0.25871656133034077        13.514419999999999     
  0.12999999523162842        220622244927985.75       0.27035394148287928        13.443370000000000     
  0.14000000059604645        237821621080295.44       0.28133512905320390        13.366650000000000     
  0.14999999105930328        255066047198544.19       0.29265979044595397        13.278919999999999     
  0.15999999642372131        272371767403607.94       0.30525057504804642        13.176420000000000     
  0.17000000178813934        289732307804534.31       0.32001880205186972        13.058500000000000     
  0.17999999225139618        307171455496061.06       0.33797159295733120        12.928110000000000     
  0.18999999761581421        324685171720529.88       0.36009438967422869        12.792560000000000     
  0.19999998807907104        342293917536959.94       0.38732587721635497        12.661630000000001     
  0.20999999344348907        359998316577048.38       0.42036362914169972        12.545640000000001     
  0.21999999880790710        377810811777992.62       0.45963755475165247        12.452600000000000     
  0.22999998927116394        395751626624832.12       0.50527709727327119        12.386939999999999     
  0.23999999463558197        413817197507868.06       0.55703599894200784        12.349449999999999     
  0.25000000000000000        432017472837509.06       0.61444387752775143        12.337890000000000     
  0.25999999046325684        450371042777682.44       0.67686948065829455        12.348260000000000     
  0.26999998092651367        468888865428211.31       0.74352739624425457        12.375850000000000     
  0.28000000119209290        487579938903584.38       0.81355679210220777        12.415900000000001     
  0.28999999165534973        506442273521720.00       0.88603206860681505        12.464110000000000     
  0.29999998211860657        525495706709940.12       0.96012883247778857        12.516830000000001     
  0.31000000238418579        544747454777884.25        1.0350276037914381        12.571090000000000     
  0.31999999284744263        564194666837793.62        1.1099411613038834        12.624570000000000     
  0.32999998331069946        583860684533193.62        1.1783194709719054        12.671379999999999     
  0.34000000357627869        603703694843621.25        1.2343901678217204        12.707150000000000     
  0.34999999403953552        623714076022890.75        1.2858377791657207        12.736730000000000     
  0.35999998450279236        643889868085667.50        1.3339280571364880        12.760859999999999     
  0.37000000476837158        664226854093808.50        1.3791586002622689        12.779909999999999     
  0.37999999523162842        684724558899353.88        1.4212333877058738        12.794079999999999     
  0.38999998569488525        705364808092841.12        1.4567953302722731        12.802960000000001     
  0.39999997615814209        726175160255938.88        1.4899595842565871        12.808170000000000     
  0.40999999642372131        747115049631578.75        1.5212335624770106        12.809990000000001     
  0.41999998688697815        768182338053941.62        1.5507890953869823        12.808669999999999     
  0.42999997735023499        789394665391035.12        1.5788308975599354        12.804399999999999     
  0.43999999761581421        810752922545284.12        1.6053050219995475        12.797450000000000     
  0.44999998807907104        832262811292206.25        1.6300582567413662        12.788160000000000     
  0.45999997854232788        853892080964029.62        1.6535051447149223        12.776619999999999     
  0.46999999880790710        875701253532134.50        1.6757905258173145        12.762990000000000     
  0.47999998927116394        897606287201130.38        1.6969614699986157        12.747430000000000     
  0.48999997973442078        919701736415018.38        1.7171255388985953        12.730060000000000     
  0.50000000000000000        941928148285327.75        1.7363225437917527        12.711029999999999     
  0.50999999046325684        964297460904549.00        1.7545667396599893        12.690510000000000     
  0.51999998092651367        986812762734420.62        1.7719489206968180        12.668580000000000     
  0.52999997138977051        1009505057179319.9        1.7885103620259832        12.645360000000000     
  0.53999996185302734        1032324869457932.1        1.8042325054821826        12.621040000000001     
  0.55000001192092896        1055304925385988.9        1.8191955632630141        12.595660000000001     
  0.56000000238418579        1078447244342319.6        1.8334360461001828        12.569330000000001     
  0.56999999284744263        1101727474993983.8        1.8469654895962697        12.542170000000000     
  0.57999998331069946        1125181609798937.0        1.8598203147286085        12.514260000000000     
  0.58999997377395630        1148704878632042.0        1.8720154095180979        12.485709999999999     
  0.59999996423721313        1172503970855814.2        1.8836055575005384        12.456550000000000     
  0.61000001430511475        1196406051399874.8        1.8946085342958943        12.426840000000000     
  0.62000000476837158        1220477284617626.0        1.9050515757301543        12.396660000000001     
  0.62999999523162842        1244711731159570.5        1.9149316190669390        12.366130000000000     
  0.63999998569488525        1269061401081768.0        1.9243015539495774        12.335229999999999     
  0.64999997615814209        1293621561550159.8        1.9331622753198958        12.304090000000000     
  0.65999996662139893        1318356695254750.0        1.9415609776544078        12.272640000000001     
  0.66999995708465576        1343195648788557.5        1.9494981515276928        12.241000000000000     
  0.68000000715255737        1368211476150403.2        1.9569895737616634        12.209230000000000     
  0.68999999761581421        1393454899384996.0        1.9640666739696118        12.177310000000000     
  0.69999998807907104        1418812714490911.8        1.9707412067488985        12.145300000000001     
  0.70999997854232788        1444323289665905.5        1.9770269447015725        12.113250000000001     
  0.71999996900558472        1470021429498032.5        1.9829481515236567        12.081140000000000     
  0.72999995946884155        1495906064904383.2        1.9885118589279887        12.049030000000000     
  0.74000000953674316        1521966148694892.2        1.9937419421035272        12.016909999999999     
  0.75000000000000000        1548139555273815.2        1.9986311539676236        11.984920000000001     
  0.75999999046325684        1574461089229207.8        2.0032155488554992        11.952959999999999     
  0.76999998092651367        1600904617423280.2        2.0074967645626711        11.921099999999999     
  0.77999997138977051        1627655803921327.2        2.0115031914974182        11.889250000000001     
  0.78999996185302734        1654535874303471.8        2.0152335127788015        11.857519999999999     
  0.79999995231628418        1681555519398809.0        2.0186965988348047        11.825950000000001     
  0.81000000238418579        1708721391278776.5        2.0219073131754861        11.794530000000000     
  0.81999999284744263        1736071382993169.2        2.0248725256342994        11.763290000000000     
  0.82999998331069946        1763647426349439.2        2.0276199378597290        11.732060000000001     
  0.83999997377395630        1791373972821978.0        2.0301359725074852        11.701100000000000     
  0.84999996423721313        1819209090603332.5        2.0324426286936110        11.670270000000000     
  0.85999995470046997        1847241157214026.5        2.0345431700851937        11.639659999999999     
  0.87000000476837158        1875450691587707.8        2.0364518817246160        11.609180000000000     
  0.87999999523162842        1903764639725557.0        2.0381665935991444        11.579020000000000     
  0.88999998569488525        1932341463472168.2        2.0397074125505057        11.548959999999999     
  0.89999997615814209        1961062494624581.0        2.0410744166587969        11.519150000000000     
  0.90999996662139893        1989980712180313.0        2.0422784854232097        11.489500000000000     
  0.91999995708465576        2018985644238709.8        2.0433230692362709        11.460110000000000     
  0.93000000715255737        2048351213598599.5        2.0442179362593613        11.430880000000000     
  0.93999999761581421        2077613438277231.0        2.0449636752126770        11.402010000000001     
  0.94999998807907104        2107270273336481.8        2.0455737680903283        11.373239999999999     
  0.95999997854232788        2137024038579532.2        2.0460496597690998        11.344730000000000     
  0.96999996900558472        2166954558863631.0        2.0463976682906551        11.316470000000001     
  0.97999995946884155        2197112199872517.2        2.0466237959597455        11.288360000000001     
  0.98999994993209839        2227219950345623.8        2.0467319188297348        11.260630000000001     
   1.0000000000000000        2257669807349790.5        2.0467283753753414        11.233029999999999     
   1.0099999904632568        2288361277091518.5        2.0466172328768915        11.205679999999999     
   1.0199999809265137        2319176522876776.5        2.0464020717326936        11.178470000000001     
   1.0299999713897705        2350172800034720.0        2.0460892345807720        11.151619999999999     
   1.0399999618530273        2381214928970785.0        2.0456822722514199        11.125010000000000     
   1.0499999523162842        2412542384256713.0        2.0451840803719539        11.098590000000000     
   1.0599999427795410        2443970570910120.5        2.0445995944878734        11.072419999999999     
   1.0699999332427979        2475644171484767.5        2.0439323355516654        11.046490000000000     
   1.0799999237060547        2507427293664150.0        2.0431854890682346        11.020780000000000     
   1.0900000333786011        2539503344560752.5        2.0423596191116173        10.995210000000000     
   1.1000000238418579        2571809129495921.5        2.0414587555885717        10.969820000000000     
   1.1100000143051147        2604055758510094.5        2.0404967968964178        10.944900000000001     
   1.1200000047683716        2636617173047639.0        2.0394616808321993        10.920040000000000     
   1.1299999952316284        2669356768070111.0        2.0383629591356751        10.895410000000000     
   1.1399999856948853        2702217763396313.0        2.0372059424297082        10.871060000000000     
   1.1499999761581421        2735219164944638.0        2.0359899296739865        10.846930000000000     
   1.1599999666213989        2768442223016212.5        2.0347287715699527        10.823210000000000     
   1.1699999570846558        2801778603876200.5        2.0334420543193943        10.800190000000001     
   1.1799999475479126        2835398648068193.0        2.0321145004499668        10.777530000000000     
   1.1899999380111694        2869139617415956.0        2.0307495019448227        10.755229999999999     
   1.1999999284744263        2902960886768926.0        2.0293438278733800        10.733210000000000     
   1.2099999189376831        2936913059384822.5        2.0279034536842566        10.711510000000001     
   1.2200000286102295        2971437072570345.5        2.0264131669817034        10.689900000000000     
   1.2300000190734863        3005855840482772.0        2.0248900847894475        10.668580000000000     
   1.2400000095367432        3040375339762677.0        2.0233369410492372        10.647580000000000     
   1.2500000000000000        3074839246731285.0        2.0217506221073340        10.626810000000001     
   1.2599999904632568        3109932724746635.5        2.0201165014039559        10.606070000000001     
   1.2699999809265137        3145031666963524.0        2.0184645007166848        10.585710000000001     
   1.2799999713897705        3180231578121871.0        2.0167719642689494        10.565440000000001     
   1.2899999618530273        3215695909119850.5        2.0150554643724052        10.545439999999999     
   1.2999999523162842        3251005817030892.5        2.0133164659324461        10.525690000000001     
   1.3099999427795410        3286818193909429.5        2.0115384947210759        10.506000000000000     
   1.3199999332427979        3322665969310972.0        2.0097411527367677        10.486570000000000     
   1.3299999237060547        3358878658345646.0        2.0079076530098137        10.467210000000000     
   1.3399999141693115        3394874204762688.5        2.0060689337333364        10.448219999999999     
   1.3500000238418579        3431088319241241.5        2.0042050740889517        10.429380000000000     
   1.3600000143051147        3467776631383681.0        2.0023081167736367        10.410589999999999     
   1.3700000047683716        3504542392643568.5        2.0003853176932433        10.391930000000000     
   1.3799999952316284        3541517931727711.0        1.9984440280690992        10.373450000000000     
   1.3899999856948853        3578333821097358.5        1.9965101425009015        10.355390000000000     
   1.3999999761581421        3615550497771102.0        1.9945391827259764        10.337300000000001     
