        0.010000      -0.106780       3.285171       2.013884      -0.817756       0.000000
        0.020000      -0.099741       6.398571       3.944066      -1.559267       0.000000
        0.030000       0.312279       9.353869       5.795954      -2.227695       0.000000
        0.040000       1.140698      12.165200       7.576717      -2.829755       0.000000
        0.050000       2.189071      14.847321       9.294420      -3.372596       0.000000
        0.060000       3.174489      17.414509      10.957300      -3.862731       0.000000
        0.070000       3.836194      19.879663      12.573198      -4.305707       0.000000
        0.080000       3.998015      22.253788      14.149214      -4.706138       0.000000
        0.090000       3.583771      24.545643      15.691400      -5.067768       0.000000
        0.100000       2.601914      26.762950      17.205523      -5.393873       0.000000
        0.110000       1.117482      28.911439      18.696322      -5.687152       0.000000
        0.120000      -0.754157      30.996414      20.167828      -5.945042       0.000000
        0.130000      -2.886664      33.022320      21.623448      -6.164997       0.000000
        0.140000      -5.208058      34.990383      23.066034      -6.355196       0.000000
        0.150000      -7.641092      36.901318      24.497656      -6.518988       0.000000
        0.160000     -10.121171      38.756957      25.921170      -6.658906       0.000000
        0.170000     -12.594040      40.555908      27.336930      -6.776631       0.000000
        0.180000     -15.021267      42.299999      28.747700      -6.874060       0.000000
        0.190000     -17.370896      43.987678      30.153437      -6.952509       0.000000
        0.200000     -19.623140      45.619995      31.556083      -7.013515       0.000000
        0.210000     -21.761527      47.195919      32.955586      -7.058261       0.000000
        0.220000     -23.776864      48.715738      34.352830      -7.088027       0.000000
        0.230000     -25.665513      50.180504      35.749187      -7.104125       0.000000
        0.240000     -27.422125      51.589358      37.143917      -7.107502       0.000000
        0.250000     -29.046349      52.942941      38.537396      -7.099233       0.000000
        0.260000     -30.541354      54.242702      39.930626      -7.080435       0.000000
        0.270000     -31.909938      55.489707      41.323944      -7.052041       0.000000
        0.280000     -33.155746      56.685012      42.717479      -7.014959       0.000000
        0.290000     -34.281022      57.829243      44.110504      -6.969926       0.000000
        0.300000     -35.292627      58.924641      45.504025      -6.917793       0.000000
        0.310000     -36.195660      59.972672      46.898017      -6.859298       0.000000
        0.320000     -36.993552      60.974504      48.291752      -6.794987       0.000000
        0.330000     -37.427629      61.925247      49.620862      -6.702688      -0.054520
        0.340000     -37.279245      62.827588      50.821913      -6.563431      -0.216951
        0.350000     -36.955043      63.697199      51.983932      -6.411281      -0.411801
        0.360000     -36.531704      64.538586      53.122380      -6.252542      -0.626668
        0.370000     -36.043758      65.355352      54.243785      -6.090240      -0.856355
        0.380000     -35.493735      66.143729      55.340069      -5.926292      -1.107586
        0.390000     -34.788252      66.873520      56.340770      -5.764705      -1.438797
        0.400000     -34.072857      67.580173      57.323457      -5.604773      -1.786537
        0.410000     -33.362347      68.267051      58.296131      -5.446641      -2.143147
        0.420000     -32.662291      68.935075      59.260179      -5.290480      -2.505663
        0.430000     -31.979061      69.588478      60.220769      -5.136718      -2.874498
        0.440000     -31.334054      70.226766      61.177016      -4.992277      -3.245888
        0.450000     -30.785390      70.859789      62.137886      -4.877062      -3.613921
        0.460000     -30.267334      71.479943      63.097667      -4.770029      -3.982975
        0.470000     -29.767638      72.087898      64.056648      -4.666391      -4.354221
        0.480000     -29.278198      72.681201      65.012118      -4.564348      -4.727275
        0.490000     -28.797903      73.263542      65.967365      -4.462945      -5.102700
        0.500000     -28.326775      73.832060      66.920333      -4.361903      -5.480980
        0.510000     -27.862893      74.386403      67.869048      -4.260729      -5.860703
        0.520000     -27.405115      74.928834      68.816854      -4.159692      -6.243157
        0.530000     -26.958288      75.461326      69.764808      -4.058801      -6.628658
        0.540000     -26.518661      75.979809      70.707793      -3.957854      -7.015263
        0.550000     -26.086705      76.485214      71.648444      -3.857013      -7.403914
        0.560000     -25.663287      76.983047      72.589842      -3.756722      -7.795483
        0.570000     -25.249633      77.467553      73.527885      -3.656847      -8.188834
        0.580000     -24.845839      77.941414      74.463862      -3.557510      -8.583829
        0.590000     -24.447716      78.402647      75.396125      -3.458862      -8.980098
        0.600000     -24.062926      78.856338      76.328490      -3.361206      -9.378733
        0.610000     -23.687965      79.299764      77.259694      -3.264709      -9.779615
        0.620000     -23.321166      79.735120      78.190543      -3.169354     -10.182519
        0.630000     -22.964530      80.157856      79.116550      -3.074980     -10.585833
        0.640000     -22.617748      80.573717      80.043169      -2.982161     -10.991517
        0.650000     -22.280191      80.979790      80.966817      -2.890664     -11.397624
        0.660000     -21.955304      81.379238      81.891281      -2.801056     -11.806788
        0.670000     -21.636376      81.767817      82.813079      -2.712826     -12.216899
        0.680000     -21.326782      82.149126      83.733267      -2.626198     -12.627659
        0.690000     -21.028867      82.524242      84.653619      -2.541473     -13.040257
        0.700000     -20.738164      82.889125      85.571513      -2.458409     -13.453775
        0.710000     -20.456986      83.249135      86.489469      -2.377227     -13.868995
        0.720000     -20.183650      83.602277      87.407344      -2.297803     -14.284765
        0.730000     -19.919643      83.946839      88.322430      -2.220447     -14.702382
        0.740000     -19.662687      84.286690      89.239091      -2.144840     -15.120736
        0.750000     -19.413756      84.619178      90.151590      -2.071227     -15.539102
        0.760000     -19.171376      84.943912      91.063922      -1.999312     -15.958882
        0.770000     -18.935639      85.262008      91.974173      -1.929405     -16.379200
        0.780000     -18.708170      85.575404      92.886421      -1.861411     -16.800930
        0.790000     -18.487498      85.885373      93.799142      -1.795363     -17.224073
        0.800000     -18.273606      86.188877      94.709947      -1.731237     -17.647134
        0.810000     -18.064069      86.484806      95.618622      -1.668545     -18.070411
        0.820000     -17.862155      86.775899      96.525768      -1.607947     -18.494254
        0.830000     -17.665486      87.063964      97.437599      -1.549150     -18.920231
        0.840000     -17.474945      87.346727      98.345845      -1.492146     -19.345618
        0.850000     -17.288911      87.623977      99.254651      -1.436624     -19.771789
        0.860000     -17.107102      87.897171     100.162136      -1.382770     -20.197355
        0.870000     -16.930770      88.164285     101.070296      -1.330692     -20.624693
        0.880000     -16.758745      88.425887     101.974294      -1.280244     -21.050585
        0.890000     -16.592539      88.685126     102.880696      -1.231660     -21.478694
        0.900000     -16.428549      88.940201     103.786061      -1.184741     -21.907218
        0.910000     -16.270965      89.191866     104.692652      -1.139428     -22.336934
        0.920000     -16.114297      89.437649     105.597049      -1.095701     -22.766627
        0.930000     -15.965369      89.685235     106.504850      -1.053539     -23.197631
        0.940000     -15.815149      89.922169     107.405095      -1.012684     -23.626760
        0.950000     -15.671649      90.158226     108.309700      -0.973468     -24.058960
        0.960000     -15.530290      90.390411     109.213337      -0.935562     -24.490153
        0.970000     -15.392471      90.619767     110.115828      -0.899057     -24.922754
        0.980000     -15.258862      90.847689     111.021576      -0.863964     -25.356353
        0.990000     -15.125130      91.067955     111.919958      -0.829990     -25.788327
        1.000000     -14.995745      91.286714     112.822251      -0.797334     -26.222426
        1.010000     -14.869589      91.503657     113.723921      -0.765792     -26.655495
        1.020000     -14.745260      91.719687     114.629734      -0.735570     -27.091513
        1.030000     -14.623328      91.931660     115.529559      -0.706429     -27.525147
        1.040000     -14.502564      92.135174     116.427181      -0.678297     -27.959442
        1.050000     -14.386301      92.342967     117.328956      -0.651291     -28.394242
        1.060000     -14.269687      92.543789     118.227778      -0.625273     -28.830114
        1.070000     -14.156705      92.743930     119.126978      -0.600249     -29.265224
        1.080000     -14.045985      92.941802     120.026554      -0.576194     -29.701142
        1.090000     -13.937460      93.134770     120.927668      -0.552968     -30.138458
        1.100000     -13.830411      93.330543     121.832242      -0.530688     -30.577119
        1.110000     -13.725045      93.518826     122.726467      -0.509274     -31.011571
        1.120000     -13.620965      93.710906     123.628777      -0.488684     -31.449475
        1.130000     -13.519781      93.895692     124.528261      -0.468923     -31.888346
        1.140000     -13.418242      94.079866     125.426133      -0.449875     -32.325526
        1.150000     -13.319776      94.259548     126.323512      -0.431583     -32.763457
        1.160000     -13.219829      94.438650     127.211534      -0.413855     -33.209158
        1.170000     -13.118917      94.611769     128.071852      -0.396695     -33.679007
        1.180000     -13.019176      94.787156     128.926831      -0.380133     -34.156712
        1.190000     -12.919945      94.955931     129.770755      -0.364205     -34.639009
        1.200000     -12.820011      95.124604     130.611319      -0.348841     -35.126809
        1.210000     -12.722373      95.284690     131.443651      -0.334089     -35.614389
        1.220000     -12.627959      95.453734     132.282141      -0.319928     -36.110118
        1.230000     -12.532984      95.615225     133.114314      -0.306303     -36.605375
        1.240000     -12.437905      95.776965     133.941099      -0.293223     -37.101700
        1.250000     -12.343749      95.929449     134.762991      -0.280679     -37.598995
        1.260000     -12.254594      96.092370     135.594089      -0.268707     -38.102924
        1.270000     -12.165137      96.248746     136.414199      -0.257185     -38.602387
        1.280000     -12.075994      96.402140     137.237559      -0.246089     -39.107553
        1.290000     -11.989083      96.558257     138.057359      -0.235470     -39.611694
        1.300000     -11.901423      96.706234     138.871219      -0.225322     -40.115704
        1.310000     -11.816858      96.859292     139.691409      -0.215523     -40.623406
        1.320000     -11.731803      97.009385     140.506454      -0.206176     -41.130634
        1.330000     -11.650912      97.159911     141.325698      -0.197230     -41.642543
        1.340000     -11.567112      97.305739     142.135192      -0.188624     -42.148955
        1.350000     -11.486126      97.451229     142.944122      -0.180351     -42.657963
        1.360000     -11.407959      97.595433     143.757808      -0.172467     -43.169648
        1.370000     -11.328584      97.745688     144.575791      -0.164910     -43.683882
        1.380000     -11.252627      97.886983     145.388817      -0.157659     -44.198362
        1.390000     -11.175128      98.026333     146.188100      -0.150722     -44.707245
        1.400000     -11.100796      98.168582     146.997841      -0.144070     -45.221135
