        0.064725       0.984375       0.013672       0.003788       0.000000       0.000000       0.000000       0.000000       0.000000       0.000000       0.000000       0.000000       0.000000       0.000000       0.000000       0.000000
        0.129450       0.984375       0.013672       0.011076       0.000000       0.000000       0.000000       0.000000       0.000000       0.000000       0.000000       0.000000       0.000000       0.000000       0.000000       0.000000
        0.194175       0.976562       0.020508       0.018787       0.000000       0.000000       0.000000       0.000000       0.000000       0.000000       0.000000       0.000000       0.000000       0.000000       0.000000       0.000000
        0.258900       0.976562       0.025635       0.026422       0.000000       0.000000       0.000000       0.000000       0.000000       0.000000       0.000000       0.000000       0.000000       0.000000       0.000000       0.000000
        0.323625       0.968750       0.030762       0.032241       0.000000       0.000000       0.000000       0.000000       0.000000       0.000000       0.000000       0.000000       0.000000       0.000000       0.000000       0.000000
        0.388350       0.964844       0.036530       0.036588       0.000000       0.000000       0.000000       0.000000       0.000000       0.000000       0.000000       0.000000       0.000000       0.000000       0.000000       0.000000
        0.453074       0.958984       0.040375       0.039704       0.000000       0.000000       0.000000       0.000000       0.000000       0.000000       0.000000       0.000000       0.000000       0.000000       0.000000       0.000000
        0.517799       0.957031       0.042297       0.042446       0.000000       0.000000       0.000000       0.000000       0.000000       0.000000       0.000000       0.000000       0.000000       0.000000       0.000000       0.000000
        0.582524       0.955078       0.044220       0.044351       0.000000       0.000000       0.000000       0.000000       0.000000       0.000000       0.000000       0.000000       0.000000       0.000000       0.000000       0.000000
        0.647249       0.953125       0.046143       0.045662       0.000000       0.000000       0.000000       0.000000       0.000000       0.000000       0.000000       0.000000       0.000000       0.000000       0.000000       0.000000
        0.711974       0.953125       0.047424       0.046954       0.000000       0.000000       0.000000       0.000000       0.000000       0.000000       0.000000       0.000000       0.000000       0.000000       0.000000       0.000000
        0.776699       0.951172       0.048065       0.048050       0.000846       0.000000       0.000000       0.000000       0.000000       0.000000       0.000000       0.000000       0.000000       0.000000       0.000000       0.000000
        0.841424       0.949219       0.050682       0.048567       0.002080       0.000000       0.000000       0.000000       0.000000       0.000000       0.000000       0.000000       0.000000       0.000000       0.000000       0.000000
        0.906149       0.947266       0.052631       0.049161       0.003491       0.000000       0.000000       0.000000       0.000000       0.000000       0.000000       0.000000       0.000000       0.000000       0.000000       0.000000
        0.970874       0.945312       0.054581       0.049850       0.005005       0.000000       0.000000       0.000000       0.000000       0.000000       0.000000       0.000000       0.000000       0.000000       0.000000       0.000000
        1.035599       0.942871       0.057017       0.050457       0.006500       0.000000       0.000000       0.000000       0.000000       0.000000       0.000000       0.000000       0.000000       0.000000       0.000000       0.000000
        1.100324       0.940430       0.059454       0.051145       0.008029       0.000000       0.000000       0.000000       0.000000       0.000000       0.000000       0.000000       0.000000       0.000000       0.000000       0.000000
        1.165049       0.938477       0.061403       0.052150       0.009721       0.000000       0.000000       0.000000       0.000000       0.000000       0.000000       0.000000       0.000000       0.000000       0.000000       0.000000
        1.229774       0.935547       0.064327       0.052823       0.011206       0.000000       0.000000       0.000000       0.000000       0.000000       0.000000       0.000000       0.000000       0.000000       0.000000       0.000000
        1.294498       0.933594       0.066730       0.053876       0.012895       0.000000       0.000000       0.000000       0.000000       0.000000       0.000000       0.000000       0.000000       0.000000       0.000000       0.000000
        1.359223       0.930664       0.069201       0.054855       0.014520       0.000000       0.000000       0.000000       0.000000       0.000000       0.000000       0.000000       0.000000       0.000000       0.000000       0.000000
        1.423948       0.927734       0.072124       0.055738       0.016060       0.000000       0.000000       0.000000       0.000000       0.000000       0.000000       0.000000       0.000000       0.000000       0.000000       0.000000
        1.488673       0.925781       0.074581       0.056963       0.017805       0.000000       0.000000       0.000000       0.000000       0.000000       0.000000       0.000000       0.000000       0.000000       0.000000       0.000000
        1.553398       0.922852       0.077525       0.057908       0.019341       0.000000       0.000000       0.000000       0.000000       0.000000       0.000000       0.000000       0.000000       0.000000       0.000000       0.000000
        1.618123       0.919922       0.079922       0.059050       0.020993       0.000000       0.000000       0.000000       0.000000       0.000000       0.000000       0.000000       0.000000       0.000000       0.000000       0.000000
        1.682848       0.916992       0.082846       0.060002       0.022490       0.000000       0.000000       0.000000       0.000000       0.000000       0.000000       0.000000       0.000000       0.000000       0.000000       0.000000
        1.747573       0.914551       0.085282       0.061191       0.024138       0.000000       0.000000       0.000000       0.000000       0.000000       0.000000       0.000000       0.000000       0.000000       0.000000       0.000000
        1.812298       0.912109       0.088019       0.062248       0.025671       0.000000       0.000000       0.000000       0.000000       0.000000       0.000000       0.000000       0.000000       0.000000       0.000000       0.000000
        1.877023       0.909180       0.090643       0.063216       0.027120       0.000000       0.000000       0.000000       0.000000       0.000000       0.000000       0.000000       0.000000       0.000000       0.000000       0.000000
        1.941748       0.906738       0.093080       0.064292       0.028632       0.000000       0.000000       0.000000       0.000000       0.000000       0.000000       0.000000       0.000000       0.000000       0.000000       0.000000
        2.006473       0.904297       0.095516       0.065312       0.030085       0.000000       0.000000       0.000000       0.000000       0.000000       0.000000       0.000000       0.000000       0.000000       0.000000       0.000000
        2.071197       0.902344       0.097799       0.066423       0.031593       0.000000       0.000000       0.000000       0.000000       0.000000       0.000000       0.000000       0.000000       0.000000       0.000000       0.000000
        2.135922       0.899902       0.100244       0.067305       0.032905       0.000000       0.000000       0.000000       0.000000       0.000000       0.000000       0.000000       0.000000       0.000000       0.000000       0.000000
        2.200647       0.897461       0.102339       0.068249       0.034251       0.000000       0.000000       0.000000       0.000000       0.000000       0.000000       0.000000       0.000000       0.000000       0.000000       0.000000
        2.265372       0.895508       0.104645       0.069130       0.035531       0.000000       0.000000       0.000000       0.000000       0.000000       0.000000       0.000000       0.000000       0.000000       0.000000       0.000000
        2.330097       0.893066       0.106725       0.069963       0.036758       0.000000       0.000000       0.000000       0.000000       0.000000       0.000000       0.000000       0.000000       0.000000       0.000000       0.000000
        2.394822       0.891113       0.108674       0.070780       0.037956       0.000000       0.000000       0.000000       0.000000       0.000000       0.000000       0.000000       0.000000       0.000000       0.000000       0.000000
        2.459547       0.889160       0.110623       0.071559       0.039111       0.000037       0.000000       0.000000       0.000000       0.000000       0.000000       0.000000       0.000000       0.000000       0.000000       0.000000
        2.524272       0.882568       0.111583       0.071825       0.039830       0.005836       0.000000       0.000000       0.000000       0.000000       0.000000       0.000000       0.000000       0.000000       0.000000       0.000000
        2.588997       0.874023       0.112167       0.071848       0.040332       0.013892       0.000000       0.000000       0.000000       0.000000       0.000000       0.000000       0.000000       0.000000       0.000000       0.000000
        2.653722       0.864746       0.112568       0.071740       0.040707       0.022555       0.000000       0.000000       0.000000       0.000000       0.000000       0.000000       0.000000       0.000000       0.000000       0.000000
        2.718447       0.855713       0.112689       0.071677       0.041101       0.031587       0.000000       0.000000       0.000000       0.000000       0.000000       0.000000       0.000000       0.000000       0.000000       0.000000
        2.783172       0.846436       0.112849       0.071498       0.041384       0.040663       0.000000       0.000000       0.000000       0.000000       0.000000       0.000000       0.000000       0.000000       0.000000       0.000000
        2.847897       0.837158       0.112987       0.071286       0.041622       0.049753       0.000000       0.000000       0.000000       0.000000       0.000000       0.000000       0.000000       0.000000       0.000000       0.000000
        2.912621       0.828125       0.112940       0.071102       0.041870       0.058726       0.000000       0.000000       0.000000       0.000000       0.000000       0.000000       0.000000       0.000000       0.000000       0.000000
        2.977346       0.819336       0.113003       0.070828       0.042027       0.067564       0.000000       0.000000       0.000000       0.000000       0.000000       0.000000       0.000000       0.000000       0.000000       0.000000
        3.042071       0.810791       0.112851       0.070669       0.042267       0.076346       0.000000       0.000000       0.000000       0.000000       0.000000       0.000000       0.000000       0.000000       0.000000       0.000000
        3.106796       0.802246       0.112878       0.070348       0.042357       0.084818       0.000000       0.000000       0.000000       0.000000       0.000000       0.000000       0.000000       0.000000       0.000000       0.000000
        3.171521       0.793213       0.113617       0.069560       0.042040       0.091110       0.000000       0.000000       0.000000       0.000000       0.002016       0.000000       0.000000       0.000000       0.000000       0.000000
        3.236246       0.784180       0.114707       0.068544       0.041517       0.096526       0.000000       0.000000       0.000000       0.000000       0.004673       0.000000       0.000000       0.000000       0.000000       0.000000
        3.300971       0.775269       0.115795       0.067480       0.040939       0.101510       0.000000       0.000000       0.000000       0.000000       0.007344       0.000000       0.000000       0.000000       0.000000       0.000000
        3.365696       0.766724       0.116909       0.066424       0.040357       0.106361       0.000000       0.000000       0.000000       0.000000       0.010052       0.000000       0.000000       0.000000       0.000000       0.000000
        3.430421       0.758423       0.117972       0.065381       0.039774       0.110981       0.000000       0.000000       0.000000       0.000000       0.012690       0.000000       0.000000       0.000000       0.000000       0.000000
        3.495146       0.750366       0.118920       0.064386       0.039220       0.115354       0.000000       0.000000       0.000000       0.000000       0.015284       0.000000       0.000000       0.000000       0.000000       0.000000
        3.559871       0.742554       0.119892       0.063393       0.038658       0.119695       0.000000       0.000000       0.000000       0.000000       0.017822       0.000000       0.000000       0.000000       0.000000       0.000000
        3.624596       0.735107       0.120757       0.062447       0.038125       0.123764       0.000000       0.000000       0.000000       0.000000       0.020265       0.000000       0.000000       0.000000       0.000000       0.000000
        3.689321       0.727783       0.121653       0.061486       0.037570       0.127810       0.000000       0.000000       0.000000       0.000000       0.022581       0.000000       0.000000       0.000000       0.000000       0.000000
        3.754045       0.720825       0.122497       0.060561       0.037037       0.131720       0.000000       0.000000       0.000000       0.000000       0.024885       0.000000       0.000000       0.000000       0.000000       0.000000
        3.818770       0.714111       0.123366       0.059651       0.036509       0.135604       0.000000       0.000000       0.000000       0.000000       0.027060       0.000000       0.000000       0.000000       0.000000       0.000000
        3.883495       0.707520       0.124086       0.058781       0.036005       0.139265       0.000000       0.000000       0.000000       0.000000       0.029224       0.000000       0.000000       0.000000       0.000000       0.000000
        3.948220       0.701172       0.124737       0.057962       0.035538       0.142784       0.000000       0.000000       0.000000       0.000000       0.031328       0.000000       0.000000       0.000000       0.000000       0.000000
        4.012945       0.694824       0.125561       0.057070       0.035001       0.146317       0.000000       0.000000       0.000334       0.000000       0.033065       0.000000       0.000000       0.000000       0.000000       0.000000
        4.077670       0.688354       0.126359       0.056210       0.034485       0.149630       0.000000       0.000000       0.001285       0.000000       0.034488       0.000000       0.000000       0.000000       0.000000       0.000000
        4.142395       0.681885       0.127215       0.055325       0.033940       0.152843       0.000000       0.000000       0.002378       0.000000       0.035590       0.000000       0.000000       0.000000       0.000000       0.000000
        4.207120       0.675598       0.128066       0.054466       0.033411       0.156068       0.000000       0.000000       0.003622       0.000000       0.036684       0.000000       0.000000       0.000000       0.000000       0.000000
        4.271845       0.669556       0.128934       0.053600       0.032870       0.159138       0.000000       0.000000       0.004889       0.000000       0.037589       0.000000       0.000000       0.000000       0.000000       0.000000
        4.336570       0.663574       0.129794       0.052745       0.032333       0.162181       0.000000       0.000000       0.006184       0.000000       0.038390       0.000000       0.000000       0.000000       0.000000       0.000000
        4.401295       0.657593       0.130493       0.051947       0.031838       0.165092       0.000000       0.000000       0.007563       0.000000       0.039281       0.000000       0.000000       0.000000       0.000000       0.000000
        4.466020       0.651978       0.131294       0.051144       0.031335       0.167965       0.000000       0.000000       0.008906       0.000000       0.039944       0.000000       0.000000       0.000000       0.000000       0.000000
        4.530744       0.646484       0.132045       0.050355       0.030837       0.170714       0.000000       0.000000       0.010246       0.000000       0.040574       0.000000       0.000000       0.000000       0.000000       0.000000
        4.595469       0.640991       0.132755       0.049574       0.030342       0.173436       0.000000       0.000000       0.011591       0.000000       0.041174       0.000000       0.000000       0.000000       0.000000       0.000000
        4.660194       0.635742       0.133451       0.048825       0.029869       0.176088       0.000000       0.000000       0.012943       0.000000       0.041736       0.000000       0.000000       0.000000       0.000000       0.000000
        4.724919       0.630615       0.134067       0.048115       0.029425       0.178614       0.000000       0.000000       0.014313       0.000000       0.042279       0.000000       0.000000       0.000000       0.000000       0.000000
        4.789644       0.625732       0.134799       0.047385       0.028960       0.181225       0.000000       0.000000       0.015634       0.000000       0.042734       0.000000       0.000000       0.000000       0.000000       0.000000
        4.854369       0.620850       0.135384       0.046695       0.028524       0.183644       0.000000       0.000000       0.016978       0.000000       0.043231       0.000000       0.000000       0.000000       0.000000       0.000000
        4.919094       0.616089       0.135976       0.046010       0.028089       0.185987       0.000000       0.000000       0.018261       0.000000       0.043590       0.000000       0.000000       0.000000       0.000000       0.000000
        4.983819       0.611511       0.136560       0.045351       0.027672       0.188329       0.000000       0.000000       0.019574       0.000000       0.043981       0.000000       0.000000       0.000000       0.000000       0.000000
        5.048544       0.607056       0.137161       0.044690       0.027250       0.190647       0.000000       0.000000       0.020860       0.000000       0.044319       0.000000       0.000000       0.000000       0.000000       0.000000
        5.113269       0.602661       0.137677       0.044068       0.026857       0.192816       0.000000       0.000000       0.022116       0.000000       0.044617       0.000000       0.000000       0.000000       0.000000       0.000000
        5.177993       0.598450       0.138235       0.043438       0.026454       0.195015       0.000000       0.000000       0.023386       0.000000       0.044940       0.000000       0.000000       0.000000       0.000000       0.000000
        5.242719       0.594299       0.138754       0.042826       0.026063       0.197113       0.000000       0.000000       0.024612       0.000000       0.045199       0.000000       0.000000       0.000000       0.000000       0.000000
        5.307444       0.590332       0.139236       0.042256       0.025705       0.199153       0.000000       0.000000       0.025874       0.000000       0.045465       0.000000       0.000000       0.000000       0.000000       0.000000
        5.372168       0.586365       0.139745       0.041661       0.025323       0.201187       0.000000       0.000000       0.027058       0.000000       0.045677       0.000000       0.000000       0.000000       0.000000       0.000000
        5.436893       0.582520       0.140196       0.041101       0.024967       0.203112       0.000000       0.000000       0.028245       0.000000       0.045887       0.000000       0.000000       0.000000       0.000000       0.000000
        5.501618       0.578796       0.140682       0.040539       0.024607       0.205063       0.000000       0.000000       0.029425       0.000000       0.046080       0.000000       0.000000       0.000000       0.000000       0.000000
        5.566343       0.575073       0.141108       0.039997       0.024261       0.206923       0.000000       0.000000       0.030563       0.000000       0.046249       0.000000       0.000000       0.000000       0.000000       0.000000
        5.631068       0.571594       0.141532       0.039484       0.023937       0.208695       0.000000       0.000000       0.031730       0.000000       0.046392       0.000000       0.000000       0.000000       0.000000       0.000000
        5.695793       0.568176       0.141969       0.038973       0.023612       0.210506       0.000000       0.000000       0.032886       0.000000       0.046558       0.000000       0.000000       0.000000       0.000000       0.000000
        5.760518       0.564758       0.142395       0.038453       0.023277       0.212239       0.000000       0.000000       0.033974       0.000000       0.046650       0.000000       0.000000       0.000000       0.000000       0.000000
        5.825243       0.561462       0.142771       0.037966       0.022969       0.213886       0.000000       0.000000       0.035081       0.000000       0.046800       0.000000       0.000000       0.000000       0.000000       0.000000
        5.889968       0.558289       0.143191       0.037482       0.022659       0.215560       0.000000       0.000000       0.036170       0.000000       0.046869       0.000000       0.000000       0.000000       0.000000       0.000000
        5.954693       0.555115       0.143554       0.037015       0.022363       0.217153       0.000000       0.000000       0.037233       0.000000       0.046945       0.000000       0.000000       0.000000       0.000000       0.000000
        6.019418       0.552063       0.143917       0.036561       0.022075       0.218721       0.000000       0.000000       0.038311       0.000000       0.047050       0.000000       0.000000       0.000000       0.000000       0.000000
        6.084143       0.549072       0.144300       0.036099       0.021779       0.220234       0.000000       0.000000       0.039324       0.000000       0.047069       0.000000       0.000000       0.000000       0.000000       0.000000
        6.148868       0.546143       0.144656       0.035662       0.021501       0.221757       0.000000       0.000000       0.040364       0.000000       0.047123       0.000000       0.000000       0.000000       0.000000       0.000000
        6.213592       0.543274       0.144985       0.035232       0.021228       0.223190       0.000000       0.000000       0.041386       0.000000       0.047213       0.000000       0.000000       0.000000       0.000000       0.000000
        6.278317       0.540466       0.145336       0.034805       0.020955       0.224605       0.000000       0.000000       0.042355       0.000000       0.047172       0.000000       0.000000       0.000000       0.000000       0.000000
        6.343042       0.537781       0.145692       0.034392       0.020693       0.226039       0.000000       0.000000       0.043367       0.000000       0.047205       0.000000       0.000000       0.000000       0.000000       0.000000
        6.407767       0.535095       0.145992       0.033996       0.020442       0.227356       0.000000       0.000000       0.044337       0.000000       0.047210       0.000000       0.000000       0.000000       0.000000       0.000000
        6.472492       0.532471       0.146317       0.033591       0.020183       0.228661       0.000000       0.000000       0.045278       0.000000       0.047206       0.000000       0.000000       0.000000       0.000000       0.000000
        6.537217       0.529968       0.146648       0.033208       0.019940       0.229996       0.000000       0.000000       0.046253       0.000000       0.047211       0.000000       0.000000       0.000000       0.000000       0.000000
        6.601942       0.527466       0.146924       0.032840       0.019709       0.231209       0.000000       0.000000       0.047188       0.000000       0.047201       0.000000       0.000000       0.000000       0.000000       0.000000
        6.666667       0.525024       0.147227       0.032465       0.019470       0.232429       0.000000       0.000000       0.048108       0.000000       0.047184       0.000000       0.000000       0.000000       0.000000       0.000000
        6.731392       0.522644       0.147506       0.032108       0.019246       0.233602       0.000000       0.000000       0.049024       0.000000       0.047171       0.000000       0.000000       0.000000       0.000000       0.000000
        6.796117       0.520325       0.147813       0.031749       0.019018       0.234797       0.000000       0.000000       0.049927       0.000000       0.047122       0.000000       0.000000       0.000000       0.000000       0.000000
        6.860841       0.518066       0.148097       0.031406       0.018801       0.235932       0.000000       0.000000       0.050823       0.000000       0.047087       0.000000       0.000000       0.000000       0.000000       0.000000
        6.925566       0.515808       0.148377       0.031058       0.018580       0.237039       0.000000       0.000000       0.051688       0.000000       0.047034       0.000000       0.000000       0.000000       0.000000       0.000000
        6.990291       0.513672       0.148668       0.030725       0.018369       0.238148       0.000000       0.000000       0.052578       0.000000       0.047023       0.000000       0.000000       0.000000       0.000000       0.000000
        7.055017       0.511536       0.148956       0.030395       0.018161       0.239235       0.000000       0.000000       0.053423       0.000000       0.046912       0.000000       0.000000       0.000000       0.000000       0.000000
        7.119742       0.509399       0.149188       0.030079       0.017962       0.240224       0.000000       0.000000       0.054262       0.000000       0.046846       0.000000       0.000000       0.000000       0.000000       0.000000
        7.184466       0.507385       0.149432       0.029775       0.017772       0.241208       0.000000       0.000000       0.055132       0.000000       0.046827       0.000000       0.000000       0.000000       0.000000       0.000000
        7.249191       0.505371       0.149673       0.029471       0.017581       0.242163       0.000000       0.000000       0.055958       0.000000       0.046750       0.000000       0.000000       0.000000       0.000000       0.000000
        7.313916       0.503479       0.149981       0.029164       0.017387       0.243194       0.000000       0.000000       0.056779       0.000000       0.046697       0.000000       0.000000       0.000000       0.000000       0.000000
        7.378641       0.501526       0.150225       0.028867       0.017200       0.244124       0.000000       0.000000       0.057569       0.000000       0.046581       0.000000       0.000000       0.000000       0.000000       0.000000
        7.443366       0.499634       0.150447       0.028584       0.017023       0.244993       0.000000       0.000000       0.058361       0.000000       0.046503       0.000000       0.000000       0.000000       0.000000       0.000000
        7.508091       0.497803       0.150730       0.028288       0.016835       0.245940       0.000000       0.000000       0.059146       0.000000       0.046407       0.000000       0.000000       0.000000       0.000000       0.000000
        7.572816       0.496033       0.150965       0.028020       0.016669       0.246821       0.000000       0.000000       0.059953       0.000000       0.046325       0.000000       0.000000       0.000000       0.000000       0.000000
        7.637540       0.494263       0.151198       0.027748       0.016499       0.247653       0.000000       0.000000       0.060717       0.000000       0.046231       0.000000       0.000000       0.000000       0.000000       0.000000
        7.702265       0.492493       0.151456       0.027470       0.016322       0.248536       0.000000       0.000000       0.061441       0.000000       0.046143       0.000000       0.000000       0.000000       0.000000       0.000000
        7.766990       0.490784       0.151640       0.027219       0.016168       0.249272       0.000000       0.000000       0.062222       0.000000       0.046025       0.000000       0.000000       0.000000       0.000000       0.000000
