        0.064725       0.000000       0.000000       9.971300       0.967289
        0.129450       0.000000       0.000000       9.971300       0.936126
        0.194175       0.000000       0.000000       9.971300       0.906399
        0.258900       0.000000       0.000000       9.971300       0.877264
        0.323625       0.000000       0.000000       9.971300       0.850071
        0.388350       0.000000       0.000000       9.971300       0.823325
        0.453074       0.000000       0.000000       9.971300       0.798169
        0.517799       0.000000       0.000000       9.971300       0.773646
        0.582524       0.000000       0.000000       9.971300       0.750004
        0.647249       0.000000       0.000000       9.971300       0.727204
        0.711974       0.000000       0.000000       9.971300       0.704913
        0.776699       0.000000       0.000000       9.971300       0.684031
        0.841424       0.000000       0.000000       9.971300       0.663213
        0.906149       0.000000       0.000000       9.971300       0.643643
        0.970874       0.000000       0.000000       9.971300       0.624617
        1.035599       0.000000       0.000000       9.971300       0.606270
        1.100324       0.000000       0.000000       9.971300       0.588598
        1.165049       0.000000       0.000000       9.971300       0.571605
        1.229774       0.000000       0.000000       9.971300       0.555214
        1.294498       0.000000       0.000000       9.971300       0.539335
        1.359223       0.000000       0.000000       9.971300       0.524341
        1.423948       0.000000       0.000000       9.971300       0.509780
        1.488673       0.000000       0.000000       9.971300       0.495669
        1.553398       0.000000       0.000000       9.971300       0.482240
        1.618123       0.000000       0.000000       9.971300       0.469560
        1.682848       0.000000       0.000000       9.971300       0.457210
        1.747573       0.000000       0.000000       9.971300       0.445407
        1.812298       0.000000       0.000000       9.971300       0.433983
        1.877023       0.000000       0.000000       9.971300       0.423222
        1.941748       0.000000       0.000000       9.971300       0.412843
        2.006473       0.000000       0.000000       9.971300       0.402902
        2.071197       0.000000       0.000000       9.971300       0.393301
        2.135922       0.000000       0.000000       9.971300       0.384181
        2.200647       0.000000       0.000000       9.971300       0.375572
        2.265372       0.000000       0.000000       9.971300       0.367120
        2.330097       0.000000       0.000000       9.971300       0.359146
        2.394822       0.000000       0.000000       9.971300       0.351592
        2.459547       0.000000       0.000000       9.971300       0.344260
        2.524272       0.000000       0.000000       9.971300       0.337310
        2.588997       0.000000       0.000000       9.971300       0.330512
        2.653722       0.000000       0.000000       9.971300       0.323998
        2.718447       0.000000       0.000000       9.971300       0.317786
        2.783172       0.000000       0.000000       9.971300       0.311713
        2.847897       0.000000       0.000000       9.971300       0.305756
        2.912621       0.000000       0.000000       9.971300       0.300038
        2.977346       0.000000       0.000000       9.971300       0.294528
        3.042071       0.000000       0.000000       9.971300       0.289110
        3.106796       0.000000       0.000000       9.971300       0.283853
        3.171521       0.000000       0.000000       9.971300       0.278895
        3.236246       0.000000       0.000000       9.971300       0.274087
        3.300971       0.000000       0.000000       9.971300       0.269483
        3.365696       0.000000       0.000000       9.971300       0.264938
        3.430421       0.000000       0.000000       9.971300       0.260533
        3.495146       0.000000       0.000000       9.971300       0.256290
        3.559871       0.000000       0.000000       9.971300       0.252041
        3.624596       0.000000       0.000000       9.971300       0.248058
        3.689321       0.000000       0.000000       9.971300       0.244020
        3.754045       0.000000       0.000000       9.971300       0.240203
        3.818770       0.000000       0.000000       9.971300       0.236360
        3.883495       0.000000       0.000000       9.971300       0.232686
        3.948220       0.000000       0.000000       9.971300       0.229116
        4.012945       0.000000       0.000000       9.971300       0.225542
        4.077670       0.000000       0.000000       9.971300       0.222071
        4.142395       0.000000       0.000000       9.971300       0.218639
        4.207120       0.000000       0.000000       9.971300       0.215208
        4.271845       0.000000       0.000000       9.971300       0.211994
        4.336570       0.000000       0.000000       9.971300       0.208739
        4.401295       0.000000       0.000000       9.971300       0.205509
        4.466020       0.000000       0.000000       9.971300       0.202399
        4.530744       0.000000       0.000000       9.971300       0.199415
        4.595469       0.000000       0.000000       9.971300       0.196385
        4.660194       0.000000       0.000000       9.971300       0.193453
        4.724919       0.000000       0.000000       9.971300       0.190585
        4.789644       0.000000       0.000000       9.971300       0.187751
        4.854369       0.000000       0.000000       9.971300       0.185009
        4.919094       0.000000       0.000000       9.971300       0.182309
        4.983819       0.000000       0.000000       9.971300       0.179638
        5.048544       0.000000       0.000000       9.971300       0.177009
        5.113269       0.000000       0.000000       9.971300       0.174440
        5.177993       0.000000       0.000000       9.971300       0.171941
        5.242719       0.000000       0.000000       9.971300       0.169486
        5.307444       0.000000       0.000000       9.971300       0.167069
        5.372168       0.000000       0.000000       9.971300       0.164672
        5.436893       0.000000       0.000000       9.971300       0.162349
        5.501618       0.000000       0.000000       9.971300       0.160041
        5.566343       0.000000       0.000000       9.971300       0.157747
        5.631068       0.000000       0.000000       9.971300       0.155572
        5.695793       0.000000       0.000000       9.971300       0.153383
        5.760518       0.000000       0.000000       9.971300       0.151237
        5.825243       0.000000       0.000000       9.971300       0.149182
        5.889968       0.000000       0.000000       9.971300       0.147100
        5.954693       0.000000       0.000000       9.971300       0.145042
        6.019418       0.000000       0.000000       9.971300       0.143049
        6.084143       0.000000       0.000000       9.971300       0.141105
        6.148868       0.000000       0.000000       9.971300       0.139122
        6.213592       0.000000       0.000000       9.971300       0.137259
        6.278317       0.000000       0.000000       9.971300       0.135349
        6.343042       0.000000       0.000000       9.971300       0.133482
        6.407767       0.000000       0.000000       9.971300       0.131664
        6.472492       0.000000       0.000000       9.971300       0.129899
        6.537217       0.000000       0.000000       9.971300       0.128105
        6.601942       0.000000       0.000000       9.971300       0.126379
        6.666667       0.000000       0.000000       9.971300       0.124682
        6.731392       0.000000       0.000000       9.971300       0.123012
        6.796117       0.000000       0.000000       9.971300       0.121327
        6.860841       0.000000       0.000000       9.971300       0.119697
        6.925566       0.000000       0.000000       9.971300       0.118083
        6.990291       0.000000       0.000000       9.971300       0.116518
        7.055017       0.000000       0.000000       9.971300       0.114892
        7.119742       0.000000       0.000000       9.971300       0.113345
        7.184466       0.000000       0.000000       9.971300       0.111863
        7.249191       0.000000       0.000000       9.971300       0.110363
        7.313916       0.000000       0.000000       9.971300       0.108888
        7.378641       0.000000       0.000000       9.971300       0.107391
        7.443366       0.000000       0.000000       9.971300       0.105974
        7.508091       0.000000       0.000000       9.971300       0.104526
        7.572816       0.000000       0.000000       9.971300       0.103102
        7.637540       0.000000       0.000000       9.971300       0.101732
        7.702265       0.000000       0.000000       9.971300       0.100331
        7.766990       0.000000       0.000000       9.971300       0.098987
