 dentity  pressure  energy
   0.100000E-01   0.112835E-01   0.941884E+01
   0.200000E-01   0.330665E-01   0.188597E+02
   0.300000E-01   0.883344E-01   0.283174E+02
   0.400000E-01   0.199222E+00   0.377921E+02
   0.500000E-01   0.369167E+00   0.472831E+02
   0.600000E-01   0.581991E+00   0.567910E+02
   0.700000E-01   0.810981E+00   0.663137E+02
   0.800000E-01   0.103026E+01   0.758515E+02
   0.900000E-01   0.122260E+01   0.854022E+02
   0.100000E+00   0.138282E+01   0.949681E+02
   0.110000E+00   0.151705E+01   0.104550E+03
   0.120000E+00   0.163666E+01   0.114149E+03
   0.130000E+00   0.176130E+01   0.123768E+03
   0.140000E+00   0.191855E+01   0.133411E+03
   0.150000E+00   0.213521E+01   0.143080E+03
   0.160000E+00   0.243799E+01   0.152783E+03
   0.170000E+00   0.285256E+01   0.162523E+03
   0.180000E+00   0.340355E+01   0.172308E+03
   0.190000E+00   0.411381E+01   0.182142E+03
   0.200000E+00   0.500419E+01   0.192032E+03
   0.210000E+00   0.609449E+01   0.201988E+03
   0.220000E+00   0.740096E+01   0.212010E+03
   0.230000E+00   0.894003E+01   0.222113E+03
   0.240000E+00   0.107234E+02   0.232295E+03
   0.250000E+00   0.127637E+02   0.242570E+03
   0.260000E+00   0.150694E+02   0.252941E+03
   0.270000E+00   0.176488E+02   0.263416E+03
   0.280000E+00   0.205067E+02   0.273999E+03
   0.290000E+00   0.236486E+02   0.284696E+03
   0.300000E+00   0.270757E+02   0.295511E+03
   0.310000E+00   0.307925E+02   0.306457E+03
   0.320000E+00   0.347929E+02   0.317526E+03
   0.330000E+00   0.382994E+02   0.328723E+03
   0.340000E+00   0.416974E+02   0.340022E+03
   0.350000E+00   0.451451E+02   0.351430E+03
   0.360000E+00   0.486751E+02   0.362934E+03
   0.370000E+00   0.520914E+02   0.374539E+03
   0.380000E+00   0.553624E+02   0.386230E+03
   0.390000E+00   0.587141E+02   0.398012E+03
   0.400000E+00   0.621632E+02   0.409881E+03
   0.410000E+00   0.657176E+02   0.421824E+03
   0.420000E+00   0.693400E+02   0.433873E+03
   0.430000E+00   0.730409E+02   0.445995E+03
   0.440000E+00   0.768522E+02   0.458207E+03
   0.450000E+00   0.807777E+02   0.470502E+03
   0.460000E+00   0.848262E+02   0.482902E+03
   0.470000E+00   0.889936E+02   0.495375E+03
   0.480000E+00   0.932828E+02   0.507938E+03
   0.490000E+00   0.976966E+02   0.520600E+03
   0.500000E+00   0.102231E+03   0.533337E+03
   0.510000E+00   0.106892E+03   0.546186E+03
   0.520000E+00   0.111678E+03   0.559132E+03
   0.530000E+00   0.116579E+03   0.572140E+03
   0.540000E+00   0.121602E+03   0.585241E+03
   0.550000E+00   0.126752E+03   0.598474E+03
   0.560000E+00   0.132022E+03   0.611770E+03
   0.570000E+00   0.137412E+03   0.625164E+03
   0.580000E+00   0.142922E+03   0.638644E+03
   0.590000E+00   0.148557E+03   0.652242E+03
   0.600000E+00   0.154304E+03   0.665926E+03
   0.610000E+00   0.160185E+03   0.679728E+03
   0.620000E+00   0.166169E+03   0.693581E+03
   0.630000E+00   0.172279E+03   0.707566E+03
   0.640000E+00   0.178512E+03   0.721647E+03
   0.650000E+00   0.184852E+03   0.735796E+03
   0.660000E+00   0.191315E+03   0.750082E+03
   0.670000E+00   0.197901E+03   0.764460E+03
   0.680000E+00   0.204605E+03   0.778912E+03
   0.690000E+00   0.211415E+03   0.793507E+03
   0.700000E+00   0.218354E+03   0.808157E+03
   0.710000E+00   0.225397E+03   0.822911E+03
   0.720000E+00   0.232554E+03   0.837756E+03
   0.730000E+00   0.239836E+03   0.852727E+03
   0.740000E+00   0.247243E+03   0.867819E+03
   0.750000E+00   0.254739E+03   0.882946E+03
   0.760000E+00   0.262381E+03   0.898220E+03
   0.770000E+00   0.270117E+03   0.913575E+03
   0.780000E+00   0.278003E+03   0.929099E+03
   0.790000E+00   0.285953E+03   0.944614E+03
   0.800000E+00   0.294039E+03   0.960289E+03
   0.810000E+00   0.302256E+03   0.976086E+03
   0.820000E+00   0.310578E+03   0.991932E+03
   0.830000E+00   0.318999E+03   0.100790E+04
   0.840000E+00   0.327552E+03   0.102397E+04
   0.850000E+00   0.336217E+03   0.104017E+04
   0.860000E+00   0.345003E+03   0.105647E+04
   0.870000E+00   0.353871E+03   0.107282E+04
   0.880000E+00   0.362873E+03   0.108930E+04
   0.890000E+00   0.371968E+03   0.110588E+04
   0.900000E+00   0.381202E+03   0.112260E+04
   0.910000E+00   0.390537E+03   0.113940E+04
   0.920000E+00   0.399969E+03   0.115627E+04
   0.930000E+00   0.409543E+03   0.117329E+04
   0.940000E+00   0.419183E+03   0.119037E+04
   0.950000E+00   0.428968E+03   0.120758E+04
   0.960000E+00   0.438849E+03   0.122489E+04
   0.970000E+00   0.448825E+03   0.124226E+04
   0.980000E+00   0.458933E+03   0.125982E+04
   0.990000E+00   0.469163E+03   0.127742E+04
   0.100000E+01   0.479495E+03   0.129519E+04
   0.101000E+01   0.489912E+03   0.131299E+04
   0.102000E+01   0.500440E+03   0.133089E+04
   0.103000E+01   0.511097E+03   0.134891E+04
   0.104000E+01   0.521879E+03   0.136709E+04
   0.105000E+01   0.532730E+03   0.138530E+04
   0.106000E+01   0.543754E+03   0.140374E+04
   0.107000E+01   0.554793E+03   0.142211E+04
   0.108000E+01   0.566004E+03   0.144066E+04
   0.109000E+01   0.577343E+03   0.145937E+04
   0.110000E+01   0.588712E+03   0.147805E+04
   0.111000E+01   0.600263E+03   0.149693E+04
   0.112000E+01   0.611754E+03   0.151597E+04
   0.113000E+01   0.623095E+03   0.153498E+04
   0.114000E+01   0.634533E+03   0.155420E+04
   0.115000E+01   0.645958E+03   0.157342E+04
   0.116000E+01   0.657454E+03   0.159281E+04
   0.117000E+01   0.669070E+03   0.161223E+04
   0.118000E+01   0.680735E+03   0.163183E+04
   0.119000E+01   0.692498E+03   0.165158E+04
   0.120000E+01   0.704291E+03   0.167125E+04
   0.121000E+01   0.716208E+03   0.169115E+04
   0.122000E+01   0.728246E+03   0.171115E+04
   0.123000E+01   0.740335E+03   0.173121E+04
   0.124000E+01   0.752483E+03   0.175131E+04
   0.125000E+01   0.764812E+03   0.177168E+04
   0.126000E+01   0.777073E+03   0.179188E+04
   0.127000E+01   0.789520E+03   0.181232E+04
   0.128000E+01   0.802106E+03   0.183305E+04
   0.129000E+01   0.814726E+03   0.185364E+04
   0.130000E+01   0.827458E+03   0.187435E+04
   0.131000E+01   0.840224E+03   0.189515E+04
   0.132000E+01   0.853244E+03   0.191624E+04
   0.133000E+01   0.866172E+03   0.193716E+04
   0.134000E+01   0.879240E+03   0.195824E+04
   0.135000E+01   0.892504E+03   0.197963E+04
   0.136000E+01   0.905685E+03   0.200088E+04
   0.137000E+01   0.919139E+03   0.202245E+04
   0.138000E+01   0.932606E+03   0.204389E+04
   0.139000E+01   0.946132E+03   0.206552E+04
   0.140000E+01   0.959850E+03   0.208729E+04
