933.254 10.469 2.063 5.803e+00 1.814e-02 1.484e+00 2.909e-01
874.380 10.551 2.074 6.075e+00 1.872e-02 1.446e+00 2.901e-01
819.219 10.634 2.083 6.377e+00 1.933e-02 1.408e+00 2.892e-01
767.538 10.717 2.092 6.711e+00 1.999e-02 1.370e+00 2.881e-01
719.118 10.801 2.100 7.081e+00 2.069e-02 1.332e+00 2.870e-01
673.752 10.885 2.108 7.491e+00 2.143e-02 1.293e+00 2.858e-01
631.248 10.969 2.114 7.946e+00 2.222e-02 1.253e+00 2.845e-01
591.425 11.053 2.120 8.450e+00 2.305e-02 1.213e+00 2.831e-01
554.115 11.137 2.125 9.007e+00 2.394e-02 1.173e+00 2.816e-01
519.159 11.220 2.129 9.623e+00 2.488e-02 1.133e+00 2.801e-01
486.407 11.303 2.132 1.030e+01 2.586e-02 1.092e+00 2.784e-01
455.722 11.386 2.134 1.106e+01 2.689e-02 1.053e+00 2.767e-01
426.973 11.467 2.136 1.189e+01 2.800e-02 1.013e+00 2.749e-01
400.037 11.548 2.136 1.282e+01 2.915e-02 9.732e-01 2.730e-01
374.800 11.628 2.135 1.385e+01 3.037e-02 9.341e-01 2.710e-01
351.156 11.707 2.133 1.500e+01 3.165e-02 8.954e-01 2.689e-01
329.003 11.785 2.130 1.628e+01 3.299e-02 8.575e-01 2.668e-01
308.248 11.861 2.126 1.770e+01 3.441e-02 8.194e-01 2.646e-01
288.802 11.935 2.121 1.930e+01 3.591e-02 7.813e-01 2.623e-01
270.583 12.008 2.114 2.108e+01 3.747e-02 7.445e-01 2.599e-01
253.513 12.080 2.106 2.308e+01 3.910e-02 7.092e-01 2.574e-01
237.520 12.149 2.098 2.532e+01 4.082e-02 6.735e-01 2.548e-01
222.536 12.216 2.087 2.784e+01 4.262e-02 6.387e-01 2.522e-01
208.497 12.281 2.076 3.068e+01 4.450e-02 6.050e-01 2.495e-01
195.344 12.343 2.063 3.388e+01 4.648e-02 5.715e-01 2.467e-01
183.021 12.403 2.049 3.750e+01 4.854e-02 5.395e-01 2.439e-01
171.475 12.460 2.034 4.160e+01 5.069e-02 5.081e-01 2.410e-01
160.657 12.515 2.018 4.625e+01 5.291e-02 4.785e-01 2.379e-01
150.522 12.566 2.000 5.154e+01 5.525e-02 4.492e-01 2.349e-01
141.026 12.614 1.980 5.757e+01 5.768e-02 4.211e-01 2.317e-01
132.130 12.659 1.960 6.445e+01 6.019e-02 3.944e-01 2.285e-01
123.794 12.700 1.937 7.233e+01 6.280e-02 3.686e-01 2.252e-01
115.985 12.737 1.914 8.137e+01 6.552e-02 3.438e-01 2.218e-01
108.668 12.771 1.889 9.178e+01 6.831e-02 3.211e-01 2.183e-01
101.812 12.800 1.863 1.038e+02 7.121e-02 2.990e-01 2.148e-01
95.389 12.825 1.835 1.178e+02 7.420e-02 2.785e-01 2.112e-01
89.372 12.846 1.806 1.340e+02 7.727e-02 2.599e-01 2.075e-01
83.734 12.862 1.775 1.529e+02 8.043e-02 2.426e-01 2.037e-01
78.451 12.873 1.743 1.752e+02 8.368e-02 2.268e-01 1.998e-01
73.502 12.879 1.709 2.014e+02 8.702e-02 2.126e-01 1.958e-01
68.865 12.880 1.673 2.325e+02 9.042e-02 2.004e-01 1.918e-01
64.521 12.876 1.636 2.697e+02 9.389e-02 1.901e-01 1.876e-01
60.451 12.866 1.598 3.142e+02 9.744e-02 1.812e-01 1.833e-01
56.637 12.851 1.557 3.679e+02 1.010e-01 1.745e-01 1.789e-01
53.064 12.831 1.516 4.333e+02 1.047e-01 1.700e-01 1.743e-01
49.716 12.805 1.472 5.132e+02 1.084e-01 1.667e-01 1.697e-01
46.580 12.775 1.428 6.110e+02 1.121e-01 1.657e-01 1.650e-01
43.642 12.740 1.383 7.309e+02 1.158e-01 1.658e-01 1.602e-01
40.888 12.701 1.337 8.785e+02 1.195e-01 1.677e-01 1.554e-01
38.309 12.659 1.291 1.061e+03 1.231e-01 1.715e-01 1.505e-01
35.892 12.613 1.245 1.288e+03 1.267e-01 1.762e-01 1.457e-01
33.628 12.566 1.198 1.571e+03 1.302e-01 1.829e-01 1.408e-01
31.506 12.517 1.153 1.920e+03 1.336e-01 1.901e-01 1.359e-01
29.519 12.467 1.108 2.351e+03 1.369e-01 1.980e-01 1.312e-01
27.657 12.417 1.064 2.884e+03 1.401e-01 2.072e-01 1.265e-01
25.912 12.367 1.021 3.546e+03 1.431e-01 2.173e-01 1.219e-01
24.277 12.317 0.979 4.367e+03 1.459e-01 2.280e-01 1.174e-01
22.746 12.267 0.939 5.388e+03 1.486e-01 2.392e-01 1.129e-01
21.311 12.218 0.899 6.659e+03 1.511e-01 2.511e-01 1.086e-01
19.966 12.170 0.861 8.242e+03 1.534e-01 2.635e-01 1.044e-01
18.707 12.124 0.824 1.021e+04 1.555e-01 2.765e-01 1.003e-01
17.527 12.079 0.788 1.268e+04 1.575e-01 2.894e-01 9.631e-02
16.421 12.037 0.754 1.575e+04 1.594e-01 3.028e-01 9.243e-02
15.385 11.997 0.721 1.959e+04 1.611e-01 3.160e-01 8.867e-02
14.415 11.960 0.689 2.438e+04 1.626e-01 3.291e-01 8.504e-02
13.505 11.925 0.659 3.036e+04 1.642e-01 3.413e-01 8.154e-02
12.653 11.895 0.630 3.782e+04 1.655e-01 3.537e-01 7.817e-02
11.855 11.868 0.602 4.713e+04 1.669e-01 3.650e-01 7.492e-02
11.107 11.846 0.576 5.873e+04 1.682e-01 3.759e-01 7.181e-02
10.406 11.828 0.552 7.315e+04 1.695e-01 3.855e-01 6.883e-02
9.750 11.814 0.528 9.105e+04 1.709e-01 3.934e-01 6.599e-02
9.135 11.806 0.506 1.132e+05 1.723e-01 4.005e-01 6.328e-02
8.559 11.802 0.485 1.406e+05 1.739e-01 4.054e-01 6.071e-02
8.019 11.804 0.466 1.742e+05 1.756e-01 4.088e-01 5.828e-02
7.513 11.812 0.448 2.153e+05 1.775e-01 4.105e-01 5.597e-02
7.039 11.825 0.431 2.654e+05 1.795e-01 4.100e-01 5.380e-02
6.595 11.843 0.415 3.260e+05 1.818e-01 4.071e-01 5.177e-02
6.179 11.867 0.401 3.986e+05 1.844e-01 4.023e-01 4.987e-02
5.789 11.895 0.388 4.852e+05 1.873e-01 3.947e-01 4.810e-02
5.424 11.929 0.375 5.872e+05 1.904e-01 3.853e-01 4.645e-02
5.082 11.967 0.364 7.064e+05 1.938e-01 3.736e-01 4.492e-02
4.761 12.010 0.354 8.439e+05 1.975e-01 3.601e-01 4.351e-02
4.461 12.056 0.345 1.001e+06 2.015e-01 3.445e-01 4.222e-02
4.179 12.105 0.337 1.177e+06 2.057e-01 3.271e-01 4.104e-02
3.916 12.157 0.329 1.374e+06 2.102e-01 3.084e-01 3.997e-02
3.669 12.211 0.323 1.589e+06 2.148e-01 2.885e-01 3.899e-02
3.437 12.266 0.317 1.821e+06 2.197e-01 2.677e-01 3.811e-02
3.220 12.321 0.312 2.069e+06 2.246e-01 2.460e-01 3.732e-02
3.017 12.376 0.307 2.329e+06 2.296e-01 2.241e-01 3.660e-02
2.827 12.430 0.303 2.600e+06 2.346e-01 2.022e-01 3.596e-02
2.649 12.482 0.299 2.879e+06 2.396e-01 1.805e-01 3.539e-02
2.481 12.531 0.296 3.164e+06 2.446e-01 1.592e-01 3.487e-02
2.325 12.578 0.293 3.454e+06 2.493e-01 1.391e-01 3.439e-02
2.178 12.620 0.290 3.749e+06 2.539e-01 1.197e-01 3.396e-02
2.041 12.658 0.288 4.054e+06 2.582e-01 1.019e-01 3.354e-02
1.912 12.691 0.285 4.375e+06 2.622e-01 8.568e-02 3.314e-02
1.791 12.717 0.282 4.727e+06 2.659e-01 7.078e-02 3.272e-02
1.678 12.736 0.278 5.138e+06 2.694e-01 5.767e-02 3.226e-02
1.573 12.747 0.274 5.645e+06 2.727e-01 4.631e-02 3.174e-02
1.473 12.749 0.269 6.285e+06 2.757e-01 3.661e-02 3.113e-02
1.380 12.741 0.263 7.092e+06 2.786e-01 2.815e-02 3.045e-02
1.293 12.725 0.256 8.098e+06 2.812e-01 2.155e-02 2.971e-02
1.212 12.701 0.249 9.340e+06 2.836e-01 1.641e-02 2.892e-02
1.135 12.671 0.241 1.086e+07 2.856e-01 1.308e-02 2.810e-02
1.064 12.634 0.233 1.273e+07 2.874e-01 1.067e-02 2.726e-02
0.997 12.592 0.225 1.501e+07 2.889e-01 9.592e-03 2.640e-02
0.934 12.546 0.217 1.780e+07 2.902e-01 9.865e-03 2.554e-02
0.875 12.495 0.209 2.120e+07 2.913e-01 1.071e-02 2.468e-02
0.820 12.442 0.201 2.535e+07 2.920e-01 1.304e-02 2.383e-02
0.768 12.386 0.193 3.042e+07 2.926e-01 1.614e-02 2.298e-02
0.719 12.328 0.185 3.663e+07 2.929e-01 2.013e-02 2.215e-02
0.674 12.267 0.177 4.422e+07 2.931e-01 2.439e-02 2.133e-02
0.632 12.206 0.170 5.351e+07 2.930e-01 2.994e-02 2.053e-02
0.592 12.143 0.163 6.491e+07 2.927e-01 3.580e-02 1.975e-02
0.554 12.080 0.155 7.891e+07 2.923e-01 4.261e-02 1.899e-02
0.519 12.016 0.149 9.613e+07 2.916e-01 4.981e-02 1.825e-02
0.487 11.952 0.142 1.174e+08 2.908e-01 5.760e-02 1.752e-02
0.456 11.888 0.135 1.435e+08 2.899e-01 6.576e-02 1.682e-02
0.427 11.825 0.129 1.758e+08 2.888e-01 7.444e-02 1.614e-02
0.400 11.763 0.123 2.156e+08 2.877e-01 8.338e-02 1.548e-02
0.375 11.702 0.118 2.646e+08 2.864e-01 9.233e-02 1.485e-02
0.351 11.643 0.112 3.249e+08 2.851e-01 1.014e-01 1.424e-02
0.329 11.585 0.107 3.988e+08 2.839e-01 1.101e-01 1.365e-02
0.308 11.530 0.102 4.893e+08 2.826e-01 1.190e-01 1.310e-02
0.289 11.477 0.098 5.999e+08 2.813e-01 1.276e-01 1.256e-02
0.271 11.426 0.093 7.351e+08 2.800e-01 1.361e-01 1.205e-02
0.254 11.377 0.089 9.003e+08 2.788e-01 1.443e-01 1.156e-02
0.238 11.330 0.085 1.102e+09 2.775e-01 1.523e-01 1.109e-02
0.223 11.285 0.081 1.349e+09 2.763e-01 1.602e-01 1.064e-02
0.209 11.242 0.078 1.652e+09 2.751e-01 1.678e-01 1.021e-02
0.195 11.201 0.074 2.024e+09 2.739e-01 1.752e-01 9.796e-03
0.183 11.162 0.071 2.481e+09 2.728e-01 1.823e-01 9.397e-03
0.172 11.125 0.068 3.045e+09 2.718e-01 1.888e-01 9.014e-03
0.161 11.090 0.065 3.742e+09 2.709e-01 1.946e-01 8.644e-03
0.151 11.058 0.062 4.602e+09 2.702e-01 1.998e-01 8.290e-03
0.141 11.028 0.059 5.665e+09 2.697e-01 2.036e-01 7.949e-03
0.132 11.002 0.057 6.977e+09 2.695e-01 2.065e-01 7.624e-03
0.124 10.980 0.054 8.594e+09 2.696e-01 2.079e-01 7.313e-03
0.116 10.962 0.052 1.058e+10 2.700e-01 2.077e-01 7.017e-03
0.109 10.948 0.050 1.301e+10 2.709e-01 2.055e-01 6.737e-03
0.102 10.938 0.048 1.596e+10 2.723e-01 2.010e-01 6.474e-03
