   9.9999997764825821E-003   16790984624809.703        8.0398398146558248E-002   41.526769999999999     
   1.9999999552965164E-002   33619981086403.883        6.6745849081694744E-002   37.220329999999997     
   2.9999999329447746E-002   50474466637576.258        5.3946286634320426E-002   29.705970000000001     
   3.9999999105930328E-002   67356269484344.031        5.6195222557781130E-002   20.459810000000001     
   4.9999997019767761E-002   84266458709616.781        7.7292400291305782E-002   16.003240000000002     
   5.9999998658895493E-002   101205349841336.56       0.10785340366382291        14.379690000000000     
   7.0000000298023224E-002   118175407709544.88       0.14172439719162996        13.762330000000000     
   7.9999998211860657E-002   135177634579469.41       0.17479622463304736        13.507700000000000     
   8.9999996125698090E-002   152209550772694.97       0.20465905800055567        13.388150000000000     
   9.9999994039535522E-002   169275692467400.25       0.23048036352630677        13.318330000000000     
  0.10999999940395355        186377202988363.66       0.25243370172927743        13.265739999999999     
  0.11999999731779099        203516250198151.69       0.27090402658281493        13.218489999999999     
  0.12999999523162842        220696085890614.34       0.28692578233796240        13.170909999999999     
  0.14000000059604645        237919189744166.81       0.30176481464627075        13.119199999999999     
  0.14999999105930328        255190565660760.88       0.31641649670556321        13.060940000000000     
  0.15999999642372131        272515291784216.81       0.33175540270411685        12.994600000000000     
  0.17000000178813934        289904222275741.62       0.34860868321099203        12.919779999999999     
  0.17999999225139618        307364187387257.38       0.36778048477494879        12.837809999999999     
  0.18999999761581421        324896493775653.62       0.39004318486245410        12.751989999999999     
  0.19999998807907104        342515128608997.06       0.41613700395177511        12.667050000000000     
  0.20999999344348907        360227219106684.88       0.44667645864991024        12.588490000000000     
  0.21999999880790710        378046306985571.50       0.48211782556865385        12.521369999999999     
  0.22999998927116394        395978539472386.94       0.52268736242328706        12.469500000000000     
  0.23999999463558197        414027747447557.12       0.56837417930039913        12.434839999999999     
  0.25000000000000000        432205067191389.94       0.61896988694396649        12.417490000000001     
  0.25999999046325684        450528643416600.62       0.66981814906680537        12.415340000000000     
  0.26999998092651367        468951198901188.38       0.69511878952639650        12.417389999999999     
  0.28000000119209290        487439413894471.69       0.71853422004496259        12.418559999999999     
  0.28999999165534973        506006503449082.94       0.74328724674299451        12.417859999999999     
  0.29999998211860657        524652675442254.38       0.77028775421050766        12.414600000000000     
  0.31000000238418579        543381463786937.00       0.79999709294639609        12.408490000000000     
  0.31999999284744263        562219476768880.06       0.83273184400643574        12.399640000000000     
  0.32999998331069946        581173128885540.88       0.86858543476416883        12.388640000000001     
  0.34000000357627869        600256793362703.75       0.90760980842344408        12.376270000000000     
  0.34999999403953552        619472014431237.75       0.94970011901089046        12.363429999999999     
  0.35999998450279236        638838688911960.00       0.99419848386318299        12.351000000000001     
  0.37000000476837158        658352243505757.25        1.0349918013959896        12.340570000000000     
  0.37999999523162842        678008936422446.12        1.0747358891903942        12.330710000000000     
  0.38999998569488525        697795701093131.75        1.1140358900713900        12.320810000000000     
  0.39999997615814209        717759161411370.25        1.1530028590799135        12.310540000000000     
  0.40999999642372131        737836360272487.38        1.1914974972100958        12.299730000000000     
  0.41999998688697815        758094293538815.75        1.2294178969295015        12.288230000000000     
  0.42999997735023499        778494949373570.75        1.2666455250762445        12.275930000000001     
  0.43999999761581421        799065233029976.50        1.3030960766868720        12.262770000000000     
  0.44999998807907104        819799383339020.38        1.3386328167989425        12.248720000000000     
  0.45999997854232788        840685462208212.12        1.3731919717770082        12.233730000000000     
  0.46999999880790710        861723053883087.12        1.4067065489674275        12.217810000000000     
  0.47999998927116394        882966206444073.12        1.4391933646403789        12.200939999999999     
  0.48999997973442078        904341271957400.25        1.4704898383258616        12.183180000000000     
  0.50000000000000000        925927837706336.00        1.5006592073254910        12.164529999999999     
  0.50999999046325684        947656947843213.75        1.5296473555143471        12.145049999999999     
  0.51999998092651367        969553488242428.00        1.5574613372275570        12.124760000000000     
  0.52999997138977051        991614251655250.12        1.5840810588725054        12.103750000000000     
  0.53999996185302734        1013896730984816.8        1.6096163650163080        12.081970000000000     
  0.55000001192092896        1036344858771870.8        1.6340240551416723        12.059519999999999     
  0.56000000238418579        1058927334644559.8        1.6572994946025954        12.036490000000001     
  0.56999999284744263        1081727071921870.2        1.6795167543315799        12.012869999999999     
  0.57999998331069946        1104755236580857.5        1.7007346404175345        11.988680000000000     
  0.58999997377395630        1127896367667288.5        1.7209081338839831        11.964060000000000     
  0.59999996423721313        1151217936191456.0        1.7400605217919407        11.939060000000000     
  0.61000001430511475        1174710676768143.2        1.7581015375297160        11.913930000000001     
  0.62000000476837158        1198437308928045.2        1.7730396084822366        11.891760000000000     
  0.62999999523162842        1222280114764119.8        1.7868642085553563        11.869899999999999     
  0.63999998569488525        1246225790133492.2        1.8000093874515790        11.847700000000000     
  0.64999997615814209        1270334322466088.2        1.8125093982387308        11.825130000000000     
  0.65999996662139893        1294652395048958.8        1.8244353141051093        11.802110000000001     
  0.66999995708465576        1319139739092510.2        1.8357357105030294        11.778790000000001     
  0.68000000715255737        1343727101781600.8        1.8464623649719014        11.755129999999999     
  0.68999999761581421        1368519965963307.2        1.8566541327496100        11.731140000000000     
  0.69999998807907104        1393365571568552.2        1.8663017836527214        11.706899999999999     
  0.70999997854232788        1418499829559379.5        1.8754777106065290        11.682309999999999     
  0.71999996900558472        1443716763295213.0        1.8841672344907039        11.657489999999999     
  0.72999995946884155        1469110333285104.2        1.8923770113958533        11.632510000000000     
  0.74000000953674316        1494699664234435.8        1.9002002621746696        11.607160000000000     
  0.75000000000000000        1520324156132792.8        1.9075570185153896        11.581780000000000     
  0.75999999046325684        1546258088139973.5        1.9145299422400834        11.556170000000000     
  0.76999998092651367        1572227893818119.5        1.9211073033958777        11.530469999999999     
  0.77999997138977051        1598488965195626.8        1.9273373497871802        11.504569999999999     
  0.78999996185302734        1624862409065628.0        1.9331972851790595        11.478630000000001     
  0.79999995231628418        1651332307971469.8        1.9386958974918802        11.452730000000001     
  0.81000000238418579        1678007589582937.8        1.9438611668654426        11.426819999999999     
  0.81999999284744263        1704900013812037.0        1.9486329776158373        11.401330000000000     
  0.82999998331069946        1731898514823163.0        1.9530571468332838        11.376139999999999     
  0.83999997377395630        1759021148238788.2        1.9571728648903843        11.351150000000001     
  0.84999996423721313        1786282524858677.0        1.9610101260053738        11.326250000000000     
  0.85999995470046997        1813803213477629.8        1.9645962740805152        11.301360000000001     
  0.87000000476837158        1841466802845494.2        1.9679319424540000        11.276550000000000     
  0.87999999523162842        1869187647542515.5        1.9710217424428937        11.251870000000000     
  0.88999998569488525        1897247510308857.8        1.9739080575870043        11.227050000000000     
  0.89999997615814209        1925234556650360.2        1.9765287364624105        11.202750000000000     
  0.90999996662139893        1953602434081647.0        1.9788711420484513        11.179280000000000     
  0.91999995708465576        1982081377348538.5        1.9809939320138230        11.156230000000001     
  0.93000000715255737        2010633493401240.2        1.9829171564780845        11.133490000000000     
  0.93999999761581421        2039317700586768.0        1.9846636187063995        11.110900000000001     
  0.94999998807907104        2068027328188145.0        1.9862422717505808        11.088430000000001     
  0.95999997854232788        2097196423866654.8        1.9876758623589581        11.065820000000000     
  0.96999996900558472        2126370983746702.2        1.9889480582710342        11.043400000000000     
  0.97999995946884155        2155547206644609.2        1.9900771884779156        11.020960000000001     
  0.98999994993209839        2185004954708700.8        1.9910657657748618        10.998559999999999     
   1.0000000000000000        2214617838581669.8        1.9919222763641775        10.976089999999999     
   1.0099999904632568        2244484689039154.5        1.9926494166437816        10.953590000000000     
   1.0199999809265137        2274311389494035.5        1.9932464450610918        10.931240000000001     
   1.0299999713897705        2304561446781103.5        1.9937259323812160        10.908730000000000     
   1.0399999618530273        2334648053169999.0        1.9940833304306484        10.886500000000000     
   1.0499999523162842        2365052533544004.0        1.9943307061472160        10.864110000000000     
   1.0599999427795410        2395603121915650.0        1.9944667809339474        10.842169999999999     
   1.0699999332427979        2426410290185590.5        1.9944999640562611        10.820160000000000     
   1.0799999237060547        2457239790409642.5        1.9944344452066609        10.798539999999999     
   1.0900000333786011        2488771559318287.0        1.9944061574608341        10.793870000000000     
   1.1000000238418579        2520447535632733.5        1.9942518073461162        10.778020000000000     
   1.1100000143051147        2551975503357700.0        1.9939865939170813        10.760120000000001     
   1.1200000047683716        2583564765169481.5        1.9936177862637727        10.741450000000000     
   1.1299999952316284        2615409656583638.5        1.9931454098709389        10.722180000000000     
   1.1399999856948853        2647551753046654.0        1.9925767150943010        10.702610000000000     
