        0.065789      14.813160       1.151932       0.000000      19.053101     483.709673       0.992390       0.955320
        0.131579      14.503424       1.151932       0.000000      33.073181     474.708662       0.985164       0.914722
        0.197368      14.207416       1.151932       0.000000      45.058594     465.961030       0.978296       0.877788
        0.263158      13.928745       1.151932       0.000000      55.537476     457.442455       0.971754       0.844073
        0.328947      13.669335       1.151932       0.000000      64.815613     449.127438       0.965509       0.813141
        0.394737      13.429864       1.151932       0.000000      73.111389     440.990211       0.959529       0.784587
        0.460526      13.210133       1.151932       0.000000      80.594055     433.003378       0.953787       0.758048
        0.526316      13.009375       1.151932       0.000000      87.397827     425.142093       0.948258       0.733216
        0.592105      12.826476       1.151932       0.000000      93.629700     417.382799       0.942921       0.709838
        0.657895      12.660142       1.151932       0.000000      99.379211     409.705985       0.937761       0.687709
        0.723684      12.509012       1.151932       0.000000     104.720825     402.094940       0.932762       0.666653
        0.789474      12.371730       1.151932       0.000000     109.533081     394.502094       0.927910       0.646522
        0.855263      12.246997       1.151932       0.000000     113.859070     386.912816       0.923196       0.627206
        0.921053      12.133592       1.151932       0.000000     117.867004     379.340770       0.918617       0.608639
        0.986842      12.030389       1.151932       0.000000     121.627563     371.786400       0.914168       0.590755
        1.052632      11.936362       1.151932       0.000000     125.185303     364.251004       0.909849       0.573519
        1.118421      11.850580       1.151932       0.000000     128.575012     356.728282       0.905656       0.556890
        1.184211      11.772208       1.151932       0.000000     131.821899     349.221497       0.901588       0.540844
        1.250000      11.700495       1.151932       0.000000     134.943848     341.729663       0.897649       0.525370
        1.315789      11.634773       1.151932       0.000000     137.958008     334.252523       0.893834       0.510448
        1.381579      11.574444       1.151932       0.000000     140.875732     326.791109       0.890146       0.496069
        1.447368      11.518976       1.151932       0.000000     143.708252     319.344881       0.886583       0.482218
        1.513158      11.467893       1.151932       0.000000     146.461792     311.919392       0.883146       0.468890
        1.578947      11.420774       1.151932       0.000000     149.141174     304.513481       0.879834       0.456082
        1.644737      11.377242       1.151932       0.000000     151.751282     297.129631       0.876646       0.443781
        1.710526      11.336960       1.151932       0.000000     153.843872     289.730923       0.873452       0.431398
        1.776316      11.299629       1.151932       0.000000     152.585632     282.110370       0.869479       0.415479
        1.842105      11.264980       1.151932       0.000000     150.701294     274.451819       0.865496       0.399486
        1.907895      11.232773       1.151932       0.000000     148.549866     266.786224       0.861608       0.383897
        1.973684      11.202793       1.151932       0.000000     146.236145     259.132435       0.857856       0.368882
        2.039474      11.174848       1.151932       0.000000     143.815002     251.494206       0.854253       0.354499
        2.105263      11.148763       1.151932       0.000000     141.322144     243.875869       0.850806       0.340775
        2.171053      11.124383       1.151932       0.000000     138.786011     236.285249       0.847522       0.327736
        2.236842      11.101566       1.151932       0.000000     136.226685     228.716008       0.844397       0.315364
        2.302632      11.080187       1.151932       0.000000     133.663269     221.183727       0.841433       0.303668
        2.368421      11.060130       1.151932       0.000000     131.108459     213.720607       0.838632       0.292651
        2.434211      11.041292       1.151932       0.000000     128.521973     207.006663       0.836069       0.282639
        2.500000      11.023578       1.151932       0.000000     125.959961     200.638407       0.833660       0.273265
        2.565789      11.006902       1.151932       0.000000     123.441467     194.469279       0.831381       0.264425
        2.631579      10.991188       1.151932       0.000000     120.971680     188.466626       0.829208       0.256005
        2.697368      10.976364       1.151932       0.000000     118.565308     182.599034       0.827140       0.248016
        2.763158      10.962365       1.151932       0.000000     116.223450     176.863758       0.825165       0.240392
        2.828947      10.949134       1.151932       0.000000     113.948853     171.249861       0.823273       0.233098
        2.894737      10.936615       1.151932       0.000000     111.742554     165.743480       0.821457       0.226105
        2.960526      10.924760       1.151932       0.000000     109.607422     160.342292       0.819719       0.219417
        3.026316      10.913523       1.151932       0.000000     107.545654     155.049252       0.818050       0.213004
        3.092105      10.902863       1.151932       0.000000     105.551025     149.841056       0.816450       0.206857
        3.157895      10.892741       1.151932       0.000000     103.622192     144.718141       0.814903       0.200914
        3.223684      10.883123       1.151932       0.000000     101.776611     139.696571       0.813419       0.195221
        3.289474      10.873977       1.151932       0.000000      99.998535     134.749906       0.811977       0.189680
        3.355263      10.865271       1.151932       0.000000      98.299316     129.903005       0.810589       0.184352
        3.421053      10.856980       1.151932       0.000000      96.674805     125.122055       0.809247       0.179202
        3.486842      10.849077       1.151932       0.000000      95.115723     120.414509       0.807947       0.174209
        3.552631      10.841539       1.151932       0.000000      93.627319     115.798485       0.806689       0.169376
        3.618421      10.834344       1.151932       0.000000      92.201416     111.233195       0.805463       0.164665
        3.684211      10.827472       1.151932       0.000000      90.840820     106.756408       0.804280       0.160115
        3.750000      10.820904       1.151932       0.000000      89.537109     102.340456       0.803127       0.155680
        3.815789      10.814622       1.151932       0.000000      88.288452      97.988758       0.802000       0.151343
        3.881579      10.808611       1.151932       0.000000      87.104736      93.698705       0.800911       0.147150
        3.947368      10.802855       1.151932       0.000000      85.962402      89.440606       0.799837       0.143003
        4.013158      10.797340       1.151932       0.000061      84.835693      85.203597       0.798752       0.138798
        4.078948      10.792053       1.151932       0.004333      82.685303      82.640113       0.797768       0.135012
        4.144737      10.786981       1.151932       0.009338      80.393188      80.411755       0.796822       0.131375
        4.210526      10.782114       1.151932       0.014221      78.167603      78.191052       0.795892       0.127792
        4.276316      10.777441       1.151932       0.019104      75.976318      76.000607       0.794979       0.124268
        4.342105      10.772951       1.151932       0.023865      73.846558      73.814951       0.794083       0.120809
        4.407895      10.768635       1.151932       0.028748      71.715576      71.712388       0.793206       0.117419
        4.473684      10.764484       1.151932       0.033508      69.655151      69.625588       0.792360       0.114149
        4.539474      10.760491       1.151932       0.038269      67.609497      67.588114       0.791522       0.110905
        4.605263      10.756647       1.151932       0.043030      65.610352      65.575878       0.790723       0.107815
        4.671053      10.752945       1.151932       0.047791      63.625977      63.636123       0.789931       0.104745
        4.736842      10.749377       1.151932       0.052429      61.704956      61.669832       0.789168       0.101791
        4.802631      10.745939       1.151932       0.057190      59.771851      59.820141       0.788418       0.098887
        4.868421      10.742623       1.151932       0.061707      57.931763      57.884370       0.787690       0.096064
        4.934211      10.739424       1.151932       0.066345      56.087280      56.071624       0.786992       0.093361
        5.000000      10.736337       1.151932       0.070984      54.251465      54.280665       0.786295       0.090659
        5.065790      10.733356       1.151932       0.075500      52.479736      52.478644       0.785630       0.088081
        5.131579      10.730477       1.151932       0.080017      50.716309      50.713479       0.784966       0.085502
        5.197368      10.727695       1.151932       0.084534      48.978027      48.983640       0.784328       0.083028
        5.263158      10.725005       1.151932       0.088806      47.268555      47.265323       0.783714       0.080645
        5.328948      10.722405       1.151932       0.093079      45.571289      45.585269       0.783121       0.078350
        5.394737      10.719889       1.151932       0.097473      43.899414      43.909740       0.782447       0.075703
        5.460526      10.717455       1.151932       0.101990      42.262451      42.259217       0.781759       0.072990
        5.526316      10.715098       1.151932       0.106628      40.644287      40.664439       0.781066       0.070252
        5.592105      10.712816       1.151932       0.111267      39.055908      39.086439       0.780372       0.067500
        5.657895      10.710606       1.151932       0.115906      37.479980      37.514161       0.779669       0.064712
        5.723684      10.708464       1.151932       0.120422      35.947632      35.945822       0.778984       0.061991
        5.789474      10.706387       1.151932       0.125061      34.419556      34.433241       0.778315       0.059331
        5.855263      10.704374       1.151932       0.129578      32.917114      32.917403       0.777647       0.056677
        5.921053      10.702422       1.151932       0.134338      31.453491      31.464327       0.776971       0.053980
        5.986842      10.700527       1.151932       0.139954      30.124878      30.131906       0.776156       0.050694
        6.052631      10.698689       1.151932       0.145935      28.882568      28.898076       0.775303       0.047240
        6.118421      10.696904       1.151932       0.152039      27.717285      27.744132       0.774442       0.043747
        6.184211      10.695171       1.151932       0.158264      26.608398      26.621058       0.773586       0.040273
        6.250000      10.693488       1.151932       0.164612      25.532837      25.549012       0.772755       0.036904
        6.315790      10.691852       1.151932       0.170715      24.504395      24.499082       0.771925       0.033532
        6.381579      10.690263       1.151932       0.176941      23.499634      23.500157       0.771125       0.030289
        6.447368      10.688717       1.151932       0.183044      22.534790      22.508614       0.770366       0.027213
        6.513158      10.687215       1.151932       0.189148      21.576660      21.545275       0.769613       0.024159
        6.578948      10.685754       1.151932       0.195129      20.638550      20.613550       0.768894       0.021245
        6.644737      10.684332       1.151932       0.200989      19.712524      19.728832       0.768183       0.018367
        6.710526      10.682949       1.151932       0.206848      18.817383      18.814834       0.767524       0.015702
        6.776316      10.681603       1.151932       0.212463      17.918701      17.911185       0.766861       0.013020
        6.842105      10.680292       1.151932       0.218079      17.040894      17.044210       0.766232       0.010480
        6.907895      10.679016       1.151932       0.223450      16.191895      16.177959       0.765636       0.008073
        6.973684      10.677772       1.151932       0.228821      15.384399      15.388433       0.765042       0.005675
        7.039473      10.676561       1.151932       0.233826      14.628540      14.633296       0.764493       0.003465
        7.105263      10.675381       1.151932       0.238831      13.892212      13.917654       0.763946       0.001263
        7.171053      10.674231       1.151932       0.253601      12.426392      12.410701       0.758577      -0.021343
        7.236842      10.673109       1.151932       0.260925      11.499756      11.526391       0.756516      -0.029955
        7.302632      10.672016       1.151932       0.266785      10.698730      10.663113       0.755101      -0.035833
        7.368421      10.670950       1.151932       0.272156       9.940063       9.935324       0.753957      -0.040570
        7.434211      10.669909       1.151932       0.277161       9.212646       9.187865       0.752968      -0.044649
        7.500000      10.668895       1.151932       0.281799       8.510742       8.466269       0.752093      -0.048249
