        0.010000     248.453475
        0.020000     248.924574
        0.030000     249.803587
        0.040000     250.458532
        0.050000     250.680830
        0.060000     250.395137
        0.070000     249.581488
        0.080000     248.244448
        0.090000     246.400112
        0.100000     244.069453
        0.110000     241.310774
        0.120000     238.358307
        0.130000     235.091641
        0.140000     231.481689
        0.150000     227.524122
        0.160000     223.227448
        0.170000     218.595745
        0.180000     213.644586
        0.190000     208.383303
        0.200000     202.823326
        0.210000     196.980271
        0.220000     190.866342
        0.230000     184.496538
        0.240000     177.882270
        0.250000     171.042637
        0.260000     163.986533
        0.270000     156.732342
        0.280000     149.295646
        0.290000     141.686614
        0.300000     133.915825
        0.310000     127.413507
        0.320000     122.081178
        0.330000     117.052035
        0.340000     112.188601
        0.350000     107.431055
        0.360000     102.745192
        0.370000      98.115121
        0.380000      93.529325
        0.390000      88.978728
        0.400000      84.462387
        0.410000      81.504288
        0.420000      79.197256
        0.430000      77.062715
        0.440000      75.028903
        0.450000      73.068070
        0.460000      71.157993
        0.470000      69.296534
        0.480000      67.474442
        0.490000      65.685238
        0.500000      63.935068
        0.510000      62.209371
        0.520000      60.516357
        0.530000      58.851232
        0.540000      57.213319
        0.550000      55.603207
        0.560000      54.018027
        0.570000      52.457787
        0.580000      50.928411
        0.590000      49.421779
        0.600000      47.943967
        0.610000      46.488115
        0.620000      45.059429
        0.630000      43.655374
        0.640000      42.278948
        0.650000      40.926151
        0.660000      39.601509
        0.670000      38.300655
        0.680000      37.027447
        0.690000      35.780020
        0.700000      34.558620
        0.710000      33.360165
        0.720000      32.188133
        0.730000      31.042333
        0.740000      29.923029
        0.750000      28.829529
        0.760000      27.762188
        0.770000      26.717178
        0.780000      25.699975
        0.790000      24.708444
        0.800000      23.743150
        0.810000      22.801725
        0.820000      21.885037
        0.830000      20.991786
        0.840000      20.122992
        0.850000      19.280413
        0.860000      18.466427
        0.870000      17.674211
        0.880000      16.900935
        0.890000      16.154658
        0.900000      15.433212
        0.910000      14.736834
        0.920000      14.062904
        0.930000      13.412648
        0.940000      12.781714
        0.950000      12.178663
        0.960000      11.602351
        0.970000      11.045820
        0.980000      10.504422
        0.990000       9.987104
        1.000000       9.498674
        1.010000       9.024865
        1.020000       8.575925
        1.030000       8.155435
        1.040000       7.747528
        1.050000       7.374224
        1.060000       7.003686
        1.070000       6.673562
        1.080000       6.359682
        1.090000       6.068747
        1.100000       5.790616
        1.110000       5.522666
        1.120000       5.279255
        1.130000       5.051527
        1.140000       4.839851
        1.150000       4.635171
        1.160000       4.462259
        1.170000       4.281551
        1.180000       4.130594
        1.190000       3.994642
        1.200000       3.865097
        1.210000       3.754457
        1.220000       3.658479
        1.230000       3.560727
        1.240000       3.495343
        1.250000       3.416329
        1.260000       3.155389
        1.270000       2.842011
        1.280000       2.498535
        1.290000       2.128619
        1.300000       1.751436
        1.310000       1.366944
        1.320000       0.972852
        1.330000       0.580806
        1.340000       0.178108
        1.350000      -0.217034
        1.360000      -0.582549
        1.370000      -0.929653
        1.380000      -1.276275
        1.390000      -1.621929
        1.400000      -1.951689
