        0.010000       0.998116       0.001886       0.001886       0.000000       0.000000       0.000000       0.000000       0.000000       0.000000       0.000000
        0.020000       0.994896       0.005107       0.005107       0.000000       0.000000       0.000000       0.000000       0.000000       0.000000       0.000000
        0.030000       0.990852       0.009149       0.009149       0.000000       0.000000       0.000000       0.000000       0.000000       0.000000       0.000000
        0.040000       0.986259       0.013742       0.013742       0.000000       0.000000       0.000000       0.000000       0.000000       0.000000       0.000000
        0.050000       0.981300       0.018694       0.018694       0.000000       0.000000       0.000000       0.000000       0.000000       0.000000       0.000000
        0.060000       0.976143       0.023858       0.023858       0.000000       0.000000       0.000000       0.000000       0.000000       0.000000       0.000000
        0.070000       0.970879       0.029124       0.029124       0.000000       0.000000       0.000000       0.000000       0.000000       0.000000       0.000000
        0.080000       0.965599       0.034408       0.034408       0.000000       0.000000       0.000000       0.000000       0.000000       0.000000       0.000000
        0.090000       0.960350       0.039649       0.039649       0.000000       0.000000       0.000000       0.000000       0.000000       0.000000       0.000000
        0.100000       0.955193       0.044803       0.044803       0.000000       0.000000       0.000000       0.000000       0.000000       0.000000       0.000000
        0.110000       0.949928       0.050070       0.049749       0.000321       0.000000       0.000000       0.000000       0.000000       0.000000       0.000000
        0.120000       0.943352       0.056640       0.053918       0.002723       0.000000       0.000000       0.000000       0.000000       0.000000       0.000000
        0.130000       0.936546       0.063461       0.057633       0.005828       0.000000       0.000000       0.000000       0.000000       0.000000       0.000000
        0.140000       0.929817       0.070176       0.061012       0.009165       0.000000       0.000000       0.000000       0.000000       0.000000       0.000000
        0.150000       0.923332       0.076672       0.064120       0.012552       0.000000       0.000000       0.000000       0.000000       0.000000       0.000000
        0.160000       0.917107       0.082886       0.066988       0.015898       0.000000       0.000000       0.000000       0.000000       0.000000       0.000000
        0.170000       0.911201       0.088801       0.069647       0.019155       0.000000       0.000000       0.000000       0.000000       0.000000       0.000000
        0.180000       0.905586       0.094410       0.072114       0.022296       0.000000       0.000000       0.000000       0.000000       0.000000       0.000000
        0.190000       0.900276       0.099717       0.074409       0.025309       0.000000       0.000000       0.000000       0.000000       0.000000       0.000000
        0.200000       0.895271       0.104735       0.076546       0.028189       0.000000       0.000000       0.000000       0.000000       0.000000       0.000000
        0.210000       0.890541       0.109464       0.078533       0.030931       0.000000       0.000000       0.000000       0.000000       0.000000       0.000000
        0.220000       0.886086       0.113919       0.080383       0.033536       0.000000       0.000000       0.000000       0.000000       0.000000       0.000000
        0.230000       0.881889       0.118111       0.082102       0.036008       0.000000       0.000000       0.000000       0.000000       0.000000       0.000000
        0.240000       0.877953       0.122053       0.083702       0.038351       0.000000       0.000000       0.000000       0.000000       0.000000       0.000000
        0.250000       0.874245       0.125751       0.085184       0.040565       0.000000       0.000000       0.000000       0.000000       0.000000       0.000000
        0.260000       0.870781       0.129223       0.086561       0.042660       0.000000       0.000000       0.000000       0.000000       0.000000       0.000000
        0.270000       0.867531       0.132473       0.087835       0.044637       0.000000       0.000000       0.000000       0.000000       0.000000       0.000000
        0.280000       0.864479       0.135512       0.089011       0.046501       0.000000       0.000000       0.000000       0.000000       0.000000       0.000000
        0.290000       0.861641       0.138350       0.090094       0.048256       0.000000       0.000000       0.000000       0.000000       0.000000       0.000000
        0.300000       0.859001       0.141005       0.091095       0.049911       0.000000       0.000000       0.000000       0.000000       0.000000       0.000000
        0.310000       0.851585       0.141967       0.091183       0.050785       0.006437       0.000000       0.000000       0.000000       0.000000       0.000000
        0.320000       0.840202       0.141507       0.090513       0.050994       0.018279       0.000000       0.000000       0.000000       0.000000       0.000000
        0.330000       0.828102       0.140632       0.089638       0.050995       0.031271       0.000000       0.000000       0.000000       0.000000       0.000000
        0.340000       0.815804       0.139526       0.088658       0.050869       0.044680       0.000000       0.000000       0.000000       0.000000       0.000000
        0.350000       0.803551       0.138272       0.087616       0.050656       0.058182       0.000000       0.000000       0.000000       0.000000       0.000000
        0.360000       0.791451       0.136920       0.086540       0.050382       0.071640       0.000000       0.000000       0.000000       0.000000       0.000000
        0.370000       0.779549       0.135504       0.085444       0.050059       0.084961       0.000000       0.000000       0.000000       0.000000       0.000000
        0.380000       0.767906       0.134040       0.084338       0.049699       0.098067       0.000000       0.000000       0.000000       0.000000       0.000000
        0.390000       0.756508       0.132544       0.083232       0.049311       0.110958       0.000000       0.000000       0.000000       0.000000       0.000000
        0.400000       0.745384       0.131025       0.082128       0.048899       0.123576       0.000000       0.000000       0.000000       0.000000       0.000000
        0.410000       0.733269       0.131102       0.080063       0.047654       0.132240       0.000000       0.000000       0.000000       0.000000       0.003382
        0.420000       0.721062       0.131780       0.077657       0.046100       0.139151       0.000000       0.000000       0.000000       0.000000       0.008018
        0.430000       0.709114       0.132546       0.075229       0.044505       0.145517       0.000000       0.000000       0.000000       0.000000       0.012817
        0.440000       0.697502       0.133346       0.072819       0.042906       0.151532       0.000000       0.000000       0.000000       0.000000       0.017618
        0.450000       0.686211       0.134139       0.070452       0.041326       0.157274       0.000000       0.000000       0.000000       0.000000       0.022363
        0.460000       0.675285       0.134916       0.068134       0.039769       0.162782       0.000000       0.000000       0.000000       0.000000       0.027019
        0.470000       0.664665       0.135675       0.065866       0.038240       0.168101       0.000000       0.000000       0.000000       0.000000       0.031563
        0.480000       0.654350       0.136406       0.063658       0.036746       0.173253       0.000000       0.000000       0.000000       0.000000       0.036002
        0.490000       0.644356       0.137107       0.061506       0.035287       0.178240       0.000000       0.000000       0.000000       0.000000       0.040322
        0.500000       0.634621       0.137786       0.059409       0.033862       0.183093       0.000000       0.000000       0.000000       0.000000       0.044507
        0.510000       0.625191       0.138435       0.057371       0.032475       0.187809       0.000000       0.000000       0.000000       0.000000       0.048587
        0.520000       0.616005       0.139059       0.055390       0.031125       0.192412       0.000000       0.000000       0.000000       0.000000       0.052545
        0.530000       0.607079       0.139658       0.053465       0.029813       0.196898       0.000000       0.000000       0.000000       0.000000       0.056385
        0.540000       0.598396       0.140235       0.051593       0.028535       0.201272       0.000000       0.000000       0.000000       0.000000       0.060104
        0.550000       0.589943       0.140794       0.049774       0.027295       0.205560       0.000000       0.000000       0.000000       0.000000       0.063718
        0.560000       0.581718       0.141328       0.048011       0.026092       0.209747       0.000000       0.000000       0.000000       0.000000       0.067231
        0.570000       0.573723       0.141844       0.046296       0.024924       0.213828       0.000000       0.000000       0.000000       0.000000       0.070621
        0.580000       0.565895       0.142345       0.044633       0.023792       0.217851       0.000000       0.000000       0.000000       0.000000       0.073922
        0.590000       0.558296       0.142832       0.043018       0.022694       0.221772       0.000000       0.000000       0.000000       0.000000       0.077111
        0.600000       0.550850       0.143297       0.041451       0.021630       0.225620       0.000000       0.000000       0.000000       0.000000       0.080207
        0.610000       0.543617       0.143758       0.039931       0.020600       0.229400       0.000000       0.000000       0.000000       0.000000       0.083216
        0.620000       0.536537       0.144200       0.038459       0.019605       0.233111       0.000000       0.000000       0.000000       0.000000       0.086142
        0.630000       0.529655       0.144639       0.037029       0.018641       0.236741       0.000000       0.000000       0.000000       0.000000       0.088961
        0.640000       0.522896       0.145068       0.035642       0.017708       0.240333       0.000000       0.000000       0.000000       0.000000       0.091718
        0.650000       0.516319       0.145479       0.034300       0.016808       0.243820       0.000000       0.000000       0.000000       0.000000       0.094375
        0.660000       0.509880       0.145898       0.032996       0.015936       0.247278       0.000000       0.000000       0.000000       0.000000       0.096953
        0.670000       0.503578       0.146295       0.031735       0.015097       0.250662       0.000000       0.000000       0.000000       0.000000       0.099467
        0.680000       0.497414       0.146689       0.030512       0.014287       0.253983       0.000000       0.000000       0.000000       0.000000       0.101888
        0.690000       0.491371       0.147088       0.029327       0.013504       0.257286       0.000000       0.000000       0.000000       0.000000       0.104259
        0.700000       0.485466       0.147477       0.028178       0.012749       0.260504       0.000000       0.000000       0.000000       0.000000       0.106540
        0.710000       0.479698       0.147859       0.027069       0.012024       0.263659       0.000000       0.000000       0.000000       0.000000       0.108758
        0.720000       0.474037       0.148246       0.025992       0.011324       0.266790       0.000000       0.000000       0.000000       0.000000       0.110924
        0.730000       0.468483       0.148626       0.024952       0.010652       0.269876       0.000000       0.000000       0.000000       0.000000       0.113028
        0.740000       0.463051       0.148998       0.023946       0.010006       0.272877       0.000000       0.000000       0.000000       0.000000       0.115048
        0.750000       0.457710       0.149387       0.022968       0.009383       0.275889       0.000000       0.000000       0.000000       0.000000       0.117034
        0.760000       0.452477       0.149761       0.022026       0.008786       0.278817       0.000000       0.000000       0.000000       0.000000       0.118937
        0.770000       0.447350       0.150138       0.021115       0.008214       0.281711       0.000000       0.000000       0.000000       0.000000       0.120811
        0.780000       0.442314       0.150515       0.020233       0.007664       0.284561       0.000000       0.000000       0.000000       0.000000       0.122619
        0.790000       0.437370       0.150896       0.019380       0.007138       0.287373       0.000000       0.000000       0.000000       0.000000       0.124374
        0.800000       0.432503       0.151269       0.018558       0.006634       0.290142       0.000000       0.000000       0.000000       0.000000       0.126075
        0.810000       0.427742       0.151652       0.017762       0.006153       0.292870       0.000000       0.000000       0.000000       0.000000       0.127730
        0.820000       0.423058       0.152031       0.016995       0.005693       0.295554       0.000000       0.000000       0.000000       0.000000       0.129331
        0.830000       0.418465       0.152418       0.016253       0.005253       0.298210       0.000000       0.000000       0.000000       0.000000       0.130904
        0.840000       0.413963       0.152807       0.015538       0.004836       0.300821       0.000000       0.000000       0.000000       0.000000       0.132422
        0.850000       0.409508       0.153196       0.014847       0.004436       0.303418       0.000000       0.000000       0.000000       0.000000       0.133901
        0.860000       0.405113       0.153582       0.014180       0.004056       0.305966       0.000000       0.000000       0.000000       0.000000       0.135337
        0.870000       0.400810       0.153973       0.013537       0.003696       0.308475       0.000000       0.000000       0.000000       0.000000       0.136726
        0.880000       0.396584       0.154366       0.012919       0.003355       0.310958       0.000000       0.000000       0.000000       0.000000       0.138100
        0.890000       0.392433       0.154771       0.012322       0.003032       0.313408       0.000000       0.000000       0.000000       0.000000       0.139417
        0.900000       0.388329       0.155163       0.011748       0.002727       0.315808       0.000000       0.000000       0.000000       0.000000       0.140699
        0.910000       0.384285       0.155564       0.011194       0.002438       0.318187       0.000000       0.000000       0.000000       0.000000       0.141944
        0.920000       0.380318       0.155979       0.010660       0.002167       0.320551       0.000000       0.000000       0.000000       0.000000       0.143157
        0.930000       0.376396       0.156392       0.010146       0.001911       0.322888       0.000000       0.000000       0.000000       0.000000       0.144342
        0.940000       0.372566       0.156808       0.009653       0.001673       0.325161       0.000000       0.000000       0.000000       0.000000       0.145491
        0.950000       0.368767       0.157226       0.009178       0.001451       0.327427       0.000000       0.000000       0.000000       0.000000       0.146598
        0.960000       0.364998       0.157648       0.008719       0.001243       0.329679       0.000000       0.000000       0.000000       0.000000       0.147687
        0.970000       0.361305       0.158070       0.008280       0.001051       0.331874       0.000000       0.000000       0.000000       0.000000       0.148724
        0.980000       0.357674       0.158488       0.007860       0.000875       0.334041       0.000000       0.000000       0.000000       0.000000       0.149764
        0.990000       0.354103       0.158930       0.007455       0.000713       0.336204       0.000000       0.000000       0.000000       0.000000       0.150770
        1.000000       0.350548       0.159371       0.007065       0.000566       0.338360       0.000000       0.000000       0.000000       0.000000       0.151750
        1.010000       0.347084       0.159811       0.006693       0.000434       0.340436       0.000000       0.000000       0.000000       0.000000       0.152691
        1.020000       0.343636       0.160252       0.006335       0.000317       0.342517       0.000000       0.000000       0.000000       0.000000       0.153616
        1.030000       0.340218       0.160708       0.005990       0.000215       0.344598       0.000000       0.000000       0.000000       0.000000       0.154509
        1.040000       0.336876       0.161150       0.005663       0.000130       0.346592       0.000000       0.000000       0.000000       0.000000       0.155365
        1.050000       0.333549       0.161620       0.005345       0.000061       0.348616       0.000000       0.000000       0.000000       0.000000       0.156198
        1.060000       0.330315       0.162092       0.005045       0.000014       0.350601       0.000000       0.000000       0.000000       0.000000       0.157027
        1.070000       0.327049       0.162559       0.004754       0.000000       0.352578       0.000000       0.000000       0.000000       0.000000       0.157816
        1.080000       0.323875       0.163054       0.004475       0.000000       0.354526       0.000000       0.000000       0.000000       0.000000       0.158573
        1.090000       0.320702       0.163539       0.004209       0.000000       0.356473       0.000000       0.000000       0.000000       0.000000       0.159314
        1.100000       0.317574       0.164000       0.003958       0.000000       0.358344       0.000000       0.000000       0.000000       0.000000       0.160055
        1.110000       0.314537       0.164492       0.003718       0.000000       0.360213       0.000000       0.000000       0.000000       0.000000       0.160782
        1.120000       0.311501       0.164963       0.003490       0.000000       0.362046       0.000000       0.000000       0.000000       0.000000       0.161478
        1.130000       0.308510       0.165440       0.003273       0.000000       0.363860       0.000000       0.000000       0.000000       0.000000       0.162164
        1.140000       0.305550       0.165926       0.003065       0.000000       0.365688       0.000000       0.000000       0.000000       0.000000       0.162866
        1.150000       0.302650       0.166385       0.002871       0.000000       0.367424       0.000000       0.000000       0.000000       0.000000       0.163527
        1.160000       0.299751       0.166862       0.002683       0.000000       0.369179       0.000000       0.000000       0.000000       0.000000       0.164173
        1.170000       0.296944       0.167334       0.002508       0.000000       0.370895       0.000000       0.000000       0.000000       0.000000       0.164838
        1.180000       0.294136       0.167804       0.002341       0.000000       0.372592       0.000000       0.000000       0.000000       0.000000       0.165457
        1.190000       0.291359       0.168275       0.002182       0.000000       0.374273       0.000000       0.000000       0.000000       0.000000       0.166088
        1.200000       0.288643       0.168749       0.002032       0.000000       0.375927       0.000000       0.000000       0.000000       0.000000       0.166710
        1.210000       0.285927       0.169203       0.001890       0.000000       0.377550       0.000000       0.000000       0.000000       0.000000       0.167308
        1.220000       0.283257       0.169673       0.001756       0.000000       0.379167       0.000000       0.000000       0.000000       0.000000       0.167906
        1.230000       0.280647       0.170127       0.001630       0.000000       0.380733       0.000000       0.000000       0.000000       0.000000       0.168510
        1.240000       0.278023       0.170594       0.001510       0.000000       0.382327       0.000000       0.000000       0.000000       0.000000       0.169087
        1.250000       0.275459       0.171006       0.001399       0.000000       0.383790       0.000000       0.000000       0.000000       0.000096       0.169616
        1.260000       0.273201       0.171209       0.001309       0.000000       0.384817       0.000000       0.000000       0.000000       0.000901       0.169906
        1.270000       0.271019       0.171295       0.001230       0.000000       0.385637       0.000000       0.000000       0.000000       0.001990       0.170060
        1.280000       0.268929       0.171327       0.001157       0.000000       0.386315       0.000000       0.000000       0.000000       0.003233       0.170169
        1.290000       0.266914       0.171330       0.001090       0.000000       0.386928       0.000000       0.000000       0.000000       0.004577       0.170226
        1.300000       0.264946       0.171309       0.001028       0.000000       0.387486       0.000000       0.000000       0.000000       0.006012       0.170270
        1.310000       0.262993       0.171242       0.000970       0.000000       0.387986       0.000000       0.000000       0.000000       0.007503       0.170267
        1.320000       0.261101       0.171169       0.000916       0.000000       0.388449       0.000000       0.000000       0.000000       0.009042       0.170256
        1.330000       0.259270       0.171079       0.000866       0.000000       0.388811       0.000000       0.000000       0.000000       0.010592       0.170206
        1.340000       0.257439       0.170967       0.000818       0.000000       0.389213       0.000000       0.000000       0.000000       0.012199       0.170163
        1.350000       0.255684       0.170874       0.000774       0.000000       0.389557       0.000000       0.000000       0.000020       0.013823       0.170090
        1.360000       0.253899       0.170746       0.000731       0.000000       0.389836       0.000000       0.000000       0.000088       0.015467       0.169942
        1.370000       0.252144       0.170648       0.000690       0.000000       0.390138       0.000000       0.000000       0.000176       0.017167       0.169764
        1.380000       0.250389       0.170498       0.000652       0.000000       0.390366       0.000000       0.000000       0.000280       0.018851       0.169570
        1.390000       0.248695       0.170382       0.000616       0.000000       0.390617       0.000000       0.000000       0.000399       0.020560       0.169359
        1.400000       0.247002       0.170233       0.000582       0.000000       0.390789       0.000000       0.000000       0.000522       0.022268       0.169136
