        9.416099       0.009384       0.009698
       18.848526       0.021655       0.022266
       28.292596       0.048022       0.048919
       37.751100       0.105565       0.106731
       47.227181       0.210329       0.211761
       56.725442       0.374263       0.375959
       66.248079       0.603709       0.605659
       75.798418       0.899340       0.901546
       85.377522       1.257096       1.259544
       94.988918       1.669931       1.672603
      104.634930       2.127057       2.129969
      114.314934       2.604714       2.607847
      124.033293       3.105664       3.109098
      133.785310       3.629535       3.633161
      143.579864       4.178062       4.181961
      153.413207       4.754450       4.757967
      163.292727       5.365681       5.370031
      173.216607       6.019504       6.024109
      183.190380       6.726624       6.731509
      193.219541       7.498961       7.504044
      203.301609       8.348508       8.353850
      213.442764       9.288618       9.294200
      223.644905      10.332297      10.338128
      233.915028      11.493063      11.499105
      244.250269      12.782502      12.788919
      254.663021      14.214020      14.220564
      265.149602      15.797599      15.804415
      275.713878      17.543611      17.548862
      286.360796      19.461526      19.468944
      297.101000      21.561546      21.569066
      307.915533      23.482283      23.490296
      318.804929      25.226668      25.234861
      329.763956      27.008808      27.019465
      340.787784      28.864465      28.873006
      351.867318      30.807928      30.818739
      363.016383      32.850056      32.863179
      374.234580      34.997946      35.007666
      385.508449      37.251918      37.266510
      396.857981      39.619653      39.629469
      408.260652      42.098024      42.107836
      419.745715      44.474176      44.480386
      431.283352      46.864646      46.881938
      442.880492      49.340765      49.354533
      454.544065      51.912773      51.927365
      466.269274      54.582673      54.589990
      478.055953      57.354951      57.370997
      489.904866      60.230036      60.247648
      501.828609      63.212083      63.224952
      513.804592      66.293298      66.317715
      525.850440      69.487963      69.499737
      537.959590      72.784316      72.806430
      550.140870      76.189238      76.207846
      562.387717      79.702340      79.718973
      574.692934      83.321139      83.336972
      587.077645      87.047183      87.064516
      599.534520      90.882831      90.902446
      612.040970      94.825617      94.853295
      624.641906      98.875665      98.893015
      637.292617     103.033901     103.059938
      650.016757     107.298817     107.307712
      662.827321     111.674777     111.692218
      675.717912     116.160065     116.167503
      688.653812     120.745686     120.773580
      701.704656     125.447266     125.466839
      714.782552     130.249711     130.275473
      727.961331     135.162368     135.196376
      741.212406     140.182504     140.212689
      754.521253     145.308179     145.330917
      767.957503     150.551011     150.566953
      781.420872     155.889763     155.904622
      794.955738     161.332678     161.356533
      808.602082     166.887387     166.920987
      822.338448     172.556822     172.582409
      836.090005     178.315862     178.339050
      850.004148     184.203071     184.227275
      863.932750     190.181484     190.193378
      877.961769     196.259347     196.288499
      892.070414     202.452136     202.478289
      906.259018     208.749239     208.775825
      920.506594     215.136779     215.152855
      934.860649     221.649941     221.664317
      949.264479     228.252174     228.261935
      963.781052     234.963768     234.992370
      978.360061     241.775513     241.832900
      993.047148     248.699117     248.750925
     1007.800136     255.726170     255.747893
     1022.625288     262.853506     262.863351
     1037.553521     270.075294     270.105179
     1052.556983     277.407311     277.460267
     1067.616617     284.836595     284.869811
     1082.777134     292.374608     292.387035
     1098.037933     300.014636     300.045820
     1113.385089     307.756446     307.788564
     1128.772359     315.582348     315.652346
     1144.255913     323.517761     323.588992
     1159.872200     331.582209     331.608263
     1175.484890     339.705062     339.722353
     1191.234444     347.947354     347.956116
     1207.077950     356.282700     356.342869
     1223.047394     364.748446     364.791225
     1239.005909     373.271031     373.348092
     1255.096892     381.910424     381.981122
     1271.306748     390.670056     390.720931
     1287.495281     399.488792     399.525307
     1303.859459     408.452455     408.463816
     1320.282275     417.468392     417.572573
     1336.829695     426.641351     426.656743
     1353.390041     435.849358     435.948308
     1370.112706     445.211454     445.267259
     1386.859093     454.640450     454.624225
     1403.714225     464.155003     464.231931
     1420.626927     473.770406     473.809486
     1437.634783     483.481560     483.512711
     1454.843203     493.331511     493.375523
     1471.963002     503.196555     503.238267
     1489.284966     513.241408     513.201961
     1506.631984     523.285096     523.363356
     1524.083083     533.484305     533.523485
     1541.639196     543.765106     543.805619
     1559.268739     554.120137     554.234480
     1576.969046     564.585413     564.632056
     1594.808084     575.168096     575.210075
     1612.675373     585.785028     585.886977
     1630.743629     596.590333     596.629380
     1648.761510     607.385376     607.332736
     1666.913857     618.036358     618.131510
     1685.120443     628.712261     628.758638
     1703.368475     639.386032     639.437872
     1721.767364     650.161018     650.219322
     1740.312847     661.000972     661.114315
     1758.873922     671.871044     671.918287
     1777.616105     682.861389     682.883578
     1796.197703     693.806157     693.831744
     1815.138587     704.938964     704.899184
     1834.031761     716.037655     716.175252
     1852.968914     727.263481     727.266213
     1872.046529     738.499170     738.642697
     1891.217431     749.919832     749.825479
     1910.472957     761.317972     761.347224
     1929.711291     772.790808     772.726507
