   9.9999997764825821E-003   16786080949380.768        5.5950725945627562E-002   34.683669999999999     
   1.9999999552965164E-002   33601268423393.094        4.8126381971526216E-002   31.802800000000001     
   2.9999999329447746E-002   50437212067852.711        3.9224969508411277E-002   26.787269999999999     
   3.9999999105930328E-002   67298887944010.586        3.7772068926706925E-002   18.572920000000000     
   4.9999997019767761E-002   84191897600861.609        5.3080980979088102E-002   13.999930000000001     
   5.9999998658895493E-002   101124448476992.72        8.0448962765127099E-002   12.487259999999999     
   7.0000000298023224E-002   118100453118885.47       0.11666509780605355        12.081619999999999     
   7.9999998211860657E-002   135125843451850.56       0.15914998998358487        12.070180000000001     
   8.9999996125698090E-002   152202512643540.31       0.20529158422768740        12.197329999999999     
   9.9999994039535522E-002   169336748980235.34       0.25271966505782922        12.362259999999999     
  0.10999999940395355        186532695158210.16       0.29927605235973626        12.522750000000000     
  0.11999999731779099        203789237549433.97       0.34216085989089784        12.658070000000000     
  0.12999999523162842        221114156701748.62       0.38170130542353092        12.767580000000001     
  0.14000000059604645        238499078132362.53       0.41813153753678073        12.853800000000000     
  0.14999999105930328        255959830207686.78       0.45187006871237856        12.920380000000000     
  0.15999999642372131        273489731159536.44       0.48338416449858451        12.970810000000000     
  0.17000000178813934        291101951495422.50       0.51326920225915662        13.008220000000000     
  0.17999999225139618        308793254269868.88       0.54205089508553028        13.035019999999999     
  0.18999999761581421        326573498803041.31       0.57028504080549103        13.053160000000000     
  0.19999998807907104        344452485021611.00       0.59847525054783568        13.064109999999999     
  0.20999999344348907        362425788110202.19       0.62704408119608546        13.069060000000000     
  0.21999999880790710        380504425562132.81       0.65639063593791780        13.069020000000000     
  0.22999998927116394        398691782806616.56       0.68683979698948727        13.064900000000000     
  0.23999999463558197        417000332477598.38       0.71867483973243673        13.057520000000000     
  0.25000000000000000        435424966734510.25       0.75207266375081649        13.047710000000000     
  0.25999999046325684        453987779957483.12       0.78720589199139901        13.036190000000000     
  0.26999998092651367        472682209165322.44       0.82410912187005181        13.023630000000001     
  0.28000000119209290        491515144003445.06       0.86278002107263452        13.010560000000000     
  0.28999999165534973        510495404405855.06       0.90315036518100833        12.997400000000001     
  0.29999998211860657        529641966594197.06       0.94512537792790541        12.984410000000000     
  0.31000000238418579        548921035669830.12       0.98131942306314635        12.973400000000000     
  0.31999999284744263        568333561928673.62        1.0119737603901198        12.963220000000000     
  0.32999998331069946        587870220592016.38        1.0410412037162160        12.951930000000001     
  0.34000000357627869        607522399603087.00        1.0691388773235528        12.939019999999999     
  0.34999999403953552        627273884537757.12        1.0964921753668746        12.924270000000000     
  0.35999998450279236        647149323696441.62        1.1232505469398593        12.907610000000000     
  0.37000000476837158        667148004357200.75        1.1494941243451864        12.889030000000000     
  0.37999999523162842        687245931548064.38        1.1752145799096725        12.868639999999999     
  0.38999998569488525        707478741366018.00        1.2004846010729442        12.846489999999999     
  0.39999997615814209        727806283808457.88        1.2252556991080770        12.822749999999999     
  0.40999999642372131        748280706363972.75        1.2474883754943946        12.799640000000000     
  0.41999998688697815        768848851854559.38        1.2683974004136485        12.776120000000001     
  0.42999997735023499        789523074127172.75        1.2886478861096986        12.751480000000001     
  0.43999999761581421        810315727028767.75        1.3083324249021437        12.725650000000000     
  0.44999998807907104        831218257896067.88        1.3274734900481402        12.698689999999999     
  0.45999997854232788        852230369761598.12        1.3461101473329113        12.670620000000000     
  0.46999999880790710        873353428675743.25        1.3642515720342139        12.641529999999999     
  0.47999998927116394        894609885379603.75        1.3819286536496340        12.611459999999999     
  0.48999997973442078        915959471083586.38        1.3991020045066409        12.580579999999999     
  0.50000000000000000        937433604946533.12        1.4158568443593547        12.548830000000001     
  0.50999999046325684        959020586449933.75        1.4321362145481544        12.516420000000000     
  0.51999998092651367        980736154869956.88        1.4479800579033799        12.483350000000000     
  0.52999997138977051        1002568609688092.2        1.4633910700316248        12.449719999999999     
  0.53999996185302734        1024505121909425.1        1.4783644863650434        12.415609999999999     
  0.55000001192092896        1046583347009770.2        1.4929125755848944        12.381069999999999     
  0.56000000238418579        1068790218420232.6        1.5070491106829096        12.346159999999999     
  0.56999999284744263        1091085467351219.1        1.5207711608365515        12.310940000000000     
  0.57999998331069946        1113549156233956.8        1.5340852131265315        12.275480000000000     
  0.58999997377395630        1136101578998188.2        1.5470000614437436        12.239800000000001     
  0.59999996423721313        1158784905025346.0        1.5595180740147234        12.203970000000000     
  0.61000001430511475        1181622297778471.0        1.5716575300453794        12.167999999999999     
  0.62000000476837158        1204602353706528.0        1.5834187543679437        12.131940000000000     
  0.62999999523162842        1227663184787751.8        1.5947861426268579        12.095879999999999     
  0.63999998569488525        1250928923426642.0        1.6058047842300487        12.059749999999999     
  0.64999997615814209        1274242889583452.5        1.6164460404562109        12.023680000000001     
  0.65999996662139893        1297736699243049.5        1.6267388052654514        11.987629999999999     
  0.66999995708465576        1321359392786744.0        1.6366835263646355        11.951639999999999     
  0.68000000715255737        1345085074650726.2        1.6462841978545679        11.915760000000001     
  0.68999999761581421        1369037877239495.8        1.6555684102215460        11.879910000000001     
  0.69999998807907104        1393039026133175.8        1.6645058331284495        11.844260000000000     
  0.70999997854232788        1417167633467073.5        1.6731200462761153        11.808759999999999     
  0.71999996900558472        1441494971435160.2        1.6814297751737095        11.773389999999999     
  0.72999995946884155        1465982790626671.5        1.6894447879844716        11.738140000000000     
  0.74000000953674316        1490497693251891.5        1.6971384657480573        11.703180000000000     
  0.75000000000000000        1515302436132593.2        1.7045691430253580        11.668270000000000     
  0.75999999046325684        1540132955790114.5        1.7116965749332647        11.633660000000001     
  0.76999998092651367        1565142487441492.8        1.7185400515770555        11.599290000000000     
  0.77999997138977051        1590293969545862.8        1.7251236212971526        11.565090000000000     
  0.78999996185302734        1615587996038174.8        1.7314426599424064        11.531120000000000     
  0.79999995231628418        1640987149016593.8        1.7374915124887709        11.497460000000000     
  0.81000000238418579        1666576123604955.5        1.7433100555654266        11.463930000000000     
  0.81999999284744263        1692253832074810.5        1.7488723317183577        11.430730000000001     
  0.82999998331069946        1718132528131664.0        1.7542028033855590        11.397740000000001     
  0.83999997377395630        1744122527598101.5        1.7593005739600833        11.365030000000001     
  0.84999996423721313        1770305199562240.8        1.7641807249026082        11.332530000000000     
  0.85999995470046997        1796605351859441.8        1.7688433216817943        11.300300000000000     
  0.87000000476837158        1823034150466760.5        1.7732930025509692        11.268330000000001     
  0.87999999523162842        1849646712547534.2        1.7775327737712372        11.236670000000000     
  0.88999998569488525        1876393385139962.8        1.7815778188782083        11.205230000000000     
  0.89999997615814209        1903240195164921.0        1.7854270938091548        11.174090000000000     
  0.90999996662139893        1930266848692665.2        1.7890924384456650        11.143179999999999     
  0.91999995708465576        1957472276640287.0        1.7925758653406898        11.112539999999999     
  0.93000000715255737        1984831652526885.2        1.7958826781376109        11.082160000000000     
  0.93999999761581421        2012262538181435.2        1.7990114678349165        11.052120000000000     
  0.94999998807907104        2039865071036464.5        1.8019781154666563        11.022309999999999     
  0.95999997854232788        2067704227575477.0        1.8047937722834069        10.992670000000000     
  0.96999996900558472        2095536969617032.2        1.8074393791975134        10.963440000000000     
  0.97999995946884155        2123613700135948.5        1.8099405082894136        10.934410000000000     
  0.98999994993209839        2151857920310695.5        1.8122933158474783        10.905659999999999     
   1.0000000000000000        2180326647896451.2        1.8145121874771026        10.877079999999999     
   1.0099999904632568        2208775894415854.8        1.8165828155640054        10.848900000000000     
   1.0199999809265137        2237461289471282.0        1.8185249177923732        10.820919999999999     
   1.0299999713897705        2266358600516783.0        1.8203424664871917        10.793139999999999     
   1.0399999618530273        2295217899725499.0        1.8220274997879633        10.765739999999999     
   1.0499999523162842        2324390321439727.5        1.8236004595355224        10.738450000000000     
   1.0599999427795410        2353667275705113.0        1.8250488367122426        10.711550000000001     
   1.0699999332427979        2383166361641708.0        1.8263929481672037        10.684730000000000     
   1.0799999237060547        2412688492254353.5        1.8276187951722593        10.658350000000000     
   1.0900000333786011        2442499987974521.0        1.8287459056623203        10.632059999999999     
   1.1000000238418579        2472353771863111.0        1.8297668457878205        10.606090000000000     
   1.1100000143051147        2502401416119302.0        1.8306877214482837        10.580410000000001     
   1.1200000047683716        2532551692334811.5        1.8315133228867990        10.554950000000000     
   1.1299999952316284        2562871596371971.0        1.8322463734002798        10.529740000000000     
   1.1399999856948853        2593549049248884.5        1.8328924925564087        10.504659999999999     
   1.1499999761581421        2624068515429163.0        1.8334470100395126        10.480020000000000     
   1.1599999666213989        2654948381336954.0        1.8339221402459220        10.455399999999999     
   1.1699999570846558        2685872911152967.0        1.8343122060802495        10.431250000000000     
   1.1799999475479126        2716982986247284.5        1.8346263230339979        10.407190000000000     
   1.1899999380111694        2748280269637765.0        1.8348643390652601        10.383390000000000     
   1.1999999284744263        2779708456291172.5        1.8350289164877451        10.359859999999999     
   1.2099999189376831        2811262794727908.0        1.8351231000389985        10.336520000000000     
   1.2200000286102295        2843064447677723.0        1.8351489875610534        10.313350000000000     
   1.2300000190734863        2874916466311277.0        1.8351089841041115        10.290520000000001     
   1.2400000095367432        2907126746506525.0        1.8350043964256526        10.267709999999999     
   1.2500000000000000        2939247223737369.5        1.8348393953450073        10.245340000000001     
   1.2599999904632568        2971607413113936.5        1.8346205275333902        10.223660000000001     
   1.2699999809265137        3004064295100323.5        1.8343478001294291        10.202310000000001     
   1.2799999713897705        3036595062594460.5        1.8340243139385679        10.181350000000000     
   1.2899999618530273        3069394763833847.5        1.8336487694626467        10.160550000000001     
   1.2999999523162842        3102455796451128.5        1.8332238194760455        10.140000000000001     
   1.3099999427795410        3135544625224057.5        1.8327526276420627        10.119740000000000     
   1.3199999332427979        3168956317035675.0        1.8322327623622654        10.099620000000000     
   1.3299999237060547        3202081732201509.5        1.8316739503779806        10.079910000000000     
   1.3399999141693115        3235847646817162.0        1.8310657815074503        10.060200000000000     
   1.3500000238418579        3269528509948009.5        1.8304217172175097        10.040889999999999     
   1.3600000143051147        3303287772492225.0        1.8297340075371085        10.021670000000000     
   1.3700000047683716        3337297438011258.0        1.8290112837620129        10.002760000000000     
   1.3799999952316284        3371473405316223.5        1.8282433320571576        9.9838400000000007     
   1.3899999856948853        3405800232098427.0        1.8274453921371450        9.9652799999999999     
   1.3999999761581421        3440096411837223.0        1.8266122518157948        9.9468899999999998     
