        0.010000      -0.014016       3.155067       1.963744      -0.670846       0.000000
        0.020000       0.045619       6.189047       3.869294      -1.316785       0.000000
        0.030000       0.290544       9.107382       5.718402      -1.935185       0.000000
        0.040000       0.769221      11.914504       7.513698      -2.524974       0.000000
        0.050000       1.466326      14.615096       9.258261      -3.086008       0.000000
        0.060000       2.313407      17.214657      10.955814      -3.618888       0.000000
        0.070000       3.206483      19.718195      12.609857      -4.124504       0.000000
        0.080000       4.026451      22.131069      14.224201      -4.604083       0.000000
        0.090000       4.657170      24.457832      15.802225      -5.058880       0.000000
        0.100000       4.999724      26.703438      17.347662      -5.490342       0.000000
        0.110000       4.985622      28.872606      18.863857      -5.896817       0.000000
        0.120000       4.605664      30.972101      20.353599      -6.261708       0.000000
        0.130000       3.827037      33.004462      21.820299      -6.597940       0.000000
        0.140000       2.648210      34.970467      23.265509      -6.910858       0.000000
        0.150000       1.087716      36.873749      24.692741      -7.203873       0.000000
        0.160000      -0.821017      38.715122      26.103276      -7.479112       0.000000
        0.170000      -3.037758      40.496277      27.499344      -7.738474       0.000000
        0.180000      -5.515815      42.218609      28.882447      -7.983429       0.000000
        0.190000      -8.208869      43.883507      30.254372      -8.215375       0.000000
        0.200000     -11.071623      45.492504      31.616873      -8.435511       0.000000
        0.210000     -14.059041      47.045576      32.970283      -8.644731       0.000000
        0.220000     -17.131799      48.544247      34.316135      -8.844030       0.000000
        0.230000     -20.253358      49.989270      35.655174      -9.034221       0.000000
        0.240000     -23.393030      51.382198      36.988750      -9.216155       0.000000
        0.250000     -26.520555      52.723215      38.316728      -9.390342       0.000000
        0.260000     -29.615711      54.014679      39.641033      -9.557631       0.000000
        0.270000     -32.655334      55.256827      40.961216      -9.718422       0.000000
        0.280000     -35.623021      56.451372      42.278144      -9.873304       0.000000
        0.290000     -38.505212      57.598855      43.591686     -10.022563       0.000000
        0.300000     -41.294931      58.702480      44.904037     -10.166936       0.000000
        0.310000     -43.406946      59.737999      46.113755     -10.256797      -0.082630
        0.320000     -44.903685      60.719556      47.231252     -10.297734      -0.241302
        0.330000     -46.151758      61.666902      48.318507     -10.321548      -0.424142
        0.340000     -47.218536      62.585498      49.386893     -10.333921      -0.622226
        0.350000     -48.134638      63.476149      50.439513     -10.337278      -0.831339
        0.360000     -48.925954      64.342540      51.480978     -10.333389      -1.049508
        0.370000     -49.607420      65.186530      52.513768     -10.323224      -1.275454
        0.380000     -50.186902      66.006780      53.536389     -10.307424      -1.507650
        0.390000     -50.680772      66.807603      54.553438     -10.286780      -1.746064
        0.400000     -51.090239      67.586888      55.562155     -10.261605      -1.989361
        0.410000     -51.290810      68.317117      56.506674     -10.241326      -2.288027
        0.420000     -51.383883      69.015171      57.420080     -10.221764      -2.610297
        0.430000     -51.424993      69.695338      58.325185     -10.200678      -2.940786
        0.440000     -51.424077      70.358572      59.224083     -10.177628      -3.276713
        0.450000     -51.387894      71.006986      60.118434     -10.152905      -3.616933
        0.460000     -51.320470      71.638040      61.007331     -10.125941      -3.960747
        0.470000     -51.225406      72.255882      61.893411     -10.096988      -4.307536
        0.480000     -51.107084      72.860839      62.777442     -10.066371      -4.657754
        0.490000     -50.964448      73.450531      63.656323     -10.033644      -5.009490
        0.500000     -50.803674      74.029665      64.535629      -9.999372      -5.364880
        0.510000     -50.622226      74.593772      65.410147      -9.962971      -5.721391
        0.520000     -50.425498      75.147754      66.284108      -9.925133      -6.080410
        0.530000     -50.212579      75.689701      67.155991      -9.885677      -6.441516
        0.540000     -49.986709      76.219440      68.025635      -9.844227      -6.803976
        0.550000     -49.748708      76.739298      68.894127      -9.801419      -7.168097
        0.560000     -49.498340      77.247965      69.761013      -9.757204      -7.534071
        0.570000     -49.237036      77.744332      70.625476      -9.710958      -7.901312
        0.580000     -48.970190      78.234569      71.490970      -9.663993      -8.270223
        0.590000     -48.691451      78.711581      72.353248      -9.615046      -8.640093
        0.600000     -48.404899      79.181718      73.215927      -9.564928      -9.011129
        0.610000     -48.113648      79.641121      74.077107      -9.513363      -9.383712
        0.620000     -47.816661      80.093188      74.938577      -9.460893      -9.757777
        0.630000     -47.510314      80.533871      75.796293      -9.406770     -10.131815
        0.640000     -47.205341      80.969851      76.657088      -9.351677     -10.507746
        0.650000     -46.888791      81.393533      77.513627      -9.295216     -10.883846
        0.660000     -46.573191      81.811922      78.371506      -9.237676     -11.261161
        0.670000     -46.253532      82.221754      79.228634      -9.179104     -11.639322
        0.680000     -45.929120      82.624247      80.084945      -9.119478     -12.018283
        0.690000     -45.606823      83.021963      80.943565      -9.059069     -12.398804
        0.700000     -45.276345      83.410073      81.798839      -8.997319     -12.778756
        0.710000     -44.944998      83.789847      82.652726      -8.934641     -13.159408
        0.720000     -44.616281      84.164689      83.508210      -8.870995     -13.540855
        0.730000     -44.286395      84.534215      84.364900      -8.806971     -13.924071
        0.740000     -43.950701      84.894501      85.217772      -8.741806     -14.306340
        0.750000     -43.620822      85.252121      86.075155      -8.675762     -14.690466
        0.760000     -43.284563      85.602175      86.929464      -8.609078     -15.074402
        0.770000     -42.950346      85.945536      87.782700      -8.541530     -15.457817
        0.780000     -42.617045      86.283818      88.637308      -8.473449     -15.842749
        0.790000     -42.283886      86.616526      89.491772      -8.404550     -16.227805
        0.800000     -41.951118      86.945049      90.345169      -8.335306     -16.612488
        0.810000     -41.619972      87.266498      91.199988      -8.265342     -16.998973
        0.820000     -41.285997      87.583369      92.053125      -8.194631     -17.384635
        0.830000     -40.957643      87.894323      92.906743      -8.123362     -17.770725
        0.840000     -40.627563      88.199823      93.759116      -8.052040     -18.157327
        0.850000     -40.301235      88.503855      94.614415      -7.979966     -18.544610
        0.860000     -39.974807      88.802529      95.469845      -7.907462     -18.931622
        0.870000     -39.650383      89.095915      96.324230      -7.834837     -19.319393
        0.880000     -39.329575      89.384492      97.177741      -7.761536     -19.706536
        0.890000     -39.009699      89.668417      98.031659      -7.688121     -20.094586
        0.900000     -38.688141      89.948452      98.885571      -7.614242     -20.482305
        0.910000     -38.372440      90.224914      99.740854      -7.539969     -20.870570
        0.920000     -38.059086      90.497434     100.595779      -7.465737     -21.259069
        0.930000     -37.746097      90.767102     101.451416      -7.391103     -21.647402
        0.940000     -37.436321      91.028720     102.303607      -7.316164     -22.035208
        0.950000     -37.127188      91.290269     103.158211      -7.241560     -22.423719
        0.960000     -36.824513      91.549524     104.017253      -7.166332     -22.813322
        0.970000     -36.519584      91.803150     104.870793      -7.091071     -23.201065
        0.980000     -36.219476      92.052913     105.726128      -7.015981     -23.590519
        0.990000     -35.922704      92.299282     106.580740      -6.940525     -23.978978
        1.000000     -35.628484      92.545395     107.440114      -6.865298     -24.368811
        1.010000     -35.336104      92.782878     108.293155      -6.789763     -24.757147
        1.020000     -35.046677      93.021162     109.149888      -6.714432     -25.146127
        1.030000     -34.761285      93.257924     110.009713      -6.638953     -25.535510
        1.040000     -34.473359      93.487673     110.863826      -6.563629     -25.924102
        1.050000     -34.192731      93.717005     111.724223      -6.487975     -26.313333
        1.060000     -33.914834      93.941081     112.578481      -6.412563     -26.701525
        1.070000     -33.639538      94.166664     113.441601      -6.336931     -27.091330
        1.080000     -33.365413      94.385020     114.296752      -6.260799     -27.477235
        1.090000     -33.096734      94.605683     115.159436      -6.185521     -27.866801
        1.100000     -32.829315      94.820469     116.018852      -6.110361     -28.255184
        1.110000     -32.564518      95.030364     116.874916      -6.035776     -28.643499
        1.120000     -32.304279      95.240616     117.733570      -5.962013     -29.032666
        1.130000     -32.045849      95.447817     118.591790      -5.888505     -29.421765
        1.140000     -31.793850      95.654191     119.454407      -5.815324     -29.812458
        1.150000     -31.540073      95.855517     120.308677      -5.743210     -30.201647
        1.160000     -31.291885      96.057008     121.171985      -5.670834     -30.593219
        1.170000     -31.046233      96.253268     122.024758      -5.599631     -30.981960
        1.180000     -30.803702      96.449780     122.884250      -5.528805     -31.373644
        1.190000     -30.563969      96.643568     123.742853      -5.458272     -31.763821
        1.200000     -30.327790      96.833832     124.598569      -5.388617     -32.154260
        1.210000     -30.093335      97.024762     125.457278      -5.319476     -32.545980
        1.220000     -29.861708      97.212267     126.317020      -5.250624     -32.938276
        1.230000     -29.635169      97.395751     127.170870      -5.182942     -33.329872
        1.240000     -29.412320      97.581851     128.034609      -5.115565     -33.724345
        1.250000     -29.185804      97.763200     128.888463      -5.047222     -34.118807
        1.260000     -28.949636      97.937268     129.710979      -4.970633     -34.536124
        1.270000     -28.707276      98.111586     130.525937      -4.891100     -34.964497
        1.280000     -28.466903      98.279455     131.330583      -4.810180     -35.396297
        1.290000     -28.228705      98.446671     132.133618      -4.728574     -35.836132
        1.300000     -27.991636      98.611389     132.933486      -4.647122     -36.278365
        1.310000     -27.756727      98.778465     133.729832      -4.565418     -36.722786
        1.320000     -27.526843      98.942424     134.526432      -4.484037     -37.172484
        1.330000     -27.295119      99.098764     135.310605      -4.403518     -37.619245
        1.340000     -27.071594      99.262581     136.103970      -4.323180     -38.074042
        1.350000     -26.852052      99.418150     136.885439      -4.244432     -38.525319
        1.360000     -26.631536      99.575001     137.671885      -4.167595     -38.980434
        1.370000     -26.420148      99.731354     138.452963      -4.092913     -39.432642
        1.380000     -26.207943      99.887537     139.241269      -4.019404     -39.892979
        1.390000     -26.004451     100.042106     140.020435      -3.947061     -40.350228
        1.400000     -25.797220     100.192707     140.798923      -3.875846     -40.807723
