   9.9999997764825821E-003   16790984624809.703        8.0398398146558248E-002   41.526769999999999     
   1.9999999552965164E-002   33619981086403.883        6.6745849630203455E-002   37.220329999999997     
   2.9999999329447746E-002   50474466637576.258        5.3946285927862186E-002   29.705970000000001     
   3.9999999105930328E-002   67356269484344.031        5.6195222727143238E-002   20.459810000000001     
   4.9999997019767761E-002   84266458709616.781        7.7292400495839741E-002   16.003240000000002     
   5.9999998658895493E-002   101205349841336.56       0.10785340382399863        14.379690000000000     
   7.0000000298023224E-002   118175407709544.88       0.14172439731642411        13.762330000000000     
   7.9999998211860657E-002   135177634579469.41       0.17479622473392106        13.507700000000000     
   8.9999996125698090E-002   152211035610069.34       0.20466682618063758        13.388140000000000     
   9.9999994039535522E-002   169275692467400.25       0.23048208853356672        13.318350000000001     
  0.10999999940395355        186377202988363.66       0.25243523517553607        13.265760000000000     
  0.11999999731779099        203516250198151.69       0.27090542608027990        13.218510000000000     
  0.12999999523162842        220696085890614.34       0.28692706629465242        13.170930000000000     
  0.14000000059604645        237917244607206.41       0.30176079305874509        13.119230000000000     
  0.14999999105930328        255190565660760.88       0.31641662519227304        13.060960000000000     
  0.15999999642372131        272515291784216.81       0.33175547190870175        12.994610000000000     
  0.17000000178813934        289904222275741.62       0.34860870876844674        12.919790000000001     
  0.17999999225139618        307364187387257.38       0.36778049582905697        12.837820000000001     
  0.18999999761581421        324896493775653.62       0.39004317929818033        12.752000000000001     
  0.19999998807907104        342515128608997.06       0.41613698625402279        12.667059999999999     
  0.20999999344348907        360227219106684.88       0.44667643093151244        12.588490000000000     
  0.21999999880790710        378046306985571.50       0.48211777500035019        12.521380000000001     
  0.22999998927116394        395978539472386.94       0.52268728779296780        12.469510000000000     
  0.23999999463558197        414027747447557.12       0.56837413331444586        12.434839999999999     
  0.25000000000000000        432205067191389.94       0.61896984167686475        12.417490000000001     
  0.25999999046325684        450531227033632.06       0.67411841118318072        12.416100000000000     
  0.26999998092651367        469000762772745.62       0.73323587327341033        12.428360000000000     
  0.28000000119209290        487635204550659.25       0.79573369477687972        12.451490000000000     
  0.28999999165534973        506432948743008.88       0.86088314284257283        12.482590000000000     
  0.29999998211860657        525398895313129.62       0.92796263140358848        12.518940000000001     
  0.31000000238418579        544554366525718.12       0.99632107912471957        12.558170000000000     
  0.31999999284744263        563903935679887.38        1.0649349072665637        12.598050000000001     
  0.32999998331069946        583423785984152.00        1.1140188786720902        12.625629999999999     
  0.34000000357627869        603078400128516.62        1.1532334867539189        12.645680000000000     
  0.34999999403953552        622851088540893.12        1.1896613973051917        12.661680000000000     
  0.35999998450279236        642751948115427.12        1.2245321465993948        12.674040000000000     
  0.37000000476837158        662760488096352.38        1.2582592008556914        12.682869999999999     
  0.37999999523162842        682898624683314.50        1.2910611353999029        12.688250000000000     
  0.38999998569488525        703176751737934.50        1.3230241939915164        12.690289999999999     
  0.39999997615814209        723558995589247.12        1.3541614111653610        12.689120000000001     
  0.40999999642372131        744102195811943.88        1.3845421188621367        12.684920000000000     
  0.41999998688697815        764773685983788.38        1.4141119476584905        12.677860000000001     
  0.42999997735023499        785568655231687.38        1.4429021553956076        12.668120000000000     
  0.43999999761581421        806520898454282.25        1.4708995500486068        12.655900000000001     
  0.44999998807907104        827622813284215.88        1.4980840000677138        12.641389999999999     
  0.45999997854232788        848861214365603.88        1.5244218822487767        12.624810000000000     
  0.46999999880790710        870280884393657.75        1.5499533075398790        12.606310000000001     
  0.47999998927116394        891836387344721.25        1.5745012125661646        12.586190000000000     
  0.48999997973442078        913558548442686.62        1.5976323552599578        12.565040000000000     
  0.50000000000000000        935394388690035.75        1.6197270408312927        12.542730000000001     
  0.50999999046325684        957417852988013.25        1.6408997575747291        12.519270000000001     
  0.51999998092651367        979562895770205.75        1.6611625462066697        12.494790000000000     
  0.52999997138977051        1001885465708881.1        1.6805771534436356        12.469350000000000     
  0.53999996185302734        1024351886692387.8        1.6991503301202238        12.443070000000001     
  0.55000001192092896        1046987103988615.2        1.7168849683041856        12.416069999999999     
  0.56000000238418579        1069819982836122.2        1.7338531594350830        12.388350000000001     
  0.56999999284744263        1092760126335555.4        1.7500265864735955        12.360099999999999     
  0.57999998331069946        1115858018957643.9        1.7654570843624764        12.331320000000000     
  0.58999997377395630        1139104395317172.0        1.7801495853717095        12.302140000000000     
  0.59999996423721313        1162564469471623.0        1.7941737676803564        12.272530000000000     
  0.61000001430511475        1186155328102010.2        1.8075180579924957        12.242599999999999     
  0.62000000476837158        1209865330083319.0        1.8201876891286042        12.212470000000000     
  0.62999999523162842        1233796038291957.8        1.8322608736547250        12.182060000000000     
  0.63999998569488525        1257850522544125.8        1.8437321588095075        12.151460000000000     
  0.64999997615814209        1282099461098844.5        1.8546179157246394        12.120760000000001     
  0.65999996662139893        1306451744334821.0        1.8649647621441976        12.089900000000000     
  0.66999995708465576        1331039344597891.5        1.8747711551742281        12.058999999999999     
  0.68000000715255737        1355762243242516.5        1.8840670893982301        12.028060000000000     
  0.68999999761581421        1380627211127123.8        1.8928791927982656        11.997090000000000     
  0.69999998807907104        1405647671181577.5        1.9012054047901079        11.966189999999999     
  0.70999997854232788        1430936352259341.5        1.9091227304136602        11.935150000000000     
  0.71999996900558472        1456311272691810.5        1.9165874526654325        11.904249999999999     
  0.72999995946884155        1481829569021150.8        1.9236238394890728        11.873490000000000     
  0.74000000953674316        1507485895832815.0        1.9302762834902347        11.842750000000001     
  0.75000000000000000        1533365779759567.8        1.9365525810367741        11.812110000000001     
  0.75999999046325684        1559429545946765.2        1.9424729070772444        11.781540000000000     
  0.76999998092651367        1585589292021843.8        1.9480313059406384        11.751170000000000     
  0.77999997138977051        1611979722431408.0        1.9532706161937492        11.720850000000000     
  0.78999996185302734        1638536692200884.2        1.9581884701807142        11.690700000000000     
  0.79999995231628418        1665145215523999.8        1.9627769297741482        11.660850000000000     
  0.81000000238418579        1692060922003129.2        1.9671014769227615        11.630979999999999     
  0.81999999284744263        1719124161923779.0        1.9711356132957181        11.601340000000000     
  0.82999998331069946        1746211159242418.8        1.9748830710820393        11.572030000000000     
  0.83999997377395630        1773597262201756.5        1.9783974889071891        11.542710000000000     
  0.84999996423721313        1801116881737799.8        1.9816516559471913        11.513710000000000     
  0.85999995470046997        1828793300100579.0        1.9845923604747091        11.485650000000000     
  0.87000000476837158        1856633406935511.5        1.9873178085509717        11.457750000000001     
  0.87999999523162842        1884659652983697.5        1.9898346421857429        11.430009999999999     
  0.88999998569488525        1912834620343303.2        1.9921517869128109        11.402430000000001     
  0.89999997615814209        1941181234903388.8        1.9942780106570146        11.374969999999999     
  0.90999996662139893        1969601616184234.5        1.9962117164855904        11.347780000000000     
  0.91999995708465576        1998238546147761.5        1.9979716289485849        11.320690000000001     
  0.93000000715255737        2026998064284918.2        1.9995570756717067        11.293830000000000     
  0.93999999761581421        2055962608766731.2        2.0009823377007621        11.267080000000000     
  0.94999998807907104        2085128140835542.8        2.0022494434280054        11.240510000000000     
  0.95999997854232788        2114344276162073.2        2.0033643452647638        11.214140000000000     
  0.96999996900558472        2143818416830778.0        2.0043347026720082        11.187930000000000     
  0.97999995946884155        2173492594790561.8        2.0051678856688966        11.161840000000000     
  0.98999994993209839        2203290311219894.8        2.0058656568034507        11.135980000000000     
   1.0000000000000000        2233247202215762.8        2.0064358171388923        11.110270000000000     
   1.0099999904632568        2263299122803592.0        2.0068806492417681        11.084880000000000     
   1.0199999809265137        2293662027731114.0        2.0072109109971152        11.059460000000000     
   1.0299999713897705        2324015667273420.5        2.0074261404412548        11.034380000000001     
   1.0399999618530273        2354708324885047.5        2.0075337749036208        11.009350000000000     
   1.0499999523162842        2385375324506846.0        2.0075371135168845        10.984650000000000     
   1.0599999427795410        2416289638641723.0        2.0074409353520144        10.960070000000000     
   1.0699999332427979        2447354574679858.5        2.0072499872190761        10.935750000000001     
   1.0799999237060547        2478640216945324.0        2.0069664365580269        10.911519999999999     
   1.0900000333786011        2510108791175314.5        2.0065947268588458        10.887460000000001     
   1.1000000238418579        2541691638489639.0        2.0061394458759336        10.863630000000001     
   1.1100000143051147        2573469534041463.5        2.0056037742535926        10.840009999999999     
   1.1200000047683716        2605167604736040.5        2.0049932617833761        10.816649999999999     
   1.1299999952316284        2637337259780725.0        2.0043064203618672        10.793390000000000     
   1.1399999856948853        2669540412756576.0        2.0035582638342171        10.770600000000000     
   1.1499999761581421        2701914856571937.0        2.0027542774321025        10.748300000000000     
   1.1599999666213989        2734687236803635.5        2.0018875988814937        10.726190000000001     
   1.1699999570846558        2767285237734085.0        2.0009696013550520        10.704490000000000     
   1.1799999475479126        2800166664422559.0        1.9999961509610136        10.683009999999999     
   1.1899999380111694        2833282101481237.5        1.9989640639118971        10.661659999999999     
   1.1999999284744263        2866355725519452.5        1.9978881279293998        10.640670000000000     
