        0.065789      13.525059       0.625392       0.000000      19.053101     485.426230       0.995868       0.955320
        0.131579      13.242256       0.625392       0.000000      33.073181     478.053451       0.991946       0.914722
        0.197368      12.971988       0.625392       0.000000      45.058594     470.853645       0.988217       0.877788
        0.263158      12.717549       0.625392       0.000000      55.537476     463.809231       0.984665       0.844073
        0.328947      12.480697       0.625392       0.000000      64.815613     456.901742       0.981274       0.813141
        0.394737      12.262049       0.625392       0.000000      73.111389     450.112084       0.978028       0.784587
        0.460526      12.061426       0.625392       0.000000      80.594055     443.419279       0.974911       0.758048
        0.526316      11.878125       0.625392       0.000000      87.397827     436.803928       0.971909       0.733216
        0.592105      11.711130       0.625392       0.000000      93.629761     430.247260       0.969012       0.709840
        0.657895      11.559260       0.625392       0.000000      99.379211     423.733514       0.966210       0.687709
        0.723684      11.421271       0.625392       0.000000     104.720825     417.249059       0.963496       0.666653
        0.789474      11.295927       0.625392       0.000000     109.533081     410.749475       0.960862       0.646522
        0.855263      11.182040       0.625392       0.000000     113.859070     404.222406       0.958303       0.627206
        0.921053      11.078497       0.625392       0.000000     117.867004     397.681727       0.955817       0.608636
        0.986842      10.984268       0.625392       0.000000     121.627563     391.130405       0.953401       0.590755
        1.052632      10.898417       0.625392       0.000000     125.185303     384.568276       0.951056       0.573519
        1.118421      10.820094       0.625392       0.000000     128.575012     377.990221       0.948780       0.556890
        1.184211      10.748537       0.625392       0.000000     131.821899     371.400145       0.946572       0.540844
        1.250000      10.683060       0.625392       0.000000     134.943848     364.796392       0.944433       0.525370
        1.315789      10.623053       0.625392       0.000000     137.958008     358.178638       0.942362       0.510448
        1.381579      10.567970       0.625392       0.000000     140.875732     351.548379       0.940360       0.496069
        1.447368      10.517325       0.625392       0.000000     143.708252     344.904969       0.938425       0.482218
        1.513158      10.470685       0.625392       0.000000     146.461792     338.254252       0.936559       0.468890
        1.578947      10.427663       0.625392       0.000000     149.141174     331.593395       0.934761       0.456082
        1.644737      10.387916       0.625392       0.000000     151.751282     324.926446       0.933030       0.443781
        1.710526      10.351137       0.625392       0.000000     154.298706     318.254333       0.931365       0.431969
        1.776316      10.317052       0.625392       0.000000     156.783081     311.580736       0.929766       0.420643
        1.842105      10.285416       0.625392       0.000000     159.208984     304.901595       0.928230       0.409790
        1.907895      10.256010       0.625392       0.000000     161.576782     298.221866       0.926756       0.399396
        1.973684      10.228637       0.625392       0.000000     163.888245     291.540926       0.925344       0.389452
        2.039474      10.203121       0.625392       0.000000     166.146545     284.861685       0.923991       0.379933
        2.105263      10.179305       0.625392       0.000000     168.305664     278.185771       0.922688       0.370776
        2.171053      10.157045       0.625392       0.000000     167.786316     271.667225       0.921123       0.359440
        2.236842      10.136212       0.625392       0.000000     166.505310     265.808691       0.919598       0.348400
        2.302632      10.116692       0.625392       0.000000     165.002075     260.157580       0.918122       0.337714
        2.368421      10.098380       0.625392       0.000000     163.381653     254.632374       0.916692       0.327367
        2.434211      10.081179       0.625392       0.000000     161.691040     249.208592       0.915313       0.317398
        2.500000      10.065006       0.625392       0.000000     159.957764     243.879992       0.913979       0.307758
        2.565789      10.049780       0.625392       0.000000     158.198975     238.621804       0.912690       0.298447
        2.631579      10.035432       0.625392       0.000000     156.432556     233.446440       0.911449       0.289490
        2.697368      10.021897       0.625392       0.000000     154.663818     228.344087       0.910247       0.280822
        2.763158      10.009116       0.625392       0.000000     152.904602     223.314979       0.909091       0.272480
        2.828947       9.997035       0.625392       0.000000     151.164734     218.353755       0.907974       0.264434
        2.894737       9.985605       0.625392       0.000000     149.444153     213.467503       0.906895       0.256658
        2.960526       9.974780       0.625392       0.000000     147.750122     208.637533       0.905852       0.249152
        3.026316       9.964521       0.625392       0.000000     146.086792     203.880469       0.904847       0.241914
        3.092105       9.954787       0.625392       0.000000     144.453369     199.189308       0.903874       0.234909
        3.157895       9.945546       0.625392       0.000000     142.812134     194.637466       0.902944       0.228227
        3.223684       9.936764       0.625392       0.000000     140.990234     190.529528       0.902109       0.222276
        3.289474       9.928413       0.625392       0.000000     139.144165     186.592823       0.901320       0.216661
        3.355263       9.920465       0.625392       0.000000     137.307251     182.764273       0.900566       0.211307
        3.421053       9.912895       0.625392       0.000000     135.489990     179.048501       0.899844       0.206189
        3.486842       9.905679       0.625392       0.000000     133.689331     175.408455       0.899148       0.201256
        3.552631       9.898796       0.625392       0.000000     131.914062     171.857840       0.898477       0.196499
        3.618421       9.892227       0.625392       0.000000     130.166626     168.377012       0.897831       0.191921
        3.684211       9.885952       0.625392       0.000000     128.440674     164.976361       0.897205       0.187488
        3.750000       9.879955       0.625392       0.000000     126.744019     161.644213       0.896602       0.183214
        3.815789       9.874220       0.625392       0.000000     125.077515     158.372735       0.896020       0.179096
        3.881579       9.868731       0.625392       0.000000     123.440430     155.168650       0.895460       0.175131
        3.947368       9.863476       0.625392       0.000000     121.824463     152.019863       0.894911       0.171242
        4.013158       9.858440       0.625392       0.000000     120.236328     148.929368       0.894384       0.167510
        4.078948       9.853613       0.625392       0.000000     118.672363     145.907517       0.893870       0.163874
        4.144737       9.848983       0.625392       0.000000     117.132935     142.933051       0.893373       0.160348
        4.210526       9.844539       0.625392       0.000000     115.625488     140.000233       0.892893       0.156951
        4.276316       9.840272       0.625392       0.000000     114.130615     137.124945       0.892425       0.153630
        4.342105       9.836172       0.625392       0.000000     112.662720     134.300303       0.891969       0.150400
        4.407895       9.832232       0.625392       0.000000     111.208984     131.530961       0.891522       0.147229
        4.473684       9.828442       0.625392       0.000000     109.779785     128.791700       0.891091       0.144168
        4.539474       9.824796       0.625392       0.000000     108.373657     126.092892       0.890676       0.141227
        4.605263       9.821286       0.625392       0.000000     106.984253     123.448541       0.890266       0.138312
        4.671053       9.817906       0.625392       0.000000     105.604248     120.837635       0.889867       0.135479
        4.736842       9.814649       0.625392       0.000000     104.235596     118.253501       0.889478       0.132709
        4.802631       9.811509       0.625392       0.000000     102.894531     115.715540       0.889100       0.130025
        4.868421       9.808482       0.625392       0.000000     101.575317     113.223188       0.888732       0.127404
        4.934211       9.805561       0.625392       0.000000     100.266602     110.757001       0.888373       0.124852
        5.000000       9.802742       0.625392       0.000000      98.964600     108.320809       0.888018       0.122324
        5.065790       9.800021       0.625392       0.000000      97.692627     105.911018       0.887676       0.119881
        5.131579       9.797392       0.625392       0.000000      96.423218     103.541537       0.887338       0.117470
        5.197368       9.794852       0.625392       0.000000      95.169800     101.207651       0.887006       0.115104
        5.263158       9.792396       0.625392       0.000000      93.927856      98.892816       0.886686       0.112821
        5.328948       9.790022       0.625392       0.000000      92.683716      96.611601       0.886368       0.110544
        5.394737       9.787725       0.625392       0.000000      91.446533      94.356708       0.886061       0.108354
        5.460526       9.785502       0.625392       0.000000      90.218872      92.114555       0.885760       0.106198
        5.526316       9.783350       0.625392       0.000000      88.992554      89.910100       0.885464       0.104083
        5.592105       9.781267       0.625392       0.000183      87.757446      87.748149       0.885176       0.102014
        5.657895       9.779248       0.625392       0.002991      86.216553      86.197410       0.884890       0.099967
        5.723684       9.777293       0.625392       0.005798      84.678345      84.678000       0.884608       0.097943
        5.789474       9.775397       0.625392       0.008606      83.156616      83.171799       0.884335       0.095983
        5.855263       9.773559       0.625392       0.011292      81.653564      81.657653       0.884068       0.094069
        5.921053       9.771776       0.625392       0.013977      80.167114      80.159787       0.883810       0.092214
        5.986842       9.770046       0.625392       0.016663      78.677979      78.679653       0.883552       0.090362
        6.052631       9.768368       0.625392       0.019348      77.202637      77.220093       0.883303       0.088571
        6.118421       9.766738       0.625392       0.021912      75.748779      75.745589       0.883061       0.086834
        6.184211       9.765156       0.625392       0.024475      74.298096      74.286555       0.882820       0.085106
        6.250000       9.763619       0.625392       0.027039      72.845581      72.828031       0.882583       0.083396
        6.315790       9.762126       0.625392       0.029602      71.404907      71.396732       0.882351       0.081729
        6.381579       9.760674       0.625392       0.032043      69.983032      69.962505       0.882122       0.080078
        6.447368       9.759264       0.625392       0.034607      68.540283      68.552693       0.881897       0.078453
        6.513158       9.757892       0.625392       0.037048      67.116211      67.119771       0.881673       0.076833
        6.578948       9.756558       0.625392       0.039490      65.703491      65.717362       0.881457       0.075276
        6.644737       9.755260       0.625392       0.041931      64.299683      64.306519       0.881248       0.073770
        6.710526       9.753997       0.625392       0.044250      62.894165      62.880793       0.881037       0.072243
        6.776316       9.752767       0.625392       0.046692      61.490845      61.495355       0.880831       0.070751
        6.842105       9.751571       0.625392       0.049011      60.098633      60.098611       0.880626       0.069272
        6.907895       9.750405       0.625392       0.051453      58.698608      58.712208       0.880427       0.067831
        6.973684       9.749270       0.625392       0.053650      57.324097      57.293316       0.880230       0.066404
        7.039473       9.748164       0.625392       0.056091      55.924561      55.932879       0.880036       0.064999
        7.105263       9.747087       0.625392       0.058289      54.547607      54.526318       0.879846       0.063619
        7.171053       9.746037       0.625392       0.060608      53.144165      53.158793       0.879653       0.062216
        7.236842       9.745013       0.625392       0.062927      51.761353      51.776515       0.879468       0.060873
        7.302632       9.744014       0.625392       0.065125      50.373291      50.374952       0.879278       0.059491
        7.368421       9.743041       0.625392       0.067322      49.012573      48.985778       0.879102       0.058208
        7.434211       9.742091       0.625392       0.069641      47.613159      47.637283       0.878921       0.056896
        7.500000       9.741164       0.625392       0.071838      46.343994      46.348608       0.878739       0.055568
        7.565790       9.740260       0.625392       0.074158      45.161133      45.165348       0.878554       0.054212
        7.631579       9.739378       0.625392       0.076355      44.007324      43.995252       0.878360       0.052785
        7.697368       9.738516       0.625392       0.078674      42.900391      42.900722       0.878181       0.051474
        7.763158       9.737675       0.625392       0.080994      41.819580      41.810200       0.877996       0.050118
        7.828947       9.736853       0.625392       0.083313      40.748413      40.758892       0.877812       0.048769
        7.894737       9.736051       0.625392       0.085510      39.721558      39.715511       0.877635       0.047464
