        0.064725       0.996094       0.003418       0.004170       0.000000       0.000000       0.000000       0.000000       0.000000       0.000000       0.000000       0.000000       0.000000       0.000000       0.000000       0.000000
        0.129450       0.988281       0.011536       0.011324       0.000000       0.000000       0.000000       0.000000       0.000000       0.000000       0.000000       0.000000       0.000000       0.000000       0.000000       0.000000
        0.194175       0.980469       0.019226       0.019103       0.000000       0.000000       0.000000       0.000000       0.000000       0.000000       0.000000       0.000000       0.000000       0.000000       0.000000       0.000000
        0.258900       0.973877       0.026072       0.026192       0.000000       0.000000       0.000000       0.000000       0.000000       0.000000       0.000000       0.000000       0.000000       0.000000       0.000000       0.000000
        0.323625       0.968018       0.031920       0.031982       0.000000       0.000000       0.000000       0.000000       0.000000       0.000000       0.000000       0.000000       0.000000       0.000000       0.000000       0.000000
        0.388350       0.963379       0.036550       0.036470       0.000000       0.000000       0.000000       0.000000       0.000000       0.000000       0.000000       0.000000       0.000000       0.000000       0.000000       0.000000
        0.453074       0.959961       0.039961       0.039880       0.000000       0.000000       0.000000       0.000000       0.000000       0.000000       0.000000       0.000000       0.000000       0.000000       0.000000       0.000000
        0.517799       0.957520       0.042397       0.042457       0.000000       0.000000       0.000000       0.000000       0.000000       0.000000       0.000000       0.000000       0.000000       0.000000       0.000000       0.000000
        0.582524       0.955566       0.044347       0.044352       0.000000       0.000000       0.000000       0.000000       0.000000       0.000000       0.000000       0.000000       0.000000       0.000000       0.000000       0.000000
        0.647249       0.954102       0.045809       0.045838       0.000000       0.000000       0.000000       0.000000       0.000000       0.000000       0.000000       0.000000       0.000000       0.000000       0.000000       0.000000
        0.711974       0.953003       0.047066       0.047051       0.000000       0.000000       0.000000       0.000000       0.000000       0.000000       0.000000       0.000000       0.000000       0.000000       0.000000       0.000000
        0.776699       0.951416       0.048655       0.047920       0.000813       0.000000       0.000000       0.000000       0.000000       0.000000       0.000000       0.000000       0.000000       0.000000       0.000000       0.000000
        0.841424       0.949463       0.050611       0.048562       0.002079       0.000000       0.000000       0.000000       0.000000       0.000000       0.000000       0.000000       0.000000       0.000000       0.000000       0.000000
        0.906149       0.947327       0.052660       0.049159       0.003490       0.000000       0.000000       0.000000       0.000000       0.000000       0.000000       0.000000       0.000000       0.000000       0.000000       0.000000
        0.970874       0.945190       0.054796       0.049783       0.004974       0.000000       0.000000       0.000000       0.000000       0.000000       0.000000       0.000000       0.000000       0.000000       0.000000       0.000000
        1.035599       0.942993       0.056993       0.050444       0.006494       0.000000       0.000000       0.000000       0.000000       0.000000       0.000000       0.000000       0.000000       0.000000       0.000000       0.000000
        1.100324       0.940918       0.059068       0.051094       0.008002       0.000000       0.000000       0.000000       0.000000       0.000000       0.000000       0.000000       0.000000       0.000000       0.000000       0.000000
        1.165049       0.939209       0.060776       0.051479       0.009339       0.000000       0.000000       0.000000       0.000000       0.000000       0.000000       0.000000       0.000000       0.000000       0.000000       0.000000
        1.229774       0.937988       0.061997       0.051566       0.010462       0.000000       0.000000       0.000000       0.000000       0.000000       0.000000       0.000000       0.000000       0.000000       0.000000       0.000000
        1.294498       0.937012       0.062973       0.051491       0.011432       0.000000       0.000000       0.000000       0.000000       0.000000       0.000000       0.000000       0.000000       0.000000       0.000000       0.000000
        1.359223       0.936279       0.063705       0.051387       0.012329       0.000000       0.000000       0.000000       0.000000       0.000000       0.000000       0.000000       0.000000       0.000000       0.000000       0.000000
        1.423948       0.935547       0.064437       0.051246       0.013148       0.000000       0.000000       0.000000       0.000000       0.000000       0.000000       0.000000       0.000000       0.000000       0.000000       0.000000
        1.488673       0.934937       0.065048       0.051147       0.013943       0.000000       0.000000       0.000000       0.000000       0.000000       0.000000       0.000000       0.000000       0.000000       0.000000       0.000000
        1.553398       0.934326       0.065714       0.051033       0.014682       0.000000       0.000000       0.000000       0.000000       0.000000       0.000000       0.000000       0.000000       0.000000       0.000000       0.000000
        1.618123       0.933655       0.066329       0.050943       0.015394       0.000000       0.000000       0.000000       0.000000       0.000000       0.000000       0.000000       0.000000       0.000000       0.000000       0.000000
        1.682848       0.933044       0.066939       0.050875       0.016080       0.000000       0.000000       0.000000       0.000000       0.000000       0.000000       0.000000       0.000000       0.000000       0.000000       0.000000
        1.747573       0.932434       0.067549       0.050823       0.016742       0.000000       0.000000       0.000000       0.000000       0.000000       0.000000       0.000000       0.000000       0.000000       0.000000       0.000000
        1.812298       0.931824       0.068160       0.050787       0.017380       0.000000       0.000000       0.000000       0.000000       0.000000       0.000000       0.000000       0.000000       0.000000       0.000000       0.000000
        1.877023       0.931213       0.068770       0.050765       0.017998       0.000000       0.000000       0.000000       0.000000       0.000000       0.000000       0.000000       0.000000       0.000000       0.000000       0.000000
        1.941748       0.930603       0.069380       0.050757       0.018597       0.000000       0.000000       0.000000       0.000000       0.000000       0.000000       0.000000       0.000000       0.000000       0.000000       0.000000
        2.006473       0.930054       0.069959       0.050777       0.019189       0.000000       0.000000       0.000000       0.000000       0.000000       0.000000       0.000000       0.000000       0.000000       0.000000       0.000000
        2.071197       0.929443       0.070539       0.050802       0.019760       0.000000       0.000000       0.000000       0.000000       0.000000       0.000000       0.000000       0.000000       0.000000       0.000000       0.000000
        2.135922       0.928833       0.071150       0.050825       0.020307       0.000000       0.000000       0.000000       0.000000       0.000000       0.000000       0.000000       0.000000       0.000000       0.000000       0.000000
        2.200647       0.928284       0.071729       0.050872       0.020851       0.000000       0.000000       0.000000       0.000000       0.000000       0.000000       0.000000       0.000000       0.000000       0.000000       0.000000
        2.265372       0.923309       0.071692       0.050577       0.021118       0.005008       0.000000       0.000000       0.000000       0.000000       0.000000       0.000000       0.000000       0.000000       0.000000       0.000000
        2.330097       0.914490       0.071132       0.049981       0.021137       0.014354       0.000000       0.000000       0.000000       0.000000       0.000000       0.000000       0.000000       0.000000       0.000000       0.000000
        2.394822       0.904968       0.070444       0.049341       0.021101       0.024597       0.000000       0.000000       0.000000       0.000000       0.000000       0.000000       0.000000       0.000000       0.000000       0.000000
        2.459547       0.895203       0.069714       0.048692       0.021035       0.035060       0.000000       0.000000       0.000000       0.000000       0.000000       0.000000       0.000000       0.000000       0.000000       0.000000
        2.524272       0.883209       0.071205       0.047270       0.020365       0.041993       0.000000       0.000000       0.000000       0.000000       0.003579       0.000000       0.000000       0.000000       0.000000       0.000000
        2.588997       0.870743       0.073545       0.045614       0.019498       0.047271       0.000000       0.000000       0.000000       0.000000       0.008442       0.000000       0.000000       0.000000       0.000000       0.000000
        2.653722       0.858643       0.075961       0.044001       0.018646       0.052096       0.000000       0.000000       0.000000       0.000000       0.013315       0.000000       0.000000       0.000000       0.000000       0.000000
        2.718447       0.846970       0.078360       0.042459       0.017831       0.056606       0.000000       0.000000       0.000000       0.000000       0.018062       0.000000       0.000000       0.000000       0.000000       0.000000
        2.783172       0.835754       0.080717       0.040995       0.017061       0.060865       0.000000       0.000000       0.000000       0.000000       0.022642       0.000000       0.000000       0.000000       0.000000       0.000000
        2.847897       0.825027       0.083017       0.039612       0.016336       0.064915       0.000000       0.000000       0.000000       0.000000       0.027050       0.000000       0.000000       0.000000       0.000000       0.000000
        2.912621       0.814713       0.085239       0.038303       0.015654       0.068769       0.000000       0.000000       0.000000       0.000000       0.031287       0.000000       0.000000       0.000000       0.000000       0.000000
        2.977346       0.804825       0.087411       0.037062       0.015011       0.072451       0.000000       0.000000       0.000000       0.000000       0.035321       0.000000       0.000000       0.000000       0.000000       0.000000
        3.042071       0.795334       0.089498       0.035894       0.014412       0.075965       0.000000       0.000000       0.000000       0.000000       0.039198       0.000000       0.000000       0.000000       0.000000       0.000000
        3.106796       0.786224       0.091529       0.034786       0.013846       0.079338       0.000000       0.000000       0.000000       0.000000       0.042901       0.000000       0.000000       0.000000       0.000000       0.000000
        3.171521       0.777496       0.093495       0.033739       0.013316       0.082574       0.000000       0.000000       0.000000       0.000000       0.046450       0.000000       0.000000       0.000000       0.000000       0.000000
        3.236246       0.769104       0.095394       0.032747       0.012818       0.085672       0.000000       0.000000       0.000000       0.000000       0.049835       0.000000       0.000000       0.000000       0.000000       0.000000
        3.300971       0.761047       0.097229       0.031809       0.012350       0.088651       0.000000       0.000000       0.000000       0.000000       0.053083       0.000000       0.000000       0.000000       0.000000       0.000000
        3.365696       0.753296       0.099013       0.030917       0.011908       0.091516       0.000000       0.000000       0.000000       0.000000       0.056183       0.000000       0.000000       0.000000       0.000000       0.000000
        3.430421       0.745850       0.100726       0.030074       0.011495       0.094263       0.000000       0.000000       0.000000       0.000000       0.059159       0.000000       0.000000       0.000000       0.000000       0.000000
        3.495146       0.738693       0.102390       0.029274       0.011106       0.096914       0.000000       0.000000       0.000000       0.000000       0.062014       0.000000       0.000000       0.000000       0.000000       0.000000
        3.559871       0.731796       0.104004       0.028513       0.010739       0.099465       0.000000       0.000000       0.000000       0.000000       0.064742       0.000000       0.000000       0.000000       0.000000       0.000000
        3.624596       0.725159       0.105550       0.027792       0.010394       0.101917       0.000000       0.000000       0.000000       0.000000       0.067373       0.000000       0.000000       0.000000       0.000000       0.000000
        3.689321       0.718781       0.107054       0.027106       0.010069       0.104277       0.000000       0.000000       0.000000       0.000000       0.069878       0.000000       0.000000       0.000000       0.000000       0.000000
        3.754045       0.712639       0.108509       0.026455       0.009763       0.106558       0.000000       0.000000       0.000000       0.000000       0.072295       0.000000       0.000000       0.000000       0.000000       0.000000
        3.818770       0.706696       0.109923       0.025832       0.009473       0.108760       0.000000       0.000000       0.000000       0.000000       0.074612       0.000000       0.000000       0.000000       0.000000       0.000000
        3.883495       0.700981       0.111282       0.025241       0.009200       0.110881       0.000000       0.000000       0.000000       0.000000       0.076851       0.000000       0.000000       0.000000       0.000000       0.000000
        3.948220       0.695480       0.112606       0.024678       0.008943       0.112930       0.000000       0.000000       0.000000       0.000000       0.078990       0.000000       0.000000       0.000000       0.000000       0.000000
        4.012945       0.690163       0.113885       0.024141       0.008699       0.114906       0.000000       0.000000       0.000000       0.000000       0.081047       0.000000       0.000000       0.000000       0.000000       0.000000
        4.077670       0.685028       0.115125       0.023628       0.008469       0.116816       0.000000       0.000000       0.000000       0.000000       0.083030       0.000000       0.000000       0.000000       0.000000       0.000000
        4.142395       0.680069       0.116331       0.023137       0.008250       0.118666       0.000000       0.000000       0.000000       0.000000       0.084938       0.000000       0.000000       0.000000       0.000000       0.000000
        4.207120       0.675278       0.117492       0.022670       0.008045       0.120447       0.000000       0.000000       0.000000       0.000000       0.086776       0.000000       0.000000       0.000000       0.000000       0.000000
        4.271845       0.670654       0.118620       0.022223       0.007850       0.122175       0.000000       0.000000       0.000000       0.000000       0.088554       0.000000       0.000000       0.000000       0.000000       0.000000
        4.336570       0.666183       0.119713       0.021796       0.007665       0.123843       0.000000       0.000000       0.000000       0.000000       0.090260       0.000000       0.000000       0.000000       0.000000       0.000000
        4.401295       0.661858       0.120777       0.021387       0.007490       0.125461       0.000000       0.000000       0.000000       0.000000       0.091909       0.000000       0.000000       0.000000       0.000000       0.000000
        4.466020       0.657677       0.121804       0.020996       0.007325       0.127020       0.000000       0.000000       0.000000       0.000000       0.093493       0.000000       0.000000       0.000000       0.000000       0.000000
        4.530744       0.653641       0.122805       0.020622       0.007168       0.128531       0.000000       0.000000       0.000000       0.000000       0.095014       0.000000       0.000000       0.000000       0.000000       0.000000
        4.595469       0.649719       0.123775       0.020263       0.007019       0.129999       0.000000       0.000000       0.000000       0.000000       0.096497       0.000000       0.000000       0.000000       0.000000       0.000000
        4.660194       0.645935       0.124724       0.019919       0.006877       0.131422       0.000000       0.000000       0.000000       0.000000       0.097917       0.000000       0.000000       0.000000       0.000000       0.000000
        4.724919       0.642273       0.125632       0.019591       0.006744       0.132795       0.000000       0.000000       0.000000       0.000000       0.099301       0.000000       0.000000       0.000000       0.000000       0.000000
        4.789644       0.638718       0.126524       0.019274       0.006616       0.134129       0.000000       0.000000       0.000000       0.000000       0.100628       0.000000       0.000000       0.000000       0.000000       0.000000
        4.854369       0.635277       0.127378       0.018971       0.006496       0.135420       0.000000       0.000000       0.000000       0.000000       0.101924       0.000000       0.000000       0.000000       0.000000       0.000000
        4.919094       0.631943       0.128219       0.018681       0.006382       0.136675       0.000000       0.000000       0.000000       0.000000       0.103167       0.000000       0.000000       0.000000       0.000000       0.000000
        4.983819       0.628716       0.129035       0.018400       0.006273       0.137890       0.000000       0.000000       0.000000       0.000000       0.104363       0.000000       0.000000       0.000000       0.000000       0.000000
        5.048544       0.625587       0.129823       0.018133       0.006171       0.139064       0.000000       0.000000       0.000000       0.000000       0.105522       0.000000       0.000000       0.000000       0.000000       0.000000
        5.113269       0.622551       0.130593       0.017875       0.006072       0.140211       0.000000       0.000000       0.000000       0.000000       0.106650       0.000000       0.000000       0.000000       0.000000       0.000000
        5.177993       0.619606       0.131338       0.017627       0.005980       0.141321       0.000000       0.000000       0.000000       0.000000       0.107743       0.000000       0.000000       0.000000       0.000000       0.000000
        5.242719       0.616753       0.132067       0.017389       0.005891       0.142399       0.000000       0.000000       0.000000       0.000000       0.108792       0.000000       0.000000       0.000000       0.000000       0.000000
        5.307444       0.613976       0.132767       0.017160       0.005808       0.143438       0.000000       0.000000       0.000000       0.000000       0.109810       0.000000       0.000000       0.000000       0.000000       0.000000
        5.372168       0.611290       0.133462       0.016939       0.005728       0.144455       0.000000       0.000000       0.000000       0.000000       0.110785       0.000000       0.000000       0.000000       0.000000       0.000000
        5.436893       0.608681       0.134128       0.016727       0.005652       0.145444       0.000000       0.000000       0.000000       0.000000       0.111753       0.000000       0.000000       0.000000       0.000000       0.000000
        5.501618       0.606148       0.134780       0.016523       0.005581       0.146403       0.000000       0.000000       0.000000       0.000000       0.112676       0.000000       0.000000       0.000000       0.000000       0.000000
        5.566343       0.603683       0.135412       0.016326       0.005513       0.147331       0.000000       0.000000       0.000000       0.000000       0.113570       0.000000       0.000000       0.000000       0.000000       0.000000
        5.631068       0.601295       0.136031       0.016136       0.005448       0.148237       0.000000       0.000000       0.000000       0.000000       0.114437       0.000000       0.000000       0.000000       0.000000       0.000000
        5.695793       0.598976       0.136624       0.015955       0.005387       0.149112       0.000000       0.000000       0.000000       0.000000       0.115281       0.000000       0.000000       0.000000       0.000000       0.000000
        5.760518       0.596725       0.137213       0.015779       0.005329       0.149971       0.000000       0.000000       0.000000       0.000000       0.116100       0.000000       0.000000       0.000000       0.000000       0.000000
        5.825243       0.594536       0.137774       0.015610       0.005274       0.150799       0.000000       0.000000       0.000000       0.000000       0.116901       0.000000       0.000000       0.000000       0.000000       0.000000
        5.889968       0.592407       0.138334       0.015446       0.005222       0.151608       0.000000       0.000000       0.000000       0.000000       0.117659       0.000000       0.000000       0.000000       0.000000       0.000000
        5.954693       0.590340       0.138867       0.015290       0.005173       0.152388       0.000000       0.000000       0.000000       0.000000       0.118406       0.000000       0.000000       0.000000       0.000000       0.000000
        6.019418       0.588326       0.139390       0.015137       0.005126       0.153151       0.000000       0.000000       0.000000       0.000000       0.119130       0.000000       0.000000       0.000000       0.000000       0.000000
        6.084143       0.586372       0.139908       0.014990       0.005081       0.153897       0.000000       0.000000       0.000000       0.000000       0.119826       0.000000       0.000000       0.000000       0.000000       0.000000
        6.148868       0.584412       0.140427       0.014847       0.005037       0.154614       0.000000       0.000000       0.000093       0.000000       0.120452       0.000000       0.000000       0.000000       0.000000       0.000000
        6.213592       0.582359       0.141009       0.014698       0.004989       0.155316       0.000000       0.000000       0.000396       0.000000       0.120922       0.000000       0.000000       0.000000       0.000000       0.000000
        6.278317       0.580299       0.141598       0.014550       0.004940       0.155991       0.000000       0.000000       0.000784       0.000000       0.121315       0.000000       0.000000       0.000000       0.000000       0.000000
        6.343042       0.578262       0.142195       0.014407       0.004893       0.156655       0.000000       0.000000       0.001226       0.000000       0.121666       0.000000       0.000000       0.000000       0.000000       0.000000
        6.407767       0.576241       0.142789       0.014266       0.004847       0.157296       0.000000       0.000000       0.001705       0.000000       0.121972       0.000000       0.000000       0.000000       0.000000       0.000000
        6.472492       0.574249       0.143383       0.014127       0.004801       0.157921       0.000000       0.000000       0.002212       0.000000       0.122241       0.000000       0.000000       0.000000       0.000000       0.000000
        6.537217       0.572289       0.143969       0.013993       0.004758       0.158526       0.000000       0.000000       0.002741       0.000000       0.122479       0.000000       0.000000       0.000000       0.000000       0.000000
        6.601942       0.570351       0.144552       0.013860       0.004714       0.159115       0.000000       0.000000       0.003286       0.000000       0.122689       0.000000       0.000000       0.000000       0.000000       0.000000
        6.666667       0.568459       0.145131       0.013732       0.004673       0.159692       0.000000       0.000000       0.003849       0.000000       0.122879       0.000000       0.000000       0.000000       0.000000       0.000000
        6.731392       0.566582       0.145699       0.013606       0.004632       0.160246       0.000000       0.000000       0.004419       0.000000       0.123040       0.000000       0.000000       0.000000       0.000000       0.000000
        6.796117       0.564751       0.146262       0.013484       0.004593       0.160789       0.000000       0.000000       0.005002       0.000000       0.123185       0.000000       0.000000       0.000000       0.000000       0.000000
        6.860841       0.562950       0.146826       0.013363       0.004554       0.161328       0.000000       0.000000       0.005592       0.000000       0.123322       0.000000       0.000000       0.000000       0.000000       0.000000
        6.925566       0.561195       0.147375       0.013249       0.004519       0.161837       0.000000       0.000000       0.006190       0.000000       0.123416       0.000000       0.000000       0.000000       0.000000       0.000000
        6.990291       0.559456       0.147918       0.013134       0.004483       0.162339       0.000000       0.000000       0.006791       0.000000       0.123511       0.000000       0.000000       0.000000       0.000000       0.000000
        7.055017       0.557755       0.148454       0.013024       0.004449       0.162823       0.000000       0.000000       0.007394       0.000000       0.123578       0.000000       0.000000       0.000000       0.000000       0.000000
        7.119742       0.556076       0.148976       0.012916       0.004416       0.163294       0.000000       0.000000       0.008004       0.000000       0.123643       0.000000       0.000000       0.000000       0.000000       0.000000
        7.184466       0.554443       0.149500       0.012810       0.004384       0.163756       0.000000       0.000000       0.008614       0.000000       0.123686       0.000000       0.000000       0.000000       0.000000       0.000000
        7.249191       0.552834       0.150010       0.012708       0.004353       0.164206       0.000000       0.000000       0.009230       0.000000       0.123726       0.000000       0.000000       0.000000       0.000000       0.000000
        7.313916       0.551262       0.150517       0.012609       0.004324       0.164640       0.000000       0.000000       0.009846       0.000000       0.123738       0.000000       0.000000       0.000000       0.000000       0.000000
        7.378641       0.549706       0.151011       0.012512       0.004296       0.165063       0.000000       0.000000       0.010460       0.000000       0.123748       0.000000       0.000000       0.000000       0.000000       0.000000
        7.443366       0.548195       0.151506       0.012417       0.004268       0.165479       0.000000       0.000000       0.011079       0.000000       0.123748       0.000000       0.000000       0.000000       0.000000       0.000000
        7.508091       0.546700       0.151989       0.012324       0.004241       0.165881       0.000000       0.000000       0.011694       0.000000       0.123736       0.000000       0.000000       0.000000       0.000000       0.000000
        7.572816       0.545242       0.152466       0.012234       0.004215       0.166269       0.000000       0.000000       0.012311       0.000000       0.123704       0.000000       0.000000       0.000000       0.000000       0.000000
        7.637540       0.543808       0.152937       0.012146       0.004191       0.166651       0.000000       0.000000       0.012928       0.000000       0.123673       0.000000       0.000000       0.000000       0.000000       0.000000
        7.702265       0.542397       0.153398       0.012060       0.004167       0.167020       0.000000       0.000000       0.013542       0.000000       0.123632       0.000000       0.000000       0.000000       0.000000       0.000000
        7.766990       0.541023       0.153862       0.011976       0.004143       0.167389       0.000000       0.000000       0.014158       0.000000       0.123589       0.000000       0.000000       0.000000       0.000000       0.000000
