   9.9999997764825821E-003   16797534613677.498       0.24816392247746930        73.337840000000000     
   1.9999999552965164E-002   33667729744270.953       0.19382924207647123        64.503110000000007     
   2.9999999329447746E-002   50566144209164.758       0.16793507619677880        57.989600000000003     
   3.9999999105930328E-002   67510484694048.555       0.15764029091003473        54.967799999999997     
   4.9999997019767761E-002   84452605347057.641       0.15397549974561270        53.993479999999998     
   5.9999998658895493E-002   101400219898352.00       0.15250626308017545        53.724240000000002     
   7.0000000298023224E-002   118353848041012.61       0.15133724925472902        53.676859999999998     
   7.9999998211860657E-002   135316555964217.69       0.14953505313754387        53.835569999999997     
   8.9999996125698090E-002   152288722301497.62       0.14545545119623438        53.937100000000001     
   9.9999994039535522E-002   169280102434402.22       0.13543877726051007        52.607089999999999     
  0.10999999940395355        186325545496108.50       0.11683261923873606        46.771329999999999     
  0.11999999731779099        203379823340192.41       0.10062790134115192        35.416010000000000     
  0.12999999523162842        220470212429221.56       0.10159799769212076        24.944890000000001     
  0.14000000059604645        237585294363786.91       0.11654057270441484        18.918759999999999     
  0.14999999105930328        254772583939869.00       0.14005879867059373        15.775219999999999     
  0.15999999642372131        272020751848301.25       0.17107107047214254        14.034810000000000     
  0.17000000178813934        289347764621313.81       0.21738556894234076        12.919560000000001     
  0.17999999225139618        306788812904679.81       0.30181643533077884        12.246840000000001     
  0.18999999761581421        324409526510347.44       0.42964307093961085        12.128539999999999     
  0.19999998807907104        342253737837608.81       0.58002522206930629        12.329829999999999     
  0.20999999344348907        360349183648617.62       0.73525235631645824        12.624800000000000     
  0.21999999880790710        378694171228767.00       0.88562760047669331        12.918650000000000     
  0.22999998927116394        397303251984326.06        1.0268035686428298        13.180840000000000     
  0.23999999463558197        416186285235460.75        1.1570520689900992        13.404510000000000     
  0.25000000000000000        435274315134504.25        1.2756213834993455        13.590460000000000     
  0.25999999046325684        454638079333972.62        1.3833496972314838        13.743570000000000     
  0.26999998092651367        474247673209145.69        1.4807600826429015        13.868130000000001     
  0.28000000119209290        494099206486102.44        1.5686808668086525        13.968410000000000     
  0.28999999165534973        514188610710437.00        1.6479748160327936        14.048180000000000     
  0.29999998211860657        534511817427743.62        1.7194825255932729        14.110640000000000     
  0.31000000238418579        555088871942576.62        1.7840542843275065        14.158560000000000     
  0.31999999284744263        575852600212118.38        1.8422093410390528        14.194080000000000     
  0.32999998331069946        596852892772148.62        1.8947656972233977        14.219189999999999     
  0.34000000357627869        618098718040408.50        1.9422972390033602        14.235490000000000     
  0.34999999403953552        639529257078043.00        1.9817095257627888        14.243650000000001     
  0.35999998450279236        661116832516393.50        2.0143384592837190        14.245910000000000     
  0.37000000476837158        682933488664865.25        2.0431478513872130        14.243670000000000     
  0.37999999523162842        704861923370881.50        2.0687413991427137        14.237640000000001     
  0.38999998569488525        726979348177910.50        2.0900273339883522        14.229080000000000     
  0.39999997615814209        749246266411793.50        2.1086352936506128        14.218260000000001     
  0.40999999642372131        771650561799555.38        2.1253703080216506        14.205240000000000     
  0.41999998688697815        794160161853909.38        2.1404540460828803        14.190230000000000     
  0.42999997735023499        816820918352976.50        2.1540930329959145        14.173410000000001     
  0.43999999761581421        839627782849684.00        2.1663926428378208        14.154999999999999     
  0.44999998807907104        862559670653315.50        2.1775116020411596        14.135130000000000     
  0.45999997854232788        885599417043823.00        2.1875254485458626        14.114010000000000     
  0.46999999880790710        908788359893709.50        2.1965418048853107        14.091780000000000     
  0.47999998927116394        932092110369384.00        2.2046458809173148        14.068560000000000     
  0.48999997973442078        955554500870139.00        2.2119211235769591        14.044460000000001     
  0.50000000000000000        979102833758123.75        2.2184159476160636        14.019640000000001     
  0.50999999046325684        1002791454081241.2        2.2242084133851794        13.994140000000000     
  0.51999998092651367        1026586626334345.2        2.2293476279093687        13.968090000000000     
  0.52999997138977051        1050498209837601.8        2.2338844982195427        13.941570000000000     
  0.53999996185302734        1074555663764518.5        2.2378723574410815        13.914610000000000     
  0.55000001192092896        1098705058821657.8        2.2413419558801970        13.887340000000000     
  0.56000000238418579        1122989633473362.1        2.2443456301556908        13.859730000000001     
  0.56999999284744263        1147354270556293.5        2.2469051755954332        13.831939999999999     
  0.57999998331069946        1171868341672583.8        2.2490614922816010        13.803950000000000     
  0.58999997377395630        1196492647115549.2        2.2508442764289214        13.775770000000000     
  0.59999996423721313        1221223860849471.2        2.2522751395326051        13.747529999999999     
  0.61000001430511475        1246082533023610.8        2.2533845803987780        13.719180000000000     
  0.62000000476837158        1271017822806269.2        2.2541912788581513        13.690849999999999     
  0.62999999523162842        1296094944254930.0        2.2547204015381266        13.662430000000001     
  0.63999998569488525        1321273509793009.0        2.2549892284339292        13.634060000000000     
  0.64999997615814209        1346537839537833.0        2.2550166392138706        13.605750000000000     
  0.65999996662139893        1371941625208860.0        2.2548193622340515        13.577460000000000     
  0.66999995708465576        1397432362956532.0        2.2544131839994570        13.549270000000000     
  0.68000000715255737        1423039511954356.0        2.2538117921979959        13.521140000000001     
  0.68999999761581421        1448747867467618.8        2.2530294212190811        13.493130000000001     
  0.69999998807907104        1474541868400636.5        2.2520796231723983        13.465290000000000     
  0.70999997854232788        1500446816382269.2        2.2509717268963145        13.437540000000000     
  0.71999996900558472        1526482311265858.2        2.2497178690292174        13.409950000000000     
  0.72999995946884155        1552605946095991.5        2.2483258071630536        13.382479999999999     
  0.74000000953674316        1578818908742568.2        2.2468078533167439        13.355200000000000     
  0.75000000000000000        1605139729976021.0        2.2451693055857258        13.328049999999999     
  0.75999999046325684        1631581001217284.5        2.2434246540242246        13.301140000000000     
  0.76999998092651367        1658087842877001.2        2.2415730503724198        13.274350000000000     
  0.77999997138977051        1684697672857006.0        2.2396285120801354        13.247780000000001     
  0.78999996185302734        1711426883761912.0        2.2375926066982657        13.221380000000000     
  0.79999995231628418        1738242334021522.5        2.2354747801758368        13.195180000000001     
  0.81000000238418579        1765154714464933.8        2.2332823005477267        13.169210000000000     
  0.81999999284744263        1792133853196697.8        2.2310136149948736        13.143390000000000     
  0.82999998331069946        1819236767971991.0        2.2286820302762993        13.117810000000000     
  0.83999997377395630        1846455143701517.2        2.2262843888833488        13.092400000000000     
  0.84999996423721313        1873748830382673.0        2.2238321660208671        13.067220000000001     
  0.85999995470046997        1901124361299904.8        2.2213292630873784        13.042270000000000     
  0.87000000476837158        1928587319441741.0        2.2187715175507092        13.017469999999999     
  0.87999999523162842        1956152078033966.2        2.2161721460239083        12.992929999999999     
  0.88999998569488525        1983837880568951.2        2.2135278289998199        12.968570000000000     
  0.89999997615814209        2011601132221385.0        2.2108434930546008        12.944410000000000     
  0.90999996662139893        2039445040239996.0        2.2081269693390428        12.920489999999999     
  0.91999995708465576        2067369960985753.8        2.2053804698710961        12.896800000000001     
  0.93000000715255737        2095373518718859.2        2.2025970928698793        12.873270000000000     
  0.93999999761581421        2123490874388338.2        2.1997872732487047        12.849959999999999     
  0.94999998807907104        2151693043968642.8        2.1969573148399499        12.826900000000000     
  0.95999997854232788        2179998083082245.2        2.1941091892753519        12.804080000000001     
  0.96999996900558472        2208341134032632.5        2.1912458152154888        12.781510000000001     
  0.97999995946884155        2236849061325072.0        2.1883688951117835        12.759190000000000     
  0.98999994993209839        2265397851342055.0        2.1854765352860808        12.737080000000001     
   1.0000000000000000        2294020289292808.0        2.1825734894509790        12.715210000000001     
   1.0099999904632568        2322766978435050.0        2.1796510947666174        12.693500000000000     
   1.0199999809265137        2351544552194679.5        2.1767210506600643        12.672020000000000     
   1.0299999713897705        2380483438686663.5        2.1737774381438033        12.650710000000000     
   1.0399999618530273        2409386213933702.0        2.1708371572427501        12.629700000000000     
   1.0499999523162842        2438454815818712.5        2.1678825045412320        12.608829999999999     
   1.0599999427795410        2467644580433474.0        2.1649146855409009        12.588100000000001     
   1.0699999332427979        2496902053632507.5        2.1619547940313706        12.567670000000000     
   1.0799999237060547        2526202765295883.5        2.1589805394430135        12.547350000000000     
   1.0900000333786011        2555589003592024.5        2.1560083832211245        12.527260000000000     
   1.1000000238418579        2585025132423945.0        2.1530355930035951        12.507370000000000     
   1.1100000143051147        2614567694398862.5        2.1500570747725303        12.487629999999999     
   1.1200000047683716        2644219777978515.0        2.1470872198148241        12.468140000000000     
   1.1299999952316284        2673942896178158.5        2.1441173680831267        12.448829999999999     
   1.1399999856948853        2703735148405953.5        2.1411457508892089        12.429679999999999     
   1.1499999761581421        2733613402414473.5        2.1381698596523879        12.410670000000000     
   1.1599999666213989        2763529668259778.0        2.1352052186908277        12.391890000000000     
   1.1699999570846558        2793556643579717.5        2.1322407143024833        12.373260000000000     
   1.1799999475479126        2823687676302855.0        2.1292806265425406        12.354820000000000     
   1.1899999380111694        2853844604589801.0        2.1263250854349298        12.336539999999999     
   1.1999999284744263        2884201807741805.5        2.1233636520236465        12.318370000000000     
