        0.064725       4.344033       1.144204       0.000000      21.175171     488.366266       0.992841       3.084507       0.967245
        0.129450       4.344033       1.144204       0.000000      37.215149     483.464763       0.986016       6.025039       0.936020
        0.194175       4.344033       1.144204       0.000000      50.709961     478.056418       0.979493       8.835809       0.906172
        0.258900       4.344033       1.144204       0.000000      62.004822     472.070341       0.973230      11.534448       0.877515
        0.323625       4.344033       1.144204       0.000000      71.389709     465.548625       0.967218      14.124770       0.850008
        0.388350       4.344033       1.144204       0.000000      79.257080     458.565172       0.961435      16.616421       0.823549
        0.453074       4.344033       1.144204       0.000000      85.959045     451.182060       0.955867      19.015364       0.798075
        0.517799       4.344033       1.144204       0.000000      91.767273     443.488866       0.950503      21.326543       0.773532
        0.582524       4.344033       1.144204       0.000000      96.840820     435.588987       0.945333      23.554392       0.749874
        0.647249       4.344033       1.144204       0.000000     101.410217     427.545204       0.940348      25.702311       0.727066
        0.711974       4.344033       1.144204       0.000000     105.598633     419.422785       0.935532      27.777143       0.705033
        0.776699       4.344033       1.144204       0.000000     109.371765     411.264303       0.930894      29.775574       0.683811
        0.841424       4.344033       1.144204       0.000000     112.827942     403.153658       0.926419      31.703581       0.663338
        0.906149       4.344033       1.144204       0.000000     116.122070     395.140366       0.922110      33.560356       0.643620
        0.970874       4.344033       1.144204       0.000000     119.323975     387.263092       0.917956      35.350180       0.624614
        1.035599       4.344033       1.144204       0.000000     122.456360     379.577539       0.913996      37.056234       0.606498
        1.100324       4.344033       1.144204       0.000000     125.490479     372.221263       0.910459      38.580463       0.590312
        1.165049       4.344033       1.144204       0.000000     128.224243     365.513794       0.907884      39.689623       0.578533
        1.229774       4.344033       1.144204       0.000000     130.630066     359.479391       0.906314      40.366350       0.571347
        1.294498       4.344033       1.144204       0.000000     132.817810     353.896365       0.905318      40.795491       0.566790
        1.359223       4.344033       1.144204       0.000000     134.905212     348.607826       0.904621      41.095799       0.563601
        1.423948       4.344033       1.144204       0.000000     136.887939     343.537571       0.904094      41.322605       0.561193
        1.488673       4.344033       1.144204       0.000000     138.841797     338.650314       0.903675      41.503095       0.559276
        1.553398       4.344033       1.144204       0.000000     140.720154     333.935202       0.903328      41.652794       0.557686
        1.618123       4.344033       1.144204       0.000000     142.564270     329.373118       0.903034      41.779621       0.556340
        1.682848       4.344033       1.144204       0.000000     144.376038     324.939882       0.902778      41.889839       0.555169
        1.747573       4.344033       1.144204       0.000000     146.153931     320.635161       0.902552      41.987085       0.554137
        1.812298       4.344033       1.144204       0.000000     147.901184     316.450426       0.902350      42.074102       0.553212
        1.877023       4.344033       1.144204       0.000000     149.620239     312.376361       0.902168      42.152795       0.552377
        1.941748       4.344033       1.144204       0.000000     151.312378     308.407684       0.902001      42.224464       0.551616
        2.006473       4.344033       1.144204       0.000000     152.995422     304.538897       0.901849      42.290275       0.550917
        2.071197       4.344033       1.144204       0.000000     154.648254     300.763771       0.901707      42.351042       0.550272
        2.135922       4.344033       1.144204       0.000000     156.266235     297.085107       0.901577      42.407364       0.549674
        2.200647       4.344033       1.144204       0.000000     157.878418     293.484830       0.901454      42.460374       0.549111
        2.265372       4.344033       1.144204       0.000000     159.102661     290.428517       0.901344      42.507794       0.548607
        2.330097       4.344033       1.144204       0.000000     159.969971     287.886306       0.901243      42.551014       0.548148
        2.394822       4.344033       1.144204       0.000000     160.745972     285.540046       0.901150      42.591392       0.547719
        2.459547       4.344033       1.144204       0.000000     161.466675     283.336741       0.901060      42.629860       0.547311
        2.524272       4.344033       1.144204       0.000000     161.270020     281.678048       0.900979      42.664751       0.546940
        2.588997       4.344033       1.144204       0.000000     160.713989     280.256456       0.900903      42.697553       0.546592
        2.653722       4.344033       1.144204       0.000000     160.110229     278.916403       0.900830      42.729248       0.546255
        2.718447       4.344033       1.144204       0.000000     159.493164     277.644153       0.900760      42.759177       0.545938
        2.783172       4.344033       1.144204       0.000000     158.880493     276.417580       0.900691      42.788811       0.545623
        2.847897       4.344033       1.144204       0.000000     158.281250     275.238297       0.900625      42.817493       0.545318
        2.912621       4.344033       1.144204       0.000000     157.694336     274.103352       0.900564      42.843889       0.545038
        2.977346       4.344033       1.144204       0.000000     157.119507     273.001986       0.900504      42.869561       0.544765
        3.042071       4.344033       1.144204       0.000000     156.570801     271.937144       0.900442      42.896189       0.544483
        3.106796       4.344033       1.144204       0.000000     156.033081     270.905789       0.900385      42.920664       0.544223
        3.171521       4.344033       1.144204       0.000000     155.516724     269.908323       0.900329      42.944813       0.543966
        3.236246       4.344033       1.144204       0.000000     155.019043     268.936057       0.900275      42.968375       0.543716
        3.300971       4.344033       1.144204       0.000000     154.540894     267.993781       0.900222      42.991021       0.543476
        3.365696       4.344033       1.144204       0.000000     154.075928     267.082906       0.900171      43.013023       0.543242
        3.430421       4.344033       1.144204       0.000000     153.636353     266.196310       0.900121      43.034608       0.543013
        3.495146       4.344033       1.144204       0.000000     153.212524     265.333135       0.900072      43.055630       0.542790
        3.559871       4.344033       1.144204       0.000000     152.805176     264.492681       0.900023      43.076740       0.542565
        3.624596       4.344033       1.144204       0.000000     152.418457     263.677511       0.899978      43.096335       0.542357
        3.689321       4.344033       1.144204       0.000000     152.049561     262.885621       0.899932      43.115913       0.542149
        3.754045       4.344033       1.144204       0.000000     151.698975     262.113039       0.899887      43.135311       0.541943
        3.818770       4.344033       1.144204       0.000000     151.357788     261.364718       0.899844      43.154003       0.541745
        3.883495       4.344033       1.144204       0.000000     151.038086     260.633341       0.899802      43.172217       0.541552
        3.948220       4.344033       1.144204       0.000000     150.735474     259.921404       0.899760      43.190115       0.541361
        4.012945       4.344033       1.144204       0.000000     150.447144     259.229940       0.899719      43.207864       0.541173
        4.077670       4.344033       1.144204       0.000000     150.172485     258.556606       0.899679      43.225059       0.540990
        4.142395       4.344033       1.144204       0.000000     149.910400     257.894908       0.899640      43.241844       0.540812
        4.207120       4.344033       1.144204       0.000000     149.666016     257.257787       0.899602      43.258278       0.540638
        4.271845       4.344033       1.144204       0.000000     149.435425     256.635174       0.899565      43.274183       0.540469
        4.336570       4.344033       1.144204       0.000000     149.218506     256.027722       0.899528      43.290121       0.540299
        4.401295       4.344033       1.144204       0.000000     149.011353     255.436120       0.899494      43.304924       0.540142
        4.466020       4.344033       1.144204       0.000000     148.821899     254.861169       0.899457      43.320895       0.539973
        4.530744       4.344033       1.144204       0.000000     148.644409     254.301133       0.899420      43.336486       0.539807
        4.595469       4.344033       1.144204       0.000000     148.476074     253.750003       0.899388      43.350570       0.539658
        4.660194       4.344033       1.144204       0.000000     148.321899     253.216734       0.899351      43.366538       0.539488
        4.724919       4.344033       1.144204       0.000000     148.181030     252.694948       0.899319      43.380182       0.539343
        4.789644       4.344033       1.144204       0.000000     148.047607     252.190195       0.899286      43.394263       0.539194
        4.854369       4.344033       1.144204       0.000000     147.928833     251.694456       0.899257      43.406729       0.539061
        4.919094       4.344033       1.144204       0.000000     147.821411     251.211532       0.899221      43.422397       0.538895
        4.983819       4.344033       1.144204       0.000000     147.720703     250.744248       0.899192      43.434697       0.538764
        5.048544       4.344033       1.144204       0.000000     147.635742     250.287925       0.899161      43.448383       0.538619
        5.113269       4.344033       1.144204       0.000000     147.556274     249.838754       0.899131      43.461067       0.538484
        5.177993       4.344033       1.144204       0.000000     147.488892     249.402414       0.899102      43.473589       0.538351
        5.242719       4.344033       1.144204       0.000000     147.430664     248.976885       0.899071      43.487204       0.538207
        5.307444       4.344033       1.144204       0.000000     147.381958     248.563815       0.899044      43.498592       0.538086
        5.372168       4.344033       1.144204       0.000000     147.341675     248.160570       0.899013      43.512065       0.537943
        5.436893       4.344033       1.144204       0.000000     147.310669     247.764598       0.898987      43.523253       0.537824
        5.501618       4.344033       1.144204       0.000000     147.288208     247.385998       0.898958      43.535545       0.537693
        5.566343       4.344033       1.144204       0.000000     147.276123     247.010025       0.898929      43.548399       0.537557
        5.631068       4.344033       1.144204       0.000000     147.267700     246.642574       0.898905      43.558515       0.537449
        5.695793       4.344033       1.144204       0.000000     147.274048     246.287222       0.898877      43.570518       0.537322
        5.760518       4.344033       1.144204       0.000000     147.283813     245.940496       0.898851      43.581860       0.537201
        5.825243       4.344033       1.144204       0.000000     147.304443     245.602985       0.898826      43.592455       0.537089
        5.889968       4.344033       1.144204       0.000000     147.328857     245.275338       0.898798      43.604460       0.536961
        5.954693       4.344033       1.144204       0.000000     147.366943     244.952159       0.898771      43.616424       0.536834
        6.019418       4.344033       1.144204       0.000000     147.405884     244.635778       0.898749      43.625723       0.536736
        6.084143       4.344033       1.144204       0.000000     147.451416     244.336271       0.898724      43.636383       0.536623
        6.148868       4.344033       1.144204       0.000000     147.498413     244.036999       0.898699      43.647311       0.536506
        6.213592       4.344033       1.144204       0.000000     147.516846     243.751780       0.898676      43.657338       0.536400
        6.278317       4.344033       1.144204       0.000000     147.531860     243.473081       0.898654      43.666815       0.536299
        6.343042       4.344033       1.144204       0.000000     147.548828     243.200337       0.898627      43.678325       0.536177
        6.407767       4.344033       1.144204       0.000000     147.562866     242.937239       0.898603      43.688497       0.536069
        6.472492       4.344033       1.144204       0.000000     147.577881     242.680519       0.898580      43.698457       0.535963
        6.537217       4.344033       1.144204       0.000000     147.597412     242.430410       0.898556      43.708781       0.535854
        6.601942       4.344033       1.144204       0.000000     147.613159     242.186209       0.898536      43.717671       0.535759
        6.666667       4.344033       1.144204       0.000000     147.635498     241.947452       0.898513      43.727402       0.535656
        6.731392       4.344033       1.144204       0.000000     147.657593     241.715631       0.898491      43.736834       0.535556
        6.796117       4.344033       1.144204       0.000000     147.684814     241.488513       0.898469      43.746287       0.535455
        6.860841       4.344033       1.144204       0.000000     147.707764     241.266824       0.898452      43.753796       0.535376
        6.925566       4.344033       1.144204       0.000000     147.748291     241.049610       0.898422      43.766527       0.535240
        6.990291       4.344033       1.144204       0.000000     147.778442     240.840806       0.898405      43.773856       0.535163
        7.055017       4.344033       1.144204       0.000000     147.817871     240.636248       0.898383      43.783538       0.535060
        7.119742       4.344033       1.144204       0.000000     147.856567     240.436778       0.898364      43.791495       0.534975
        7.184466       4.344033       1.144204       0.000000     147.898560     240.244377       0.898347      43.799072       0.534895
        7.249191       4.344033       1.144204       0.000000     147.946533     240.052606       0.898324      43.808948       0.534790
        7.313916       4.344033       1.144204       0.000000     147.999634     239.866747       0.898299      43.819707       0.534676
        7.378641       4.344033       1.144204       0.000000     148.053101     239.685037       0.898277      43.829143       0.534576
        7.443366       4.344033       1.144204       0.000000     148.105591     239.511803       0.898262      43.835715       0.534506
        7.508091       4.344033       1.144204       0.000000     148.161743     239.338205       0.898243      43.843923       0.534419
        7.572816       4.344033       1.144204       0.000000     148.225586     239.171879       0.898221      43.853145       0.534321
        7.637540       4.344033       1.144204       0.000000     148.288696     239.009285       0.898201      43.862040       0.534226
        7.702265       4.344033       1.144204       0.000000     148.354370     238.852272       0.898183      43.869727       0.534145
        7.766990       4.344033       1.144204       0.000000     148.421387     238.698207       0.898165      43.877195       0.534065
