 dentity  pressure  energy
   0.100000E-01   0.121122E-01   0.942514E+01
   0.200000E-01   0.311156E-01   0.188722E+02
   0.300000E-01   0.720226E-01   0.283345E+02
   0.400000E-01   0.154135E+00   0.378113E+02
   0.500000E-01   0.287048E+00   0.473032E+02
   0.600000E-01   0.467149E+00   0.568108E+02
   0.700000E-01   0.681016E+00   0.663342E+02
   0.800000E-01   0.911774E+00   0.758726E+02
   0.900000E-01   0.114498E+01   0.854262E+02
   0.100000E+00   0.137237E+01   0.949959E+02
   0.110000E+00   0.159300E+01   0.104585E+03
   0.120000E+00   0.180823E+01   0.114192E+03
   0.130000E+00   0.202883E+01   0.123818E+03
   0.140000E+00   0.227358E+01   0.133469E+03
   0.150000E+00   0.256149E+01   0.143148E+03
   0.160000E+00   0.291246E+01   0.152857E+03
   0.170000E+00   0.334688E+01   0.162599E+03
   0.180000E+00   0.388539E+01   0.172384E+03
   0.190000E+00   0.454750E+01   0.182214E+03
   0.200000E+00   0.535265E+01   0.192092E+03
   0.210000E+00   0.631635E+01   0.202025E+03
   0.220000E+00   0.745775E+01   0.212022E+03
   0.230000E+00   0.879174E+01   0.222085E+03
   0.240000E+00   0.103293E+02   0.232220E+03
   0.250000E+00   0.120854E+02   0.242435E+03
   0.260000E+00   0.131094E+02   0.252716E+03
   0.270000E+00   0.139805E+02   0.263037E+03
   0.280000E+00   0.149904E+02   0.273398E+03
   0.290000E+00   0.162096E+02   0.283805E+03
   0.300000E+00   0.176711E+02   0.294259E+03
   0.310000E+00   0.194032E+02   0.304772E+03
   0.320000E+00   0.214258E+02   0.315351E+03
   0.330000E+00   0.237546E+02   0.326007E+03
   0.340000E+00   0.264088E+02   0.336735E+03
   0.350000E+00   0.293800E+02   0.347552E+03
   0.360000E+00   0.326917E+02   0.358468E+03
   0.370000E+00   0.359323E+02   0.369474E+03
   0.380000E+00   0.391763E+02   0.380575E+03
   0.390000E+00   0.425625E+02   0.391767E+03
   0.400000E+00   0.460968E+02   0.403036E+03
   0.410000E+00   0.497690E+02   0.414407E+03
   0.420000E+00   0.536235E+02   0.425878E+03
   0.430000E+00   0.576265E+02   0.437423E+03
   0.440000E+00   0.617925E+02   0.449082E+03
   0.450000E+00   0.660884E+02   0.460823E+03
   0.460000E+00   0.705480E+02   0.472680E+03
   0.470000E+00   0.751385E+02   0.484629E+03
   0.480000E+00   0.798683E+02   0.496674E+03
   0.490000E+00   0.847600E+02   0.508819E+03
   0.500000E+00   0.897787E+02   0.521067E+03
   0.510000E+00   0.949217E+02   0.533415E+03
   0.520000E+00   0.100177E+03   0.545870E+03
   0.530000E+00   0.105600E+03   0.558437E+03
   0.540000E+00   0.111145E+03   0.571077E+03
   0.550000E+00   0.116792E+03   0.583830E+03
   0.560000E+00   0.122573E+03   0.596718E+03
   0.570000E+00   0.128482E+03   0.609688E+03
   0.580000E+00   0.134522E+03   0.622767E+03
   0.590000E+00   0.140620E+03   0.635935E+03
   0.600000E+00   0.146810E+03   0.649216E+03
   0.610000E+00   0.153122E+03   0.662581E+03
   0.620000E+00   0.159536E+03   0.676069E+03
   0.630000E+00   0.165838E+03   0.689670E+03
   0.640000E+00   0.172115E+03   0.703352E+03
   0.650000E+00   0.178491E+03   0.717131E+03
   0.660000E+00   0.184903E+03   0.731032E+03
   0.670000E+00   0.191391E+03   0.745047E+03
   0.680000E+00   0.198032E+03   0.759083E+03
   0.690000E+00   0.204675E+03   0.773270E+03
   0.700000E+00   0.211494E+03   0.787573E+03
   0.710000E+00   0.218379E+03   0.801898E+03
   0.720000E+00   0.225298E+03   0.816403E+03
   0.730000E+00   0.232361E+03   0.830950E+03
   0.740000E+00   0.239481E+03   0.845670E+03
   0.750000E+00   0.246747E+03   0.860375E+03
   0.760000E+00   0.254071E+03   0.875257E+03
   0.770000E+00   0.261522E+03   0.890220E+03
   0.780000E+00   0.269071E+03   0.905257E+03
   0.790000E+00   0.276695E+03   0.920351E+03
   0.800000E+00   0.284409E+03   0.935676E+03
   0.810000E+00   0.292209E+03   0.951002E+03
   0.820000E+00   0.300128E+03   0.966469E+03
   0.830000E+00   0.308156E+03   0.981927E+03
   0.840000E+00   0.316212E+03   0.997591E+03
   0.850000E+00   0.324497E+03   0.101335E+04
   0.860000E+00   0.332755E+03   0.102912E+04
   0.870000E+00   0.341138E+03   0.104501E+04
   0.880000E+00   0.349701E+03   0.106105E+04
   0.890000E+00   0.358247E+03   0.107722E+04
   0.900000E+00   0.366943E+03   0.109346E+04
   0.910000E+00   0.375737E+03   0.110974E+04
   0.920000E+00   0.384614E+03   0.112610E+04
   0.930000E+00   0.393616E+03   0.114260E+04
   0.940000E+00   0.402642E+03   0.115921E+04
   0.950000E+00   0.411712E+03   0.117602E+04
   0.960000E+00   0.420836E+03   0.119276E+04
   0.970000E+00   0.430109E+03   0.120966E+04
   0.980000E+00   0.439566E+03   0.122665E+04
   0.990000E+00   0.448982E+03   0.124370E+04
   0.100000E+01   0.458481E+03   0.126081E+04
   0.101000E+01   0.468010E+03   0.127796E+04
   0.102000E+01   0.477402E+03   0.129547E+04
   0.103000E+01   0.486918E+03   0.131282E+04
   0.104000E+01   0.496455E+03   0.133053E+04
   0.105000E+01   0.506128E+03   0.134817E+04
   0.106000E+01   0.515918E+03   0.136587E+04
   0.107000E+01   0.525805E+03   0.138377E+04
   0.108000E+01   0.535733E+03   0.140162E+04
   0.109000E+01   0.545821E+03   0.141967E+04
   0.110000E+01   0.555885E+03   0.143767E+04
   0.111000E+01   0.566265E+03   0.145592E+04
   0.112000E+01   0.576301E+03   0.147431E+04
   0.113000E+01   0.586860E+03   0.149261E+04
   0.114000E+01   0.597134E+03   0.151111E+04
   0.115000E+01   0.607593E+03   0.152980E+04
   0.116000E+01   0.618194E+03   0.154843E+04
   0.117000E+01   0.628916E+03   0.156702E+04
   0.118000E+01   0.639597E+03   0.158595E+04
   0.119000E+01   0.650361E+03   0.160477E+04
   0.120000E+01   0.661263E+03   0.162379E+04
   0.121000E+01   0.672354E+03   0.164293E+04
   0.122000E+01   0.673935E+03   0.166293E+04
   0.123000E+01   0.682617E+03   0.168239E+04
   0.124000E+01   0.692558E+03   0.170206E+04
   0.125000E+01   0.703039E+03   0.172201E+04
   0.126000E+01   0.713484E+03   0.174171E+04
   0.127000E+01   0.724184E+03   0.176149E+04
   0.128000E+01   0.735299E+03   0.178122E+04
   0.129000E+01   0.746569E+03   0.180118E+04
   0.130000E+01   0.757836E+03   0.182146E+04
   0.131000E+01   0.769157E+03   0.184152E+04
   0.132000E+01   0.780747E+03   0.186161E+04
   0.133000E+01   0.792664E+03   0.188176E+04
   0.134000E+01   0.803962E+03   0.190259E+04
   0.135000E+01   0.815939E+03   0.192298E+04
   0.136000E+01   0.827988E+03   0.194369E+04
   0.137000E+01   0.839846E+03   0.196417E+04
   0.138000E+01   0.852129E+03   0.198487E+04
   0.139000E+01   0.864457E+03   0.200578E+04
   0.140000E+01   0.876817E+03   0.202682E+04
