   9.9999997764825821E-003   16768914373286.059       0.20974682656031787        67.312539999999998     
   1.9999999552965164E-002   33604783775876.969       0.15861325842614005        56.969420000000000     
   2.9999999329447746E-002   50428592586894.359       0.13837496242335962        49.876339999999999     
   3.9999999105930328E-002   67665776410849.531       0.13021414215634863        46.339820000000003     
   4.9999997019767761E-002   84425559034283.078       0.12728374666450709        45.157470000000004     
   5.9999998658895493E-002   101548391819942.73       0.12628916339933419        44.864269999999998     
   7.0000000298023224E-002   118280727224510.61       0.12535404851319226        44.747419999999998     
   7.9999998211860657E-002   135237785341506.11       0.12336778284058168        44.741970000000002     
   8.9999996125698090E-002   152196588142416.50       0.11923506776966354        44.498609999999999     
   9.9999994039535522E-002   169161582715178.12       0.11105118097433772        42.785739999999997     
  0.10999999940395355        186406023681800.62        9.8696176623281201E-002   37.191589999999998     
  0.11999999731779099        203227419632084.62        9.2085682646511555E-002   28.284260000000000     
  0.12999999523162842        220556377542057.66        9.8596521181211164E-002   21.053999999999998     
  0.14000000059604645        237564595730787.88       0.11519978857690043        16.864190000000001     
  0.14999999105930328        254873255913852.91       0.13930029736800587        14.547760000000000     
  0.15999999642372131        271991738126005.62       0.16859711735012786        13.282330000000000     
  0.17000000178813934        289292498974238.88       0.20252601082579372        12.558000000000000     
  0.17999999225139618        306702989304439.88       0.24083476351226749        12.136699999999999     
  0.18999999761581421        324126397719798.06       0.28166227354923912        11.903510000000001     
  0.19999998807907104        341839200939425.56       0.32627542526974335        11.776980000000000     
  0.20999999344348907        359310539905229.19       0.37232108368589434        11.722000000000000     
  0.21999999880790710        376998368160219.38       0.42028974350301057        11.710330000000001     
  0.22999998927116394        395047130684177.25       0.47096687720343683        11.726839999999999     
  0.23999999463558197        412948122192635.44       0.52163902436439546        11.760339999999999     
  0.25000000000000000        430760587696832.25       0.57289486941572887        11.803820000000000     
  0.25999999046325684        448850094158343.50       0.62469013798863060        11.852840000000000     
  0.26999998092651367        467113237502416.31       0.67715464104864098        11.904590000000001     
  0.28000000119209290        485606738516752.56       0.72956815683598464        11.956410000000000     
  0.28999999165534973        503902191922092.12       0.78065481408388582        12.005720000000000     
  0.29999998211860657        522504412728981.56       0.83175663915196740        12.053010000000000     
  0.31000000238418579        541221797522628.81       0.88195495686084879        12.096890000000000     
  0.31999999284744263        560298097206414.69       0.93183523194828921        12.137540000000000     
  0.32999998331069946        579258223214027.88       0.97972813608582943        12.173489999999999     
  0.34000000357627869        598166736274507.25        1.0260254991537201        12.205150000000000     
  0.34999999403953552        617630340939029.88        1.0718623811375170        12.233290000000000     
  0.35999998450279236        636911904541451.75        1.1154668213438461        12.256930000000001     
  0.37000000476837158        656277153578294.62        1.1575950817078058        12.276719999999999     
  0.37999999523162842        675951783330466.00        1.1984306831769080        12.292909999999999     
  0.38999998569488525        695773352589207.50        1.2312420215435096        12.303500000000000     
  0.39999997615814209        715832911582316.75        1.2600670224957284        12.310510000000001     
  0.40999999642372131        735724208804159.75        1.2860601698049821        12.314579999999999     
  0.41999998688697815        755879331930685.12        1.3104861662120355        12.316129999999999     
  0.42999997735023499        776044611344851.25        1.3331455067481215        12.315329999999999     
  0.43999999761581421        796409452902135.88        1.3545228259317759        12.312360000000000     
  0.44999998807907104        816735154146231.50        1.3744969031599832        12.307449999999999     
  0.45999997854232788        837192174407718.50        1.3933399935794486        12.300720000000000     
  0.46999999880790710        858100110083061.38        1.4099598602432404        12.292899999999999     
  0.47999998927116394        878442916653710.00        1.4200756035731605        12.287060000000000     
  0.48999997973442078        899329351883871.75        1.4304807138064606        12.279859999999999     
  0.50000000000000000        920152236074409.38        1.4405915383261110        12.271490000000000     
  0.50999999046325684        941044848228048.50        1.4505418488065547        12.261749999999999     
  0.51999998092651367        961857991885410.12        1.4598658221886271        12.251120000000000     
  0.52999997138977051        982765393019298.25        1.4692265903562733        12.238820000000000     
  0.53999996185302734        1004018880048410.0        1.4782412539073815        12.225300000000001     
  0.55000001192092896        1025136831121987.1        1.4869795097174352        12.210500000000000     
  0.56000000238418579        1046310374506861.6        1.4952440510190526        12.194839999999999     
  0.56999999284744263        1067740735364011.2        1.5033101777774014        12.177860000000001     
  0.57999998331069946        1089234884834764.8        1.5111688389622595        12.159610000000001     
  0.58999997377395630        1110576749384400.5        1.5185434833621820        12.140829999999999     
  0.59999996423721313        1131948904616473.8        1.5256324823074261        12.121160000000000     
  0.61000001430511475        1153652713124491.8        1.5324429014390271        12.100660000000000     
  0.62000000476837158        1175224668073663.5        1.5389865784888650        12.079370000000001     
  0.62999999523162842        1197073753070392.0        1.5453121680012718        12.057219999999999     
  0.63999998569488525        1219004919877177.2        1.5513745121728855        12.034430000000000     
  0.64999997615814209        1240839156500161.8        1.5570819901543185        12.011490000000000     
  0.65999996662139893        1262809760587610.8        1.5626311190715489        11.987690000000001     
  0.66999995708465576        1285164403013573.0        1.5679814980101658        11.963270000000000     
  0.68000000715255737        1307374006524804.2        1.5730418200302245        11.938720000000000     
  0.68999999761581421        1329732331347455.0        1.5778684067734658        11.913900000000000     
  0.69999998807907104        1351986717553898.2        1.5824821079193130        11.888790000000000     
  0.70999997854232788        1374558740171471.5        1.5869142522197173        11.863289999999999     
  0.71999996900558472        1396841160107543.2        1.5910745540807336        11.838030000000000     
  0.72999995946884155        1419654201527728.2        1.5951271931758266        11.812070000000000     
  0.74000000953674316        1442348693531941.5        1.5989664068710485        11.786160000000001     
  0.75000000000000000        1465158884064367.8        1.6026419226900106        11.760030000000000     
  0.75999999046325684        1487784004466449.5        1.6060976128639848        11.734190000000000     
  0.76999998092651367        1511014225795344.2        1.6094575892574083        11.707770000000000     
  0.77999997138977051        1533869674170942.0        1.6125996346809803        11.681780000000000     
  0.78999996185302734        1556937870045542.8        1.6156023637167500        11.655680000000000     
  0.79999995231628418        1580217387975267.2        1.6184876557143806        11.629310000000000     
  0.81000000238418579        1603511279130776.0        1.6211996222526883        11.603260000000001     
  0.81999999284744263        1626972541155126.2        1.6237968476093418        11.577019999999999     
  0.82999998331069946        1650322143408922.2        1.6262479034777475        11.550979999999999     
  0.83999997377395630        1673915496566098.5        1.6285677006701613        11.525050000000000     
  0.84999996423721313        1697650681389277.0        1.6307705067904852        11.499129999999999     
  0.85999995470046997        1721214337798965.5        1.6328428434744970        11.473450000000000     
  0.87000000476837158        1745212517017896.5        1.6348193143149321        11.447620000000001     
  0.87999999523162842        1769157242091349.5        1.6366789664238073        11.421980000000000     
  0.88999998569488525        1793092701779586.2        1.6384248828356385        11.396540000000000     
  0.89999997615814209        1817107036029150.8        1.6400621626906249        11.371320000000001     
  0.90999996662139893        1841315705794275.8        1.6416051540115693        11.346150000000000     
  0.91999995708465576        1865694359742021.8        1.6430623266476960        11.320919999999999     
  0.93000000715255737        1889741835561782.5        1.6443962407289237        11.296379999999999     
  0.93999999761581421        1914253055790314.0        1.6456626809699268        11.271590000000000     
  0.94999998807907104        1938862631646525.5        1.6468423594906973        11.246919999999999     
  0.95999997854232788        1963083655258605.5        1.6479146375956739        11.222939999999999     
  0.96999996900558472        1987740745910797.5        1.6489244155615874        11.198700000000001     
  0.97999995946884155        2012474929319468.5        1.6498539093544142        11.174670000000001     
  0.98999994993209839        2037494557864992.2        1.6507132235115392        11.150650000000001     
   1.0000000000000000        2062073249103816.2        1.6514819930687366        11.127300000000000     
   1.0099999904632568        2087201686532135.8        1.6521934449228923        11.103710000000000     
   1.0199999809265137        2112342240233430.5        1.6528363288992034        11.080280000000000     
   1.0299999713897705        2137263275577295.0        1.6534032012114108        11.057399999999999     
   1.0399999618530273        2162716476636141.8        1.6539179283162633        11.034190000000001     
   1.0499999523162842        2187964888924312.5        1.6543627658249591        11.011520000000001     
   1.0599999427795410        2213432344421953.2        1.6547506168199102        10.988870000000000     
   1.0699999332427979        2238667214993269.8        1.6550756747515745        10.966730000000000     
   1.0799999237060547        2264361316067738.0        1.6553503059560699        10.944369999999999     
   1.0900000333786011        2289727089901981.0        1.6555669586151716        10.922549999999999     
   1.1000000238418579        2315557558440914.0        1.6557340212837666        10.900639999999999     
   1.1100000143051147        2341402756566600.5        1.6558500142102697        10.878930000000000     
   1.1200000047683716        2367099946102808.0        1.6559164769179078        10.857600000000000     
   1.1299999952316284        2393217404009464.0        1.6559362326595268        10.836190000000000     
   1.1399999856948853        2418908891770153.5        1.6559106731486719        10.815370000000000     
   1.1499999761581421        2445410506802312.5        1.6558396420332182        10.794169999999999     
   1.1599999666213989        2471116961723736.0        1.6557287178143310        10.773759999999999     
   1.1699999570846558        2497491474676647.0        1.6555739744109899        10.753060000000000     
   1.1799999475479126        2523924668402593.5        1.6553795157151214        10.732600000000000     
   1.1899999380111694        2550235511528890.5        1.6551482305420395        10.712470000000000     
   1.1999999284744263        2576727861175833.0        1.6548790044684858        10.692440000000000     
