        0.064725       4.344033       1.687990       0.000000      20.508667     486.674439       0.989453       0.967289
        0.129450       4.344033       1.687990       0.000000      36.941223     480.241668       0.979405       0.936126
        0.194175       4.344033       1.687990       0.000000      50.428894     473.341460       0.969820       0.906399
        0.258900       4.344033       1.687990       0.000000      62.185852     465.775359       0.960426       0.877264
        0.323625       4.344033       1.687990       0.000000      71.581726     457.830792       0.951658       0.850071
        0.388350       4.344033       1.687990       0.000000      79.342102     449.512422       0.943034       0.823325
        0.453074       4.344033       1.687990       0.000000      85.832214     440.902696       0.934924       0.798169
        0.517799       4.344033       1.687990       0.000000      91.757874     431.858005       0.927017       0.773646
        0.582524       4.344033       1.687990       0.000000      96.838135     422.793433       0.919394       0.750004
        0.647249       4.344033       1.687990       0.000000     101.278076     413.669835       0.912042       0.727204
        0.711974       4.344033       1.687990       0.000000     105.523010     404.311105       0.904855       0.704913
        0.776699       4.344033       1.687990       0.000000     109.471008     395.030993       0.898122       0.684031
        0.841424       4.344033       1.687990       0.000000     112.864258     385.847945       0.891443       0.663317
        0.906149       4.344033       1.687990       0.000000     116.125183     376.813058       0.885099       0.643643
        0.970874       4.344033       1.687990       0.000000     119.272888     367.964066       0.878965       0.624617
        1.035599       4.344033       1.687990       0.000000     122.465454     359.407529       0.873049       0.606270
        1.100324       4.344033       1.687990       0.000000     125.530334     351.008435       0.867351       0.588598
        1.165049       4.344033       1.687990       0.000000     128.778687     342.757667       0.861872       0.571605
        1.229774       4.344033       1.687990       0.000000     131.682007     334.838316       0.856587       0.555214
        1.294498       4.344033       1.687990       0.000000     134.835327     327.072849       0.851467       0.539335
        1.359223       4.344033       1.687990       0.000000     137.872986     319.523266       0.846633       0.524341
        1.423948       4.344033       1.687990       0.000000     140.775635     312.341901       0.841938       0.509780
        1.488673       4.344033       1.687990       0.000000     143.916016     305.278776       0.837388       0.495669
        1.553398       4.344033       1.687990       0.000000     146.774841     298.396437       0.833058       0.482240
        1.618123       4.344033       1.687990       0.000000     149.757141     291.761992       0.828970       0.469560
        1.682848       4.344033       1.687990       0.000000     152.539490     285.466581       0.824988       0.457210
        1.747573       4.344033       1.687990       0.000000     155.484314     279.211342       0.821182       0.445407
        1.812298       4.344033       1.687990       0.000000     158.281067     273.241525       0.817499       0.433983
        1.877023       4.344033       1.687990       0.000000     160.969421     267.423966       0.814029       0.423222
        1.941748       4.344033       1.687990       0.000000     163.717529     261.778841       0.810682       0.412843
        2.006473       4.344033       1.687990       0.000000     166.387329     256.298510       0.807477       0.402902
        2.071197       4.344033       1.687990       0.000000     169.105957     250.975636       0.804381       0.393301
        2.135922       4.344033       1.687990       0.000000     171.602356     245.803096       0.801441       0.384181
        2.200647       4.344033       1.687990       0.000000     174.124512     240.730991       0.798665       0.375572
        2.265372       4.344033       1.687990       0.000000     176.568298     235.885751       0.795940       0.367120
        2.330097       4.344033       1.687990       0.000000     179.015503     231.197615       0.793396       0.359231
        2.394822       4.344033       1.687990       0.000000     181.289062     226.555455       0.790933       0.351592
        2.459547       4.344033       1.687990       0.000000     183.576965     222.072361       0.788569       0.344260
        2.524272       4.344033       1.687990       0.000000     185.378967     218.317777       0.786305       0.337237
        2.588997       4.344033       1.687990       0.000000     186.993896     214.916949       0.784136       0.330512
        2.653722       4.344033       1.687990       0.000000     188.435364     211.721452       0.782070       0.324103
        2.718447       4.344033       1.687990       0.000000     189.908142     208.690055       0.780033       0.317786
        2.783172       4.344033       1.687990       0.000000     191.244873     205.856531       0.778075       0.311713
        2.847897       4.344033       1.687990       0.000000     192.520142     203.057344       0.776152       0.305748
        2.912621       4.344033       1.687990       0.000000     193.817749     200.460110       0.774344       0.300143
        2.977346       4.344033       1.687990       0.000000     194.979004     197.924058       0.772534       0.294529
        3.042071       4.344033       1.687990       0.001270     195.598511     195.556298       0.770664       0.288728
        3.106796       4.344033       1.687990       0.007324     193.882935     193.902349       0.768526       0.282097
        3.171521       4.344033       1.687990       0.013184     192.181702     192.233253       0.766429       0.275594
        3.236246       4.344033       1.687990       0.018848     190.633423     190.600860       0.764439       0.269421
        3.300971       4.344033       1.687990       0.024316     189.107422     189.052849       0.762552       0.263570
        3.365696       4.344033       1.687990       0.029980     187.506287     187.591454       0.760718       0.257882
        3.430421       4.344033       1.687990       0.035059     186.109070     186.109320       0.758979       0.252487
        3.495146       4.344033       1.687990       0.040332     184.683289     184.694004       0.757273       0.247198
        3.559871       4.344033       1.687990       0.045215     183.299805     183.283111       0.755653       0.242172
        3.624596       4.344033       1.687990       0.050293     181.886230     181.990198       0.754097       0.237348
        3.689321       4.344033       1.687990       0.055176     180.577393     180.671844       0.752568       0.232604
        3.754045       4.344033       1.687990       0.059668     179.385986     179.383744       0.751098       0.228046
        3.818770       4.344033       1.687990       0.064355     178.146851     178.186363       0.749710       0.223741
        3.883495       4.344033       1.687990       0.068848     177.002563     176.963413       0.748355       0.219540
        3.948220       4.344033       1.687990       0.073535     175.730347     175.815276       0.747024       0.215411
        4.012945       4.344033       1.687990       0.077832     174.590698     174.675122       0.745758       0.211484
        4.077670       4.344033       1.687990       0.082129     173.493896     173.540121       0.744533       0.207685
        4.142395       4.344033       1.687990       0.086230     172.531738     172.488087       0.743328       0.203948
        4.207120       4.344033       1.687990       0.090527     171.438232     171.467400       0.742169       0.200352
        4.271845       4.344033       1.687990       0.094434     170.446289     170.422035       0.741049       0.196880
        4.336570       4.344033       1.687990       0.098535     169.414185     169.407244       0.739933       0.193417
        4.401295       4.344033       1.687990       0.102441     168.495361     168.446696       0.738881       0.190157
        4.466020       4.344033       1.687990       0.106543     167.469360     167.516100       0.737839       0.186925
        4.530744       4.344033       1.687990       0.110254     166.648071     166.595623       0.736844       0.183839
        4.595469       4.344033       1.687990       0.114160     165.701050     165.700200       0.735863       0.180794
        4.660194       4.344033       1.687990       0.118066     164.774902     164.832409       0.734928       0.177894
        4.724919       4.344033       1.687990       0.121777     163.954834     163.994347       0.733978       0.174948
        4.789644       4.344033       1.687990       0.125488     163.067871     163.157446       0.733072       0.172138
        4.854369       4.344033       1.687990       0.129004     162.350220     162.341810       0.732193       0.169412
        4.919094       4.344033       1.687990       0.132520     161.633789     161.563907       0.731343       0.166778
        4.983819       4.344033       1.687990       0.136230     160.790771     160.788431       0.730491       0.164134
        5.048544       4.344033       1.687990       0.139746     160.022095     160.038653       0.729677       0.161609
        5.113269       4.344033       1.687990       0.143262     159.327881     159.318096       0.728878       0.159132
        5.177993       4.344033       1.687990       0.146582     158.658203     158.581195       0.728095       0.156705
        5.242719       4.344033       1.687990       0.150293     157.767090     157.889957       0.727324       0.154312
        5.307444       4.344033       1.687990       0.153613     157.158203     157.221600       0.726567       0.151964
        5.372168       4.344033       1.687990       0.156934     156.541992     156.564772       0.725866       0.149789
        5.436893       4.344033       1.687990       0.160254     155.954468     155.893107       0.725132       0.147514
        5.501618       4.344033       1.687990       0.163770     155.162354     155.251761       0.724411       0.145278
        5.566343       4.344033       1.687990       0.166895     154.711670     154.641785       0.723746       0.143214
        5.631068       4.344033       1.687990       0.170410     153.955078     154.036181       0.723064       0.141101
        5.695793       4.344033       1.687990       0.173535     153.495361     153.444664       0.722407       0.139061
        5.760518       4.344033       1.687990       0.176660     152.966431     152.857894       0.721763       0.137067
        5.825243       4.344033       1.687990       0.179980     152.327881     152.296630       0.721130       0.135102
        5.889968       4.344033       1.687990       0.183301     151.742920     151.754681       0.720507       0.133168
        5.954693       4.344033       1.687990       0.186426     151.161011     151.191894       0.719895       0.131270
        6.019418       4.344033       1.687990       0.189551     150.745728     150.690619       0.719304       0.129440
        6.084143       4.344033       1.687990       0.192871     150.071289     150.167930       0.718713       0.127607
        6.148868       4.344033       1.687990       0.195996     149.587402     149.662541       0.718136       0.125815
        6.213592       4.344033       1.687990       0.199121     149.127075     149.199994       0.717586       0.124112
        6.278317       4.344033       1.687990       0.202051     148.787842     148.711234       0.717025       0.122371
        6.343042       4.344033       1.687990       0.205176     148.279419     148.240371       0.716480       0.120680
        6.407767       4.344033       1.687990       0.208301     147.832275     147.785445       0.715940       0.119005
        6.472492       4.344033       1.687990       0.211426     147.333862     147.348405       0.715420       0.117392
        6.537217       4.344033       1.687990       0.214551     146.936279     146.925889       0.714899       0.115778
        6.601942       4.344033       1.687990       0.217480     146.512817     146.480890       0.714390       0.114200
        6.666667       4.344033       1.687990       0.220605     146.070679     146.093301       0.713901       0.112681
        6.731392       4.344033       1.687990       0.223535     145.661377     145.653798       0.713399       0.111125
        6.796117       4.344033       1.687990       0.226660     145.233276     145.270170       0.712916       0.109628
        6.860841       4.344033       1.687990       0.229590     144.919067     144.884447       0.712440       0.108150
        6.925566       4.344033       1.687990       0.232715     144.452637     144.505569       0.711977       0.106715
        6.990291       4.344033       1.687990       0.235645     144.151489     144.148487       0.711513       0.105274
        7.055017       4.344033       1.687990       0.238574     143.826050     143.804120       0.711076       0.103919
        7.119742       4.344033       1.687990       0.241699     143.359497     143.441869       0.710615       0.102491
        7.184466       4.344033       1.687990       0.244629     143.052612     143.100160       0.710175       0.101127
        7.249191       4.344033       1.687990       0.247559     142.737183     142.770874       0.709746       0.099794
        7.313916       4.344033       1.687990       0.250488     142.492188     142.453697       0.709317       0.098464
        7.378641       4.344033       1.687990       0.253418     142.200195     142.147934       0.708902       0.097178
        7.443366       4.344033       1.687990       0.256348     141.836548     141.804058       0.708468       0.095833
        7.508091       4.344033       1.687990       0.259473     141.450073     141.537735       0.708082       0.094636
        7.572816       4.344033       1.687990       0.262207     141.241821     141.230453       0.707680       0.093387
        7.637540       4.344033       1.687990       0.265137     140.973633     140.946346       0.707283       0.092155
        7.702265       4.344033       1.687990       0.268066     140.698242     140.672216       0.706894       0.090950
        7.766990       4.344033       1.687990       0.270996     140.456177     140.408635       0.706510       0.089757
