        0.032362       0.998543       0.001461       0.001461       0.000000       0.000000       0.000000       0.000000       0.000000       0.000000       0.000000
        0.064725       0.995857       0.004145       0.004145       0.000000       0.000000       0.000000       0.000000       0.000000       0.000000       0.000000
        0.097087       0.992455       0.007551       0.007551       0.000000       0.000000       0.000000       0.000000       0.000000       0.000000       0.000000
        0.129450       0.988655       0.011348       0.011348       0.000000       0.000000       0.000000       0.000000       0.000000       0.000000       0.000000
        0.161812       0.984734       0.015273       0.015273       0.000000       0.000000       0.000000       0.000000       0.000000       0.000000       0.000000
        0.194175       0.980873       0.019132       0.019132       0.000000       0.000000       0.000000       0.000000       0.000000       0.000000       0.000000
        0.226537       0.977211       0.022792       0.022792       0.000000       0.000000       0.000000       0.000000       0.000000       0.000000       0.000000
        0.258900       0.973824       0.026175       0.026175       0.000000       0.000000       0.000000       0.000000       0.000000       0.000000       0.000000
        0.291262       0.970757       0.029239       0.029239       0.000000       0.000000       0.000000       0.000000       0.000000       0.000000       0.000000
        0.323625       0.968025       0.031973       0.031973       0.000000       0.000000       0.000000       0.000000       0.000000       0.000000       0.000000
        0.355987       0.965614       0.034384       0.034384       0.000000       0.000000       0.000000       0.000000       0.000000       0.000000       0.000000
        0.388350       0.963509       0.036491       0.036492       0.000000       0.000000       0.000000       0.000000       0.000000       0.000000       0.000000
        0.420712       0.961678       0.038322       0.038321       0.000000       0.000000       0.000000       0.000000       0.000000       0.000000       0.000000
        0.453074       0.960091       0.039903       0.039903       0.000000       0.000000       0.000000       0.000000       0.000000       0.000000       0.000000
        0.485437       0.958733       0.041268       0.041268       0.000000       0.000000       0.000000       0.000000       0.000000       0.000000       0.000000
        0.517799       0.957558       0.042446       0.042446       0.000000       0.000000       0.000000       0.000000       0.000000       0.000000       0.000000
        0.550162       0.956535       0.043466       0.043466       0.000000       0.000000       0.000000       0.000000       0.000000       0.000000       0.000000
        0.582524       0.955650       0.044355       0.044355       0.000000       0.000000       0.000000       0.000000       0.000000       0.000000       0.000000
        0.614887       0.954857       0.045135       0.045135       0.000000       0.000000       0.000000       0.000000       0.000000       0.000000       0.000000
        0.647249       0.954170       0.045834       0.045833       0.000000       0.000000       0.000000       0.000000       0.000000       0.000000       0.000000
        0.679612       0.953529       0.046464       0.046464       0.000000       0.000000       0.000000       0.000000       0.000000       0.000000       0.000000
        0.711974       0.952950       0.047047       0.047047       0.000000       0.000000       0.000000       0.000000       0.000000       0.000000       0.000000
        0.744337       0.952202       0.047806       0.047512       0.000293       0.000000       0.000000       0.000000       0.000000       0.000000       0.000000
        0.776699       0.951302       0.048697       0.047891       0.000805       0.000000       0.000000       0.000000       0.000000       0.000000       0.000000
        0.809062       0.950356       0.049640       0.048228       0.001411       0.000000       0.000000       0.000000       0.000000       0.000000       0.000000
        0.841424       0.949379       0.050616       0.048544       0.002072       0.000000       0.000000       0.000000       0.000000       0.000000       0.000000
        0.873786       0.948387       0.051621       0.048851       0.002769       0.000000       0.000000       0.000000       0.000000       0.000000       0.000000
        0.906149       0.947350       0.052644       0.049156       0.003489       0.000000       0.000000       0.000000       0.000000       0.000000       0.000000
        0.938511       0.946312       0.053694       0.049468       0.004226       0.000000       0.000000       0.000000       0.000000       0.000000       0.000000
        0.970874       0.945229       0.054763       0.049787       0.004976       0.000000       0.000000       0.000000       0.000000       0.000000       0.000000
        1.003236       0.944145       0.055859       0.050122       0.005737       0.000000       0.000000       0.000000       0.000000       0.000000       0.000000
        1.035599       0.943031       0.056976       0.050469       0.006506       0.000000       0.000000       0.000000       0.000000       0.000000       0.000000
        1.067961       0.941887       0.058116       0.050833       0.007283       0.000000       0.000000       0.000000       0.000000       0.000000       0.000000
        1.100324       0.940727       0.059281       0.051214       0.008067       0.000000       0.000000       0.000000       0.000000       0.000000       0.000000
        1.132686       0.939537       0.060466       0.051610       0.008855       0.000000       0.000000       0.000000       0.000000       0.000000       0.000000
        1.165049       0.938332       0.061672       0.052023       0.009649       0.000000       0.000000       0.000000       0.000000       0.000000       0.000000
        1.197411       0.937096       0.062898       0.052451       0.010446       0.000000       0.000000       0.000000       0.000000       0.000000       0.000000
        1.229774       0.935860       0.064146       0.052896       0.011250       0.000000       0.000000       0.000000       0.000000       0.000000       0.000000
        1.262136       0.934593       0.065408       0.053353       0.012055       0.000000       0.000000       0.000000       0.000000       0.000000       0.000000
        1.294498       0.933311       0.066687       0.053824       0.012863       0.000000       0.000000       0.000000       0.000000       0.000000       0.000000
        1.326861       0.932014       0.067980       0.054307       0.013674       0.000000       0.000000       0.000000       0.000000       0.000000       0.000000
        1.359223       0.930717       0.069288       0.054802       0.014487       0.000000       0.000000       0.000000       0.000000       0.000000       0.000000
        1.391586       0.929390       0.070604       0.055304       0.015299       0.000000       0.000000       0.000000       0.000000       0.000000       0.000000
        1.423948       0.928078       0.071930       0.055818       0.016113       0.000000       0.000000       0.000000       0.000000       0.000000       0.000000
        1.456311       0.926735       0.073262       0.056337       0.016925       0.000000       0.000000       0.000000       0.000000       0.000000       0.000000
        1.488673       0.925392       0.074600       0.056862       0.017737       0.000000       0.000000       0.000000       0.000000       0.000000       0.000000
        1.521036       0.924049       0.075943       0.057394       0.018548       0.000000       0.000000       0.000000       0.000000       0.000000       0.000000
        1.553398       0.922722       0.077286       0.057930       0.019356       0.000000       0.000000       0.000000       0.000000       0.000000       0.000000
        1.585761       0.921364       0.078627       0.058467       0.020161       0.000000       0.000000       0.000000       0.000000       0.000000       0.000000
        1.618123       0.920021       0.079971       0.059007       0.020963       0.000000       0.000000       0.000000       0.000000       0.000000       0.000000
        1.650485       0.918694       0.081309       0.059549       0.021760       0.000000       0.000000       0.000000       0.000000       0.000000       0.000000
        1.682848       0.917351       0.082641       0.060089       0.022552       0.000000       0.000000       0.000000       0.000000       0.000000       0.000000
        1.715210       0.916023       0.083968       0.060629       0.023339       0.000000       0.000000       0.000000       0.000000       0.000000       0.000000
        1.747573       0.914711       0.085289       0.061168       0.024121       0.000000       0.000000       0.000000       0.000000       0.000000       0.000000
        1.779935       0.913399       0.086600       0.061704       0.024896       0.000000       0.000000       0.000000       0.000000       0.000000       0.000000
        1.812298       0.912102       0.087902       0.062238       0.025664       0.000000       0.000000       0.000000       0.000000       0.000000       0.000000
        1.844660       0.910805       0.089190       0.062766       0.026424       0.000000       0.000000       0.000000       0.000000       0.000000       0.000000
        1.877023       0.909523       0.090469       0.063291       0.027177       0.000000       0.000000       0.000000       0.000000       0.000000       0.000000
        1.909385       0.908272       0.091733       0.063812       0.027922       0.000000       0.000000       0.000000       0.000000       0.000000       0.000000
        1.941748       0.907021       0.092983       0.064326       0.028658       0.000000       0.000000       0.000000       0.000000       0.000000       0.000000
        1.974110       0.905785       0.094219       0.064834       0.029385       0.000000       0.000000       0.000000       0.000000       0.000000       0.000000
        2.006473       0.904564       0.095439       0.065336       0.030103       0.000000       0.000000       0.000000       0.000000       0.000000       0.000000
        2.038835       0.903358       0.096642       0.065830       0.030812       0.000000       0.000000       0.000000       0.000000       0.000000       0.000000
        2.071197       0.902168       0.097828       0.066318       0.031510       0.000000       0.000000       0.000000       0.000000       0.000000       0.000000
        2.103560       0.901009       0.099000       0.066799       0.032200       0.000000       0.000000       0.000000       0.000000       0.000000       0.000000
        2.135922       0.899849       0.100149       0.067271       0.032878       0.000000       0.000000       0.000000       0.000000       0.000000       0.000000
        2.168285       0.898720       0.101283       0.067736       0.033547       0.000000       0.000000       0.000000       0.000000       0.000000       0.000000
        2.200647       0.897606       0.102397       0.068192       0.034206       0.000000       0.000000       0.000000       0.000000       0.000000       0.000000
        2.233010       0.896507       0.103493       0.068640       0.034853       0.000000       0.000000       0.000000       0.000000       0.000000       0.000000
        2.265372       0.895424       0.104569       0.069079       0.035490       0.000000       0.000000       0.000000       0.000000       0.000000       0.000000
        2.297735       0.894371       0.105628       0.069511       0.036117       0.000000       0.000000       0.000000       0.000000       0.000000       0.000000
        2.330097       0.893333       0.106667       0.069933       0.036733       0.000000       0.000000       0.000000       0.000000       0.000000       0.000000
        2.362460       0.892311       0.107685       0.070347       0.037339       0.000000       0.000000       0.000000       0.000000       0.000000       0.000000
        2.394822       0.891319       0.108687       0.070753       0.037934       0.000000       0.000000       0.000000       0.000000       0.000000       0.000000
        2.427185       0.890327       0.109666       0.071147       0.038517       0.000000       0.000000       0.000000       0.000000       0.000000       0.000000
        2.459547       0.889320       0.110618       0.071530       0.039088       0.000053       0.000000       0.000000       0.000000       0.000000       0.000000
        2.491909       0.886086       0.111135       0.071675       0.039459       0.002777       0.000000       0.000000       0.000000       0.000000       0.000000
        2.524272       0.881721       0.111417       0.071695       0.039723       0.006864       0.000000       0.000000       0.000000       0.000000       0.000000
        2.556634       0.876808       0.111575       0.071647       0.039927       0.011618       0.000000       0.000000       0.000000       0.000000       0.000000
        2.588997       0.871559       0.111646       0.071556       0.040091       0.016801       0.000000       0.000000       0.000000       0.000000       0.000000
        2.621359       0.866081       0.111651       0.071430       0.040220       0.022272       0.000000       0.000000       0.000000       0.000000       0.000000
        2.653722       0.860435       0.111605       0.071279       0.040325       0.027960       0.000000       0.000000       0.000000       0.000000       0.000000
        2.686084       0.854683       0.111515       0.071107       0.040407       0.033794       0.000000       0.000000       0.000000       0.000000       0.000000
        2.718447       0.848869       0.111392       0.070919       0.040472       0.039747       0.000000       0.000000       0.000000       0.000000       0.000000
        2.750809       0.842995       0.111236       0.070716       0.040520       0.045773       0.000000       0.000000       0.000000       0.000000       0.000000
        2.783172       0.837090       0.111057       0.070502       0.040555       0.051860       0.000000       0.000000       0.000000       0.000000       0.000000
        2.815534       0.831184       0.110854       0.070278       0.040576       0.057971       0.000000       0.000000       0.000000       0.000000       0.000000
        2.847897       0.825264       0.110631       0.070044       0.040586       0.064106       0.000000       0.000000       0.000000       0.000000       0.000000
        2.880259       0.819359       0.110393       0.069804       0.040587       0.070248       0.000000       0.000000       0.000000       0.000000       0.000000
        2.912621       0.813484       0.110135       0.069558       0.040578       0.076376       0.000000       0.000000       0.000000       0.000000       0.000000
        2.944984       0.806633       0.110461       0.068859       0.040187       0.081493       0.000000       0.000000       0.000000       0.000000       0.001413
        2.977346       0.799034       0.111260       0.067799       0.039489       0.085749       0.000000       0.000000       0.000000       0.000000       0.003974
        3.009709       0.791328       0.112157       0.066662       0.038724       0.089764       0.000000       0.000000       0.000000       0.000000       0.006768
        3.042071       0.783653       0.113091       0.065497       0.037932       0.093616       0.000000       0.000000       0.000000       0.000000       0.009658
        3.074434       0.776009       0.114045       0.064319       0.037125       0.097362       0.000000       0.000000       0.000000       0.000000       0.012597
        3.106796       0.768440       0.115002       0.063139       0.036315       0.101008       0.000000       0.000000       0.000000       0.000000       0.015548
        3.139159       0.760963       0.115961       0.061964       0.035504       0.104575       0.000000       0.000000       0.000000       0.000000       0.018491
        3.171521       0.753563       0.116919       0.060795       0.034697       0.108085       0.000000       0.000000       0.000000       0.000000       0.021428
        3.203883       0.746269       0.117866       0.059637       0.033896       0.111519       0.000000       0.000000       0.000000       0.000000       0.024328
        3.236246       0.739082       0.118807       0.058493       0.033104       0.114911       0.000000       0.000000       0.000000       0.000000       0.027215
        3.268609       0.732002       0.119730       0.057363       0.032320       0.118225       0.000000       0.000000       0.000000       0.000000       0.030044
        3.300971       0.725014       0.120646       0.056248       0.031547       0.121504       0.000000       0.000000       0.000000       0.000000       0.032848
        3.333333       0.718117       0.121542       0.055149       0.030785       0.124724       0.000000       0.000000       0.000000       0.000000       0.035608
        3.365696       0.711311       0.122433       0.054064       0.030033       0.127916       0.000000       0.000000       0.000000       0.000000       0.038331
        3.398058       0.704628       0.123308       0.052997       0.029294       0.131057       0.000000       0.000000       0.000000       0.000000       0.041014
        3.430421       0.698036       0.124165       0.051947       0.028566       0.134146       0.000000       0.000000       0.000000       0.000000       0.043643
        3.462783       0.691551       0.125011       0.050915       0.027852       0.137206       0.000000       0.000000       0.000000       0.000000       0.046242
        3.495146       0.685173       0.125835       0.049901       0.027150       0.140205       0.000000       0.000000       0.000000       0.000000       0.048784
        3.527508       0.678871       0.126656       0.048901       0.026459       0.143189       0.000000       0.000000       0.000000       0.000000       0.051292
        3.559871       0.672661       0.127458       0.047918       0.025781       0.146128       0.000000       0.000000       0.000000       0.000000       0.053752
        3.592233       0.666557       0.128249       0.046953       0.025115       0.149035       0.000000       0.000000       0.000000       0.000000       0.056172
        3.624596       0.660545       0.129016       0.046007       0.024463       0.151889       0.000000       0.000000       0.000000       0.000000       0.058547
        3.656958       0.654625       0.129772       0.045077       0.023823       0.154712       0.000000       0.000000       0.000000       0.000000       0.060879
        3.689321       0.648781       0.130524       0.044160       0.023194       0.157521       0.000000       0.000000       0.000000       0.000000       0.063178
        3.721683       0.643044       0.131260       0.043262       0.022578       0.160280       0.000000       0.000000       0.000000       0.000000       0.065420
        3.754045       0.637383       0.131986       0.042378       0.021972       0.163016       0.000000       0.000000       0.000000       0.000000       0.067628
        3.786408       0.631783       0.132692       0.041511       0.021379       0.165723       0.000000       0.000000       0.000000       0.000000       0.069809
        3.818770       0.626274       0.133389       0.040659       0.020797       0.168388       0.000000       0.000000       0.000000       0.000000       0.071923
        3.851133       0.620888       0.134077       0.039824       0.020229       0.171027       0.000000       0.000000       0.000000       0.000000       0.074021
        3.883495       0.615547       0.134744       0.039005       0.019671       0.173629       0.000000       0.000000       0.000000       0.000000       0.076078
        3.915858       0.610268       0.135408       0.038197       0.019123       0.176219       0.000000       0.000000       0.000000       0.000000       0.078098
        3.948220       0.605095       0.136061       0.037406       0.018587       0.178768       0.000000       0.000000       0.000000       0.000000       0.080070
        3.980583       0.599983       0.136706       0.036629       0.018062       0.181306       0.000000       0.000000       0.000000       0.000000       0.082023
        4.012945       0.594948       0.137334       0.035866       0.017548       0.183799       0.000000       0.000000       0.000000       0.000000       0.083927
        4.045308       0.590004       0.137954       0.035119       0.017045       0.186260       0.000000       0.000000       0.000000       0.000000       0.085793
        4.077670       0.585091       0.138566       0.034382       0.016550       0.188709       0.000000       0.000000       0.000000       0.000000       0.087623
        4.110032       0.580284       0.139162       0.033663       0.016069       0.191123       0.000000       0.000000       0.000000       0.000000       0.089438
        4.142395       0.575539       0.139755       0.032955       0.015596       0.193509       0.000000       0.000000       0.000000       0.000000       0.091198
        4.174757       0.570839       0.140334       0.032260       0.015133       0.195876       0.000000       0.000000       0.000000       0.000000       0.092937
        4.207120       0.566216       0.140908       0.031577       0.014680       0.198218       0.000000       0.000000       0.000000       0.000000       0.094640
        4.239482       0.561653       0.141471       0.030908       0.014237       0.200543       0.000000       0.000000       0.000000       0.000000       0.096328
        4.271845       0.557167       0.142032       0.030251       0.013802       0.202843       0.000000       0.000000       0.000000       0.000000       0.097973
        4.304207       0.552727       0.142572       0.029608       0.013379       0.205107       0.000000       0.000000       0.000000       0.000000       0.099591
        4.336570       0.548378       0.143114       0.028976       0.012964       0.207344       0.000000       0.000000       0.000000       0.000000       0.101163
        4.368932       0.544060       0.143637       0.028356       0.012559       0.209555       0.000000       0.000000       0.000000       0.000000       0.102722
        4.401295       0.539803       0.144167       0.027746       0.012161       0.211780       0.000000       0.000000       0.000000       0.000000       0.104270
        4.433657       0.535606       0.144681       0.027149       0.011773       0.213944       0.000000       0.000000       0.000000       0.000000       0.105746
        4.466020       0.531487       0.145189       0.026564       0.011395       0.216104       0.000000       0.000000       0.000000       0.000000       0.107241
        4.498382       0.527397       0.145693       0.025989       0.011023       0.218239       0.000000       0.000000       0.000000       0.000000       0.108679
        4.530744       0.523354       0.146189       0.025423       0.010660       0.220364       0.000000       0.000000       0.000000       0.000000       0.110107
        4.563107       0.519386       0.146668       0.024872       0.010307       0.222433       0.000000       0.000000       0.000000       0.000000       0.111494
        4.595469       0.515465       0.147153       0.024329       0.009960       0.224508       0.000000       0.000000       0.000000       0.000000       0.112858
        4.627832       0.511589       0.147632       0.023795       0.009622       0.226575       0.000000       0.000000       0.000000       0.000000       0.114218
        4.660194       0.507759       0.148106       0.023271       0.009290       0.228618       0.000000       0.000000       0.000000       0.000000       0.115539
        4.692557       0.503990       0.148565       0.022760       0.008968       0.230621       0.000000       0.000000       0.000000       0.000000       0.116837
        4.724919       0.500282       0.149021       0.022257       0.008653       0.232598       0.000000       0.000000       0.000000       0.000000       0.118100
        4.757281       0.496605       0.149473       0.021765       0.008346       0.234581       0.000000       0.000000       0.000000       0.000000       0.119368
        4.789644       0.492943       0.149910       0.021281       0.008045       0.236532       0.000000       0.000000       0.000000       0.000000       0.120592
        4.822007       0.489388       0.150355       0.020807       0.007753       0.238454       0.000000       0.000000       0.000000       0.000000       0.121788
        4.854369       0.485832       0.150791       0.020341       0.007466       0.240383       0.000000       0.000000       0.000000       0.000000       0.122984
        4.886732       0.482338       0.151214       0.019886       0.007188       0.242271       0.000000       0.000000       0.000000       0.000000       0.124152
        4.919094       0.478905       0.151639       0.019439       0.006916       0.244143       0.000000       0.000000       0.000000       0.000000       0.125298
        4.951456       0.475487       0.152060       0.019000       0.006650       0.246009       0.000000       0.000000       0.000000       0.000000       0.126417
        4.983819       0.472115       0.152481       0.018568       0.006391       0.247869       0.000000       0.000000       0.000000       0.000000       0.127532
        5.016181       0.468788       0.152895       0.018146       0.006138       0.249701       0.000000       0.000000       0.000000       0.000000       0.128608
        5.048544       0.465523       0.153307       0.017733       0.005892       0.251508       0.000000       0.000000       0.000000       0.000000       0.129673
        5.080906       0.462257       0.153698       0.017328       0.005653       0.253292       0.000000       0.000000       0.000000       0.000000       0.130722
        5.113269       0.459084       0.154100       0.016932       0.005421       0.255058       0.000000       0.000000       0.000000       0.000000       0.131747
        5.145631       0.455894       0.154492       0.016540       0.005192       0.256827       0.000000       0.000000       0.000000       0.000000       0.132762
        5.177993       0.452782       0.154879       0.016160       0.004972       0.258558       0.000000       0.000000       0.000000       0.000000       0.133755
        5.210356       0.449684       0.155279       0.015783       0.004755       0.260310       0.000000       0.000000       0.000000       0.000000       0.134732
        5.242719       0.446648       0.155655       0.015418       0.004547       0.261993       0.000000       0.000000       0.000000       0.000000       0.135679
        5.275081       0.443611       0.156034       0.015057       0.004342       0.263711       0.000000       0.000000       0.000000       0.000000       0.136643
        5.307444       0.440636       0.156413       0.014704       0.004144       0.265401       0.000000       0.000000       0.000000       0.000000       0.137579
        5.339806       0.437706       0.156782       0.014360       0.003953       0.267038       0.000000       0.000000       0.000000       0.000000       0.138470
        5.372168       0.434776       0.157153       0.014020       0.003765       0.268711       0.000000       0.000000       0.000000       0.000000       0.139382
        5.404531       0.431908       0.157518       0.013689       0.003583       0.270339       0.000000       0.000000       0.000000       0.000000       0.140259
        5.436893       0.429039       0.157872       0.013363       0.003406       0.271950       0.000000       0.000000       0.000000       0.000000       0.141113
        5.469256       0.426247       0.158230       0.013046       0.003236       0.273539       0.000000       0.000000       0.000000       0.000000       0.141958
        5.501618       0.423454       0.158592       0.012732       0.003068       0.275150       0.000000       0.000000       0.000000       0.000000       0.142802
        5.533981       0.420723       0.158949       0.012427       0.002908       0.276724       0.000000       0.000000       0.000000       0.000000       0.143628
        5.566343       0.417992       0.159302       0.012125       0.002750       0.278295       0.000000       0.000000       0.000000       0.000000       0.144425
        5.598706       0.415306       0.159655       0.011831       0.002599       0.279845       0.000000       0.000000       0.000000       0.000000       0.145210
        5.631068       0.412636       0.159984       0.011545       0.002453       0.281365       0.000000       0.000000       0.000000       0.000000       0.146001
        5.663431       0.410027       0.160332       0.011263       0.002311       0.282885       0.000000       0.000000       0.000000       0.000000       0.146770
        5.695793       0.407448       0.160677       0.010988       0.002174       0.284379       0.000000       0.000000       0.000000       0.000000       0.147507
        5.728156       0.404869       0.161011       0.010718       0.002041       0.285868       0.000000       0.000000       0.000000       0.000000       0.148237
        5.760518       0.402306       0.161345       0.010452       0.001912       0.287362       0.000000       0.000000       0.000000       0.000000       0.148972
        5.792880       0.399788       0.161672       0.010193       0.001788       0.288824       0.000000       0.000000       0.000000       0.000000       0.149692
        5.825243       0.397331       0.162004       0.009941       0.001669       0.290264       0.000000       0.000000       0.000000       0.000000       0.150398
        5.857605       0.394859       0.162337       0.009691       0.001553       0.291727       0.000000       0.000000       0.000000       0.000000       0.151096
        5.889968       0.392433       0.162656       0.009449       0.001443       0.293134       0.000000       0.000000       0.000000       0.000000       0.151769
        5.922330       0.390007       0.162979       0.009209       0.001336       0.294559       0.000000       0.000000       0.000000       0.000000       0.152434
        5.954693       0.387627       0.163305       0.008976       0.001233       0.295972       0.000000       0.000000       0.000000       0.000000       0.153098
        5.987055       0.385292       0.163624       0.008749       0.001135       0.297353       0.000000       0.000000       0.000000       0.000000       0.153750
        6.019418       0.382927       0.163932       0.008524       0.001040       0.298733       0.000000       0.000000       0.000000       0.000000       0.154381
        6.051780       0.380638       0.164250       0.008306       0.000950       0.300088       0.000000       0.000000       0.000000       0.000000       0.154993
        6.084143       0.378365       0.164571       0.008092       0.000863       0.301464       0.000000       0.000000       0.000000       0.000000       0.155634
        6.116505       0.376122       0.164890       0.007882       0.000780       0.302801       0.000000       0.000000       0.000000       0.000000       0.156221
        6.148868       0.373878       0.165199       0.007677       0.000702       0.304129       0.000000       0.000000       0.000000       0.000000       0.156803
        6.181230       0.371666       0.165506       0.007477       0.000627       0.305453       0.000000       0.000000       0.000000       0.000000       0.157396
        6.213592       0.369453       0.165811       0.007279       0.000555       0.306775       0.000000       0.000000       0.000000       0.000000       0.157973
        6.245955       0.367287       0.166118       0.007087       0.000488       0.308073       0.000000       0.000000       0.000000       0.000000       0.158532
        6.278317       0.365135       0.166412       0.006900       0.000425       0.309357       0.000000       0.000000       0.000000       0.000000       0.159100
        6.310680       0.363029       0.166726       0.006716       0.000365       0.310629       0.000000       0.000000       0.000000       0.000000       0.159629
        6.343042       0.360939       0.167017       0.006538       0.000310       0.311880       0.000000       0.000000       0.000000       0.000000       0.160184
        6.375405       0.358833       0.167311       0.006361       0.000258       0.313139       0.000000       0.000000       0.000000       0.000000       0.160707
        6.407767       0.356773       0.167608       0.006189       0.000210       0.314378       0.000000       0.000000       0.000000       0.000000       0.161221
        6.440130       0.354759       0.167917       0.006021       0.000166       0.315613       0.000000       0.000000       0.000000       0.000000       0.161723
        6.472492       0.352730       0.168212       0.005856       0.000126       0.316847       0.000000       0.000000       0.000000       0.000000       0.162236
        6.504855       0.350731       0.168497       0.005696       0.000091       0.318042       0.000000       0.000000       0.000000       0.000000       0.162728
        6.537217       0.348763       0.168800       0.005539       0.000060       0.319243       0.000000       0.000000       0.000000       0.000000       0.163187
        6.569580       0.346779       0.169087       0.005384       0.000033       0.320455       0.000000       0.000000       0.000000       0.000000       0.163686
        6.601942       0.344841       0.169387       0.005233       0.000013       0.321640       0.000000       0.000000       0.000000       0.000000       0.164136
        6.634304       0.342918       0.169674       0.005087       0.000001       0.322805       0.000000       0.000000       0.000000       0.000000       0.164594
        6.666667       0.341026       0.169978       0.004943       0.000000       0.323985       0.000000       0.000000       0.000000       0.000000       0.165042
        6.699029       0.339134       0.170272       0.004801       0.000000       0.325141       0.000000       0.000000       0.000000       0.000000       0.165467
        6.731392       0.337288       0.170553       0.004666       0.000000       0.326264       0.000000       0.000000       0.000000       0.000000       0.165904
        6.763754       0.335411       0.170849       0.004530       0.000000       0.327424       0.000000       0.000000       0.000000       0.000000       0.166309
        6.796117       0.333595       0.171129       0.004400       0.000000       0.328520       0.000000       0.000000       0.000000       0.000000       0.166724
        6.828479       0.331795       0.171422       0.004272       0.000000       0.329648       0.000000       0.000000       0.000000       0.000000       0.167145
        6.860841       0.329979       0.171709       0.004147       0.000000       0.330782       0.000000       0.000000       0.000000       0.000000       0.167563
        6.893204       0.328194       0.171978       0.004026       0.000000       0.331860       0.000000       0.000000       0.000000       0.000000       0.167970
        6.925566       0.326454       0.172262       0.003908       0.000000       0.332930       0.000000       0.000000       0.000000       0.000000       0.168354
        6.957929       0.324684       0.172534       0.003791       0.000000       0.334010       0.000000       0.000000       0.000000       0.000000       0.168744
        6.990291       0.322945       0.172807       0.003678       0.000000       0.335086       0.000000       0.000000       0.000000       0.000000       0.169131
        7.022654       0.321251       0.173094       0.003568       0.000000       0.336155       0.000000       0.000000       0.000000       0.000000       0.169527
        7.055017       0.319542       0.173357       0.003461       0.000000       0.337197       0.000000       0.000000       0.000000       0.000000       0.169906
        7.087379       0.317848       0.173625       0.003356       0.000000       0.338242       0.000000       0.000000       0.000000       0.000000       0.170274
        7.119742       0.316216       0.173903       0.003255       0.000000       0.339254       0.000000       0.000000       0.000000       0.000000       0.170639
        7.152104       0.314537       0.174175       0.003154       0.000000       0.340309       0.000000       0.000000       0.000000       0.000000       0.171005
        7.184466       0.312920       0.174430       0.003058       0.000000       0.341277       0.000000       0.000000       0.000000       0.000000       0.171356
        7.216829       0.311272       0.174692       0.002963       0.000000       0.342318       0.000000       0.000000       0.000000       0.000000       0.171739
        7.249191       0.309669       0.174960       0.002871       0.000000       0.343310       0.000000       0.000000       0.000000       0.000000       0.172070
        7.281554       0.308067       0.175218       0.002781       0.000000       0.344302       0.000000       0.000000       0.000000       0.000000       0.172424
        7.313916       0.306496       0.175477       0.002693       0.000000       0.345275       0.000000       0.000000       0.000000       0.000000       0.172771
        7.346279       0.304924       0.175717       0.002609       0.000000       0.346216       0.000000       0.000000       0.000000       0.000000       0.173104
        7.378641       0.303383       0.175986       0.002526       0.000000       0.347204       0.000000       0.000000       0.000000       0.000000       0.173463
        7.411003       0.301842       0.176235       0.002445       0.000000       0.348157       0.000000       0.000000       0.000000       0.000000       0.173800
        7.443366       0.300316       0.176480       0.002366       0.000000       0.349071       0.000000       0.000000       0.000000       0.000000       0.174107
        7.475728       0.298775       0.176729       0.002289       0.000000       0.350041       0.000000       0.000000       0.000000       0.000000       0.174442
        7.508091       0.297295       0.176980       0.002215       0.000000       0.350949       0.000000       0.000000       0.000000       0.000000       0.174756
        7.540453       0.295784       0.177219       0.002142       0.000000       0.351882       0.000000       0.000000       0.000000       0.000000       0.175077
        7.572816       0.294319       0.177475       0.002071       0.000000       0.352805       0.000000       0.000000       0.000000       0.000000       0.175399
        7.605178       0.292885       0.177722       0.002003       0.000000       0.353701       0.000000       0.000000       0.000000       0.000000       0.175722
        7.637540       0.291420       0.177958       0.001935       0.000000       0.354583       0.000000       0.000000       0.000000       0.000000       0.176005
        7.669903       0.290001       0.178201       0.001871       0.000000       0.355475       0.000000       0.000000       0.000000       0.000000       0.176343
        7.702265       0.288536       0.178435       0.001806       0.000000       0.356371       0.000000       0.000000       0.000000       0.000000       0.176621
        7.734628       0.287132       0.178683       0.001744       0.000000       0.357258       0.000000       0.000000       0.000000       0.000000       0.176929
        7.766990       0.285728       0.178882       0.001685       0.000000       0.358065       0.000000       0.000000       0.000000       0.000143       0.177205
