   density  pressure  energy
   0.500000E-02   0.716687E-02   0.470745E+01
   0.100000E-01   0.210781E-01   0.942700E+01
   0.150000E-01   0.395103E-01   0.141549E+02
   0.200000E-01   0.606066E-01   0.188895E+02
   0.250000E-01   0.823700E-01   0.236297E+02
   0.300000E-01   0.103035E+00   0.283740E+02
   0.350000E-01   0.121345E+00   0.331216E+02
   0.400000E-01   0.136666E+00   0.378715E+02
   0.450000E-01   0.148974E+00   0.426232E+02
   0.500000E-01   0.158776E+00   0.473764E+02
   0.550000E-01   0.167014E+00   0.521303E+02
   0.600000E-01   0.174960E+00   0.568851E+02
   0.650000E-01   0.184109E+00   0.616404E+02
   0.700000E-01   0.196107E+00   0.663963E+02
   0.750000E-01   0.212675E+00   0.711539E+02
   0.800000E-01   0.235521E+00   0.759127E+02
   0.850000E-01   0.266360E+00   0.806727E+02
   0.900000E-01   0.306817E+00   0.854353E+02
   0.950000E-01   0.358418E+00   0.901989E+02
   0.100000E+00   0.422590E+00   0.949679E+02
   0.105000E+00   0.500666E+00   0.997382E+02
   0.110000E+00   0.593820E+00   0.104514E+03
   0.115000E+00   0.701750E+00   0.109295E+03
   0.120000E+00   0.825394E+00   0.114079E+03
   0.125000E+00   0.966395E+00   0.118869E+03
   0.130000E+00   0.112562E+01   0.123666E+03
   0.135000E+00   0.130378E+01   0.128471E+03
   0.140000E+00   0.150172E+01   0.133279E+03
   0.145000E+00   0.171997E+01   0.138098E+03
   0.150000E+00   0.195898E+01   0.142921E+03
   0.155000E+00   0.221947E+01   0.147757E+03
   0.160000E+00   0.250168E+01   0.152599E+03
   0.165000E+00   0.280648E+01   0.157451E+03
   0.170000E+00   0.313392E+01   0.162312E+03
   0.175000E+00   0.348478E+01   0.167183E+03
   0.180000E+00   0.385934E+01   0.172065E+03
   0.185000E+00   0.425789E+01   0.176955E+03
   0.190000E+00   0.468124E+01   0.181860E+03
   0.195000E+00   0.512942E+01   0.186774E+03
   0.200000E+00   0.560293E+01   0.191701E+03
   0.205000E+00   0.610215E+01   0.196639E+03
   0.210000E+00   0.662774E+01   0.201592E+03
   0.215000E+00   0.717939E+01   0.206554E+03
   0.220000E+00   0.775829E+01   0.211533E+03
   0.225000E+00   0.836402E+01   0.216522E+03
   0.230000E+00   0.899710E+01   0.221526E+03
   0.235000E+00   0.965810E+01   0.226545E+03
   0.240000E+00   0.103472E+02   0.231579E+03
   0.245000E+00   0.110641E+02   0.236624E+03
   0.250000E+00   0.118098E+02   0.241688E+03
   0.255000E+00   0.125842E+02   0.246767E+03
   0.260000E+00   0.133866E+02   0.251857E+03
   0.265000E+00   0.142184E+02   0.256966E+03
   0.270000E+00   0.150796E+02   0.262093E+03
   0.275000E+00   0.159694E+02   0.267234E+03
   0.280000E+00   0.168886E+02   0.272393E+03
   0.285000E+00   0.178363E+02   0.277564E+03
   0.290000E+00   0.188137E+02   0.282756E+03
   0.295000E+00   0.198207E+02   0.287967E+03
   0.300000E+00   0.208562E+02   0.293192E+03
   0.305000E+00   0.219207E+02   0.298434E+03
   0.310000E+00   0.230141E+02   0.303695E+03
   0.315000E+00   0.241363E+02   0.308972E+03
   0.320000E+00   0.252870E+02   0.314268E+03
   0.325000E+00   0.264674E+02   0.319586E+03
   0.330000E+00   0.276745E+02   0.324916E+03
   0.335000E+00   0.289109E+02   0.330269E+03
   0.340000E+00   0.301750E+02   0.335640E+03
   0.345000E+00   0.314664E+02   0.341028E+03
   0.350000E+00   0.327849E+02   0.346433E+03
   0.355000E+00   0.341318E+02   0.351862E+03
   0.360000E+00   0.355053E+02   0.357309E+03
   0.365000E+00   0.369050E+02   0.362773E+03
   0.370000E+00   0.383326E+02   0.368261E+03
   0.375000E+00   0.397837E+02   0.373760E+03
   0.380000E+00   0.412576E+02   0.379283E+03
   0.385000E+00   0.425313E+02   0.384828E+03
   0.390000E+00   0.437034E+02   0.390388E+03
   0.395000E+00   0.448269E+02   0.395960E+03
   0.400000E+00   0.459211E+02   0.401549E+03
   0.405000E+00   0.469936E+02   0.407144E+03
   0.410000E+00   0.480527E+02   0.412759E+03
   0.415000E+00   0.491004E+02   0.418382E+03
   0.420000E+00   0.501417E+02   0.424023E+03
   0.425000E+00   0.511773E+02   0.429673E+03
   0.430000E+00   0.522100E+02   0.435341E+03
   0.435000E+00   0.532389E+02   0.441012E+03
   0.440000E+00   0.542679E+02   0.446700E+03
   0.445000E+00   0.552966E+02   0.452401E+03
   0.450000E+00   0.563251E+02   0.458107E+03
   0.455000E+00   0.572067E+02   0.463825E+03
   0.460000E+00   0.579677E+02   0.469561E+03
   0.465000E+00   0.587031E+02   0.475306E+03
   0.470000E+00   0.594238E+02   0.481046E+03
   0.475000E+00   0.601394E+02   0.486802E+03
   0.480000E+00   0.608509E+02   0.492559E+03
   0.485000E+00   0.615610E+02   0.498320E+03
   0.490000E+00   0.622739E+02   0.504106E+03
   0.495000E+00   0.629862E+02   0.509881E+03
   0.500000E+00   0.637026E+02   0.515687E+03
   0.505000E+00   0.644197E+02   0.521467E+03
   0.510000E+00   0.651415E+02   0.527275E+03
   0.515000E+00   0.658672E+02   0.533080E+03
   0.520000E+00   0.665990E+02   0.538910E+03
   0.525000E+00   0.673341E+02   0.544742E+03
   0.530000E+00   0.680735E+02   0.550567E+03
   0.535000E+00   0.688188E+02   0.556416E+03
   0.540000E+00   0.695674E+02   0.562245E+03
   0.545000E+00   0.703246E+02   0.568109E+03
   0.550000E+00   0.710864E+02   0.573972E+03
   0.555000E+00   0.718540E+02   0.579845E+03
   0.560000E+00   0.726257E+02   0.585707E+03
   0.565000E+00   0.734039E+02   0.591580E+03
   0.570000E+00   0.741910E+02   0.597484E+03
   0.575000E+00   0.749811E+02   0.603368E+03
   0.580000E+00   0.757793E+02   0.609272E+03
   0.585000E+00   0.765852E+02   0.615196E+03
   0.590000E+00   0.773950E+02   0.621098E+03
   0.595000E+00   0.782115E+02   0.627021E+03
   0.600000E+00   0.790348E+02   0.632946E+03
   0.605000E+00   0.798674E+02   0.638898E+03
   0.610000E+00   0.807031E+02   0.644832E+03
   0.615000E+00   0.815490E+02   0.650803E+03
   0.620000E+00   0.823994E+02   0.656755E+03
   0.625000E+00   0.832547E+02   0.662703E+03
   0.630000E+00   0.841202E+02   0.668679E+03
   0.635000E+00   0.849898E+02   0.674658E+03
   0.640000E+00   0.858664E+02   0.680629E+03
   0.645000E+00   0.867518E+02   0.686623E+03
   0.650000E+00   0.876437E+02   0.692620E+03
   0.655000E+00   0.885438E+02   0.698643E+03
   0.660000E+00   0.894503E+02   0.704661E+03
   0.665000E+00   0.903615E+02   0.710677E+03
   0.670000E+00   0.912775E+02   0.716680E+03
   0.675000E+00   0.922036E+02   0.722705E+03
   0.680000E+00   0.931410E+02   0.728784E+03
   0.685000E+00   0.940776E+02   0.734797E+03
   0.690000E+00   0.950252E+02   0.740867E+03
   0.695000E+00   0.959794E+02   0.746922E+03
   0.700000E+00   0.969434E+02   0.753010E+03
   0.705000E+00   0.979067E+02   0.759051E+03
   0.710000E+00   0.988810E+02   0.765129E+03
   0.715000E+00   0.998664E+02   0.771247E+03
   0.720000E+00   0.100858E+03   0.777356E+03
   0.725000E+00   0.101853E+03   0.783448E+03
   0.730000E+00   0.102853E+03   0.789529E+03
   0.735000E+00   0.103863E+03   0.795667E+03
   0.740000E+00   0.104881E+03   0.801789E+03
   0.745000E+00   0.105901E+03   0.807890E+03
   0.750000E+00   0.106935E+03   0.814054E+03
   0.755000E+00   0.107971E+03   0.820188E+03
   0.760000E+00   0.109013E+03   0.826326E+03
   0.765000E+00   0.110064E+03   0.832485E+03
   0.770000E+00   0.111128E+03   0.838681E+03
   0.775000E+00   0.112192E+03   0.844848E+03
   0.780000E+00   0.113263E+03   0.851018E+03
   0.785000E+00   0.114341E+03   0.857201E+03
   0.790000E+00   0.115421E+03   0.863367E+03
   0.795000E+00   0.116519E+03   0.869590E+03
   0.800000E+00   0.117613E+03   0.875774E+03
   0.805000E+00   0.118726E+03   0.882022E+03
   0.810000E+00   0.119831E+03   0.888191E+03
   0.815000E+00   0.120957E+03   0.894470E+03
   0.820000E+00   0.122082E+03   0.900720E+03
   0.825000E+00   0.123207E+03   0.906905E+03
   0.830000E+00   0.124354E+03   0.913204E+03
   0.835000E+00   0.125497E+03   0.919445E+03
   0.840000E+00   0.126648E+03   0.925690E+03
   0.845000E+00   0.127801E+03   0.931929E+03
   0.850000E+00   0.128976E+03   0.938246E+03
   0.855000E+00   0.130145E+03   0.944524E+03
   0.860000E+00   0.131326E+03   0.950820E+03
   0.865000E+00   0.132512E+03   0.957110E+03
   0.870000E+00   0.133701E+03   0.963409E+03
   0.875000E+00   0.134899E+03   0.969719E+03
   0.880000E+00   0.136098E+03   0.975994E+03
   0.885000E+00   0.137305E+03   0.982301E+03
   0.890000E+00   0.138532E+03   0.988669E+03
   0.895000E+00   0.139754E+03   0.995005E+03
   0.900000E+00   0.140976E+03   0.100132E+04
   0.905000E+00   0.142220E+03   0.100771E+04
   0.910000E+00   0.143453E+03   0.101403E+04
   0.915000E+00   0.144708E+03   0.102041E+04
   0.920000E+00   0.145967E+03   0.102680E+04
   0.925000E+00   0.147221E+03   0.103316E+04
   0.930000E+00   0.148494E+03   0.103956E+04
   0.935000E+00   0.149761E+03   0.104591E+04
   0.940000E+00   0.151047E+03   0.105236E+04
   0.945000E+00   0.152328E+03   0.105873E+04
   0.950000E+00   0.153619E+03   0.106513E+04
   0.955000E+00   0.154917E+03   0.107156E+04
   0.960000E+00   0.156230E+03   0.107802E+04
   0.965000E+00   0.157542E+03   0.108445E+04
   0.970000E+00   0.158854E+03   0.109090E+04
   0.975000E+00   0.160176E+03   0.109732E+04
   0.980000E+00   0.161497E+03   0.110376E+04
   0.985000E+00   0.162836E+03   0.111024E+04
   0.990000E+00   0.164175E+03   0.111669E+04
   0.995000E+00   0.165517E+03   0.112314E+04
   0.100000E+01   0.166877E+03   0.112966E+04
   0.100500E+01   0.168229E+03   0.113612E+04
   0.101000E+01   0.169586E+03   0.114257E+04
   0.101500E+01   0.170971E+03   0.114915E+04
   0.102000E+01   0.172348E+03   0.115565E+04
   0.102500E+01   0.173729E+03   0.116215E+04
   0.103000E+01   0.175121E+03   0.116869E+04
   0.103500E+01   0.176519E+03   0.117522E+04
   0.104000E+01   0.177902E+03   0.118170E+04
   0.104500E+01   0.179323E+03   0.118828E+04
   0.105000E+01   0.180722E+03   0.119476E+04
   0.105500E+01   0.182138E+03   0.120134E+04
   0.106000E+01   0.183574E+03   0.120797E+04
   0.106500E+01   0.184997E+03   0.121452E+04
   0.107000E+01   0.186414E+03   0.122103E+04
   0.107500E+01   0.187861E+03   0.122763E+04
   0.108000E+01   0.189299E+03   0.123422E+04
   0.108500E+01   0.190750E+03   0.124085E+04
   0.109000E+01   0.192199E+03   0.124744E+04
   0.109500E+01   0.193654E+03   0.125405E+04
   0.110000E+01   0.195107E+03   0.126061E+04
   0.110500E+01   0.196587E+03   0.126730E+04
   0.111000E+01   0.198037E+03   0.127382E+04
   0.111500E+01   0.199530E+03   0.128057E+04
   0.112000E+01   0.201004E+03   0.128717E+04
   0.112500E+01   0.202493E+03   0.129383E+04
   0.113000E+01   0.203978E+03   0.130047E+04
   0.113500E+01   0.205459E+03   0.130707E+04
   0.114000E+01   0.206968E+03   0.131381E+04
   0.114500E+01   0.208467E+03   0.132048E+04
   0.115000E+01   0.209965E+03   0.132708E+04
   0.115500E+01   0.211491E+03   0.133385E+04
   0.116000E+01   0.212997E+03   0.134048E+04
   0.116500E+01   0.214523E+03   0.134722E+04
   0.117000E+01   0.216056E+03   0.135395E+04
   0.117500E+01   0.217571E+03   0.136063E+04
   0.118000E+01   0.219102E+03   0.136730E+04
   0.118500E+01   0.220642E+03   0.137406E+04
   0.119000E+01   0.222197E+03   0.138081E+04
   0.119500E+01   0.223752E+03   0.138758E+04
   0.120000E+01   0.225264E+03   0.139435E+04
