        0.032362       1.562848       0.983404       0.615796       0.452190       0.305171
        0.064725       3.085921       0.967230       0.615796       0.452190       0.305171
        0.097087       4.572785       0.951441       0.615796       0.452190       0.305171
        0.129450       6.025773       0.936012       0.615796       0.452190       0.305171
        0.161812       7.446878       0.920921       0.615796       0.452190       0.305171
        0.194175       8.837661       0.906152       0.615796       0.452190       0.305171
        0.226537      10.199577       0.891690       0.615796       0.452190       0.305171
        0.258900      11.533817       0.877522       0.615796       0.452190       0.305171
        0.291262      12.841533       0.863635       0.615796       0.452190       0.305171
        0.323625      14.123761       0.850019       0.615796       0.452190       0.305171
        0.355987      15.381281       0.836665       0.615796       0.452190       0.305171
        0.388350      16.614925       0.823565       0.615796       0.452190       0.305171
        0.420712      17.825352       0.810712       0.615796       0.452190       0.305171
        0.453074      19.013184       0.798098       0.615796       0.452190       0.305171
        0.485437      20.179285       0.785715       0.615796       0.452190       0.305171
        0.517799      21.323971       0.773560       0.615796       0.452190       0.305171
        0.550162      22.447656       0.761627       0.615796       0.452190       0.305171
        0.582524      23.551052       0.749910       0.615796       0.452190       0.305171
        0.614887      24.634139       0.738409       0.615796       0.452190       0.305171
        0.647249      25.698166       0.727110       0.615796       0.452190       0.305171
        0.679612      26.742502       0.716020       0.615796       0.452190       0.305171
        0.711974      27.768312       0.705127       0.615796       0.452190       0.305171
        0.744337      28.775778       0.694429       0.615796       0.452190       0.305171
        0.776699      29.765684       0.683917       0.615796       0.452190       0.305171
        0.809062      30.737691       0.673595       0.615796       0.452190       0.305171
        0.841424      31.692350       0.663457       0.615796       0.452190       0.305171
        0.873786      32.630096       0.653499       0.615796       0.452190       0.305171
        0.906149      33.550316       0.643727       0.615796       0.452190       0.305171
        0.938511      34.454451       0.634126       0.615796       0.452190       0.305171
        0.970874      35.341419       0.624708       0.615796       0.452190       0.305171
        1.003236      36.212883       0.615454       0.615796       0.452190       0.305171
        1.035599      37.067707       0.606376       0.615796       0.452190       0.305171
        1.067961      37.907154       0.597462       0.615796       0.452190       0.305171
        1.100324      38.730815       0.588716       0.615796       0.452190       0.305171
        1.132686      39.538902       0.580134       0.615796       0.452190       0.305171
        1.165049      40.331833       0.571714       0.615796       0.452190       0.305171
        1.197411      41.109391       0.563457       0.615796       0.452190       0.305171
        1.229774      41.872745       0.555351       0.615796       0.452190       0.305171
        1.262136      42.620903       0.547406       0.615796       0.452190       0.305171
        1.294498      43.354630       0.539615       0.615796       0.452190       0.305171
        1.326861      44.074006       0.531976       0.615796       0.452190       0.305171
        1.359223      44.779711       0.524482       0.615796       0.452190       0.305171
        1.391586      45.470716       0.517144       0.615796       0.452190       0.305171
        1.423948      46.148287       0.509949       0.615796       0.452190       0.305171
        1.456311      46.812492       0.502896       0.615796       0.452190       0.305171
        1.488673      47.462998       0.495988       0.615796       0.452190       0.305171
        1.521036      48.100796       0.489215       0.615796       0.452190       0.305171
        1.553398      48.724837       0.482588       0.615796       0.452190       0.305171
        1.585761      49.336388       0.476094       0.615796       0.452190       0.305171
        1.618123      49.935810       0.469729       0.615796       0.452190       0.305171
        1.650485      50.522173       0.463502       0.615796       0.452190       0.305171
        1.682848      51.096103       0.457408       0.615796       0.452190       0.305171
        1.715210      51.658306       0.451438       0.615796       0.452190       0.305171
        1.747573      52.208917       0.445591       0.615796       0.452190       0.305171
        1.779935      52.747598       0.439871       0.615796       0.452190       0.305171
        1.812298      53.274995       0.434270       0.615796       0.452190       0.305171
        1.844660      53.790765       0.428793       0.615796       0.452190       0.305171
        1.877023      54.296072       0.423427       0.615796       0.452190       0.305171
        1.909385      54.790158       0.418181       0.615796       0.452190       0.305171
        1.941748      55.273638       0.413046       0.615796       0.452190       0.305171
        1.974110      55.746730       0.408023       0.615796       0.452190       0.305171
        2.006473      56.209576       0.403108       0.615796       0.452190       0.305171
        2.038835      56.662363       0.398299       0.615796       0.452190       0.305171
        2.071197      57.105308       0.393596       0.615796       0.452190       0.305171
        2.103560      57.539105       0.388989       0.615796       0.452190       0.305171
        2.135922      57.962873       0.384489       0.615796       0.452190       0.305171
        2.168285      58.377888       0.380082       0.615796       0.452190       0.305171
        2.200647      58.783802       0.375772       0.615796       0.452190       0.305171
        2.233010      59.180782       0.371556       0.615796       0.452190       0.305171
        2.265372      59.569098       0.367433       0.615796       0.452190       0.305171
        2.297735      59.949336       0.363395       0.615796       0.452190       0.305171
        2.330097      60.321270       0.359445       0.615796       0.452190       0.305171
        2.362460      60.685035       0.355583       0.615796       0.452190       0.305171
        2.394822      61.041364       0.351799       0.615796       0.452190       0.305171
        2.427185      61.389458       0.348102       0.615796       0.452190       0.305171
        2.459547      61.730335       0.344482       0.615796       0.452190       0.305171
        2.491909      62.061830       0.340962       0.615796       0.452190       0.305171
        2.524272      62.386091       0.337519       0.615796       0.452190       0.305171
        2.556634      62.704122       0.334142       0.615796       0.452190       0.305171
        2.588997      63.016817       0.330821       0.615796       0.452190       0.305171
        2.621359      63.323771       0.327562       0.615796       0.452190       0.305171
        2.653722      63.626804       0.324344       0.615796       0.452190       0.305171
        2.686084      63.924716       0.321180       0.615796       0.452190       0.305171
        2.718447      64.218275       0.318063       0.615796       0.452190       0.305171
        2.750809      64.507751       0.314989       0.615796       0.452190       0.305171
        2.783172      64.793730       0.311952       0.615796       0.452190       0.305171
        2.815534      65.074793       0.308967       0.615796       0.452190       0.305171
        2.847897      65.352961       0.306014       0.615796       0.452190       0.305171
        2.880259      65.627483       0.303098       0.615796       0.452190       0.305171
        2.912621      65.897540       0.300231       0.615796       0.452190       0.305171
        2.944984      66.154442       0.297503       0.615796       0.452190       0.305171
        2.977346      66.400698       0.294888       0.615796       0.452190       0.305171
        3.009709      66.642946       0.292315       0.615796       0.452190       0.305171
        3.042071      66.880111       0.289797       0.615796       0.452190       0.305171
        3.074434      67.115211       0.287300       0.615796       0.452190       0.305171
        3.106796      67.346705       0.284842       0.615796       0.452190       0.305171
        3.139159      67.575126       0.282416       0.615796       0.452190       0.305171
        3.171521      67.802192       0.280005       0.615796       0.452190       0.305171
        3.203883      68.025726       0.277631       0.615796       0.452190       0.305171
        3.236246      68.247426       0.275277       0.615796       0.452190       0.305171
        3.268609      68.465043       0.272966       0.615796       0.452190       0.305171
        3.300971      68.681848       0.270664       0.615796       0.452190       0.305171
        3.333333      68.896169       0.268388       0.615796       0.452190       0.305171
        3.365696      69.109696       0.266121       0.615796       0.452190       0.305171
        3.398058      69.319935       0.263888       0.615796       0.452190       0.305171
        3.430421      69.527932       0.261679       0.615796       0.452190       0.305171
        3.462783      69.734141       0.259490       0.615796       0.452190       0.305171
        3.495146      69.936792       0.257338       0.615796       0.452190       0.305171
        3.527508      70.139679       0.255183       0.615796       0.452190       0.305171
        3.559871      70.340305       0.253053       0.615796       0.452190       0.305171
        3.592233      70.538694       0.250946       0.615796       0.452190       0.305171
        3.624596      70.734289       0.248869       0.615796       0.452190       0.305171
        3.656958      70.928134       0.246811       0.615796       0.452190       0.305171
        3.689321      71.121799       0.244754       0.615796       0.452190       0.305171
        3.721683      71.311955       0.242735       0.615796       0.452190       0.305171
        3.754045      71.501220       0.240725       0.615796       0.452190       0.305171
        3.786408      71.689826       0.238722       0.615796       0.452190       0.305171
        3.818770      71.875922       0.236746       0.615796       0.452190       0.305171
        3.851133      72.058593       0.234806       0.615796       0.452190       0.305171
        3.883495      72.240654       0.232873       0.615796       0.452190       0.305171
        3.915858      72.422882       0.230938       0.615796       0.452190       0.305171
        3.948220      72.601466       0.229041       0.615796       0.452190       0.305171
        3.980583      72.779889       0.227147       0.615796       0.452190       0.305171
        4.012945      72.955792       0.225279       0.615796       0.452190       0.305171
        4.045308      73.128932       0.223440       0.615796       0.452190       0.305171
        4.077670      73.303278       0.221589       0.615796       0.452190       0.305171
        4.110032      73.473888       0.219777       0.615796       0.452190       0.305171
        4.142395      73.643250       0.217979       0.615796       0.452190       0.305171
        4.174757      73.812352       0.216183       0.615796       0.452190       0.305171
        4.207120      73.979548       0.214407       0.615796       0.452190       0.305171
        4.239482      74.145802       0.212642       0.615796       0.452190       0.305171
        4.271845      74.309932       0.210899       0.615796       0.452190       0.305171
        4.304207      74.473016       0.209167       0.615796       0.452190       0.305171
        4.336570      74.633088       0.207467       0.615796       0.452190       0.305171
        4.368932      74.792749       0.205772       0.615796       0.452190       0.305171
        4.401295      74.952857       0.204072       0.615796       0.452190       0.305171
        4.433657      75.109826       0.202405       0.615796       0.452190       0.305171
        4.466020      75.265086       0.200756       0.615796       0.452190       0.305171
        4.498382      75.420170       0.199109       0.615796       0.452190       0.305171
        4.530744      75.575001       0.197465       0.615796       0.452190       0.305171
        4.563107      75.725823       0.195864       0.615796       0.452190       0.305171
        4.595469      75.877022       0.194258       0.615796       0.452190       0.305171
        4.627832      76.027634       0.192659       0.615796       0.452190       0.305171
        4.660194      76.177168       0.191071       0.615796       0.452190       0.305171
        4.692557      76.323945       0.189512       0.615796       0.452190       0.305171
        4.724919      76.468627       0.187976       0.615796       0.452190       0.305171
        4.757281      76.614406       0.186428       0.615796       0.452190       0.305171
        4.789644      76.759836       0.184883       0.615796       0.452190       0.305171
        4.822007      76.900532       0.183389       0.615796       0.452190       0.305171
        4.854369      77.043604       0.181870       0.615796       0.452190       0.305171
        4.886732      77.183698       0.180382       0.615796       0.452190       0.305171
        4.919094      77.321835       0.178916       0.615796       0.452190       0.305171
        4.951456      77.461057       0.177437       0.615796       0.452190       0.305171
        4.983819      77.599162       0.175971       0.615796       0.452190       0.305171
        5.016181      77.735916       0.174518       0.615796       0.452190       0.305171
        5.048544      77.869840       0.173096       0.615796       0.452190       0.305171
        5.080906      78.004708       0.171664       0.615796       0.452190       0.305171
        5.113269      78.135879       0.170271       0.615796       0.452190       0.305171
        5.145631      78.269418       0.168853       0.615796       0.452190       0.305171
        5.177993      78.399256       0.167474       0.615796       0.452190       0.305171
        5.210356      78.530533       0.166080       0.615796       0.452190       0.305171
        5.242719      78.657489       0.164732       0.615796       0.452190       0.305171
        5.275081      78.787586       0.163351       0.615796       0.452190       0.305171
        5.307444      78.915075       0.161997       0.615796       0.452190       0.305171
        5.339806      79.039022       0.160681       0.615796       0.452190       0.305171
        5.372168      79.166074       0.159331       0.615796       0.452190       0.305171
        5.404531      79.289733       0.158018       0.615796       0.452190       0.305171
        5.436893      79.414037       0.156698       0.615796       0.452190       0.305171
        5.469256      79.534710       0.155417       0.615796       0.452190       0.305171
        5.501618      79.657569       0.154112       0.615796       0.452190       0.305171
        5.533981      79.777183       0.152842       0.615796       0.452190       0.305171
        5.566343      79.898193       0.151557       0.615796       0.452190       0.305171
        5.598706      80.017038       0.150295       0.615796       0.452190       0.305171
        5.631068      80.135331       0.149039       0.615796       0.452190       0.305171
        5.663431      80.251347       0.147807       0.615796       0.452190       0.305171
        5.695793      80.365980       0.146590       0.615796       0.452190       0.305171
        5.728156      80.482153       0.145356       0.615796       0.452190       0.305171
        5.760518      80.598397       0.144122       0.615796       0.452190       0.305171
        5.792880      80.712404       0.142911       0.615796       0.452190       0.305171
        5.825243      80.823166       0.141735       0.615796       0.452190       0.305171
        5.857605      80.937109       0.140525       0.615796       0.452190       0.305171
        5.889968      81.047517       0.139352       0.615796       0.452190       0.305171
        5.922330      81.159629       0.138162       0.615796       0.452190       0.305171
        5.954693      81.269852       0.136991       0.615796       0.452190       0.305171
        5.987055      81.377494       0.135848       0.615796       0.452190       0.305171
        6.019418      81.487870       0.134676       0.615796       0.452190       0.305171
        6.051780      81.594149       0.133548       0.615796       0.452190       0.305171
        6.084143      81.701253       0.132410       0.615796       0.452190       0.305171
        6.116505      81.806361       0.131294       0.615796       0.452190       0.305171
        6.148868      81.912279       0.130169       0.615796       0.452190       0.305171
        6.181230      82.017399       0.129053       0.615796       0.452190       0.305171
        6.213592      82.123173       0.127930       0.615796       0.452190       0.305171
        6.245955      82.226451       0.126833       0.615796       0.452190       0.305171
        6.278317      82.329826       0.125735       0.615796       0.452190       0.305171
        6.310680      82.430393       0.124667       0.615796       0.452190       0.305171
        6.343042      82.530591       0.123603       0.615796       0.452190       0.305171
        6.375405      82.632980       0.122516       0.615796       0.452190       0.305171
        6.407767      82.732876       0.121455       0.615796       0.452190       0.305171
        6.440130      82.830854       0.120415       0.615796       0.452190       0.305171
        6.472492      82.930494       0.119357       0.615796       0.452190       0.305171
        6.504855      83.027812       0.118323       0.615796       0.452190       0.305171
        6.537217      83.124930       0.117292       0.615796       0.452190       0.305171
        6.569580      83.223680       0.116244       0.615796       0.452190       0.305171
        6.601942      83.319634       0.115225       0.615796       0.452190       0.305171
        6.634304      83.414933       0.114213       0.615796       0.452190       0.305171
        6.666667      83.509852       0.113205       0.615796       0.452190       0.305171
        6.699029      83.604663       0.112198       0.615796       0.452190       0.305171
        6.731392      83.696773       0.111220       0.615796       0.452190       0.305171
        6.763754      83.792551       0.110203       0.615796       0.452190       0.305171
        6.796117      83.882889       0.109243       0.615796       0.452190       0.305171
        6.828479      83.974683       0.108269       0.615796       0.452190       0.305171
        6.860841      84.068382       0.107274       0.615796       0.452190       0.305171
        6.893204      84.158644       0.106315       0.615796       0.452190       0.305171
        6.925566      84.246973       0.105377       0.615796       0.452190       0.305171
        6.957929      84.337846       0.104412       0.615796       0.452190       0.305171
        6.990291      84.428430       0.103450       0.615796       0.452190       0.305171
        7.022654      84.515721       0.102523       0.615796       0.452190       0.305171
        7.055017      84.604192       0.101584       0.615796       0.452190       0.305171
        7.087379      84.692920       0.100642       0.615796       0.452190       0.305171
        7.119742      84.776390       0.099755       0.615796       0.452190       0.305171
        7.152104      84.865945       0.098804       0.615796       0.452190       0.305171
        7.184466      84.948691       0.097926       0.615796       0.452190       0.305171
        7.216829      85.037164       0.096986       0.615796       0.452190       0.305171
        7.249191      85.121736       0.096088       0.615796       0.452190       0.305171
        7.281554      85.206743       0.095185       0.615796       0.452190       0.305171
        7.313916      85.289861       0.094303       0.615796       0.452190       0.305171
        7.346279      85.372670       0.093423       0.615796       0.452190       0.305171
        7.378641      85.455627       0.092542       0.615796       0.452190       0.305171
        7.411003      85.538483       0.091663       0.615796       0.452190       0.305171
        7.443366      85.618905       0.090809       0.615796       0.452190       0.305171
        7.475728      85.704113       0.089904       0.615796       0.452190       0.305171
        7.508091      85.782837       0.089068       0.615796       0.452190       0.305171
        7.540453      85.865803       0.088187       0.615796       0.452190       0.305171
        7.572816      85.945292       0.087343       0.615796       0.452190       0.305171
        7.605178      86.023030       0.086517       0.615796       0.452190       0.305171
        7.637540      86.102703       0.085671       0.615796       0.452190       0.305171
        7.669903      86.180046       0.084850       0.615796       0.452190       0.305171
        7.702265      86.261905       0.083980       0.615796       0.452190       0.305171
        7.734628      86.339403       0.083157       0.615796       0.452190       0.305171
        7.766990      86.416384       0.082340       0.615796       0.452190       0.305171
