        0.065789       0.996956       0.003037       0.003037       0.000000       0.000000       0.000000       0.000000       0.000000       0.000000       0.000000       0.000000       0.000000       0.000000       0.000000       0.000000
        0.131579       0.992058       0.007948       0.007948       0.000000       0.000000       0.000000       0.000000       0.000000       0.000000       0.000000       0.000000       0.000000       0.000000       0.000000       0.000000
        0.197368       0.986595       0.013401       0.013401       0.000000       0.000000       0.000000       0.000000       0.000000       0.000000       0.000000       0.000000       0.000000       0.000000       0.000000       0.000000
        0.263158       0.981178       0.018821       0.018821       0.000000       0.000000       0.000000       0.000000       0.000000       0.000000       0.000000       0.000000       0.000000       0.000000       0.000000       0.000000
        0.328947       0.976067       0.023935       0.023935       0.000000       0.000000       0.000000       0.000000       0.000000       0.000000       0.000000       0.000000       0.000000       0.000000       0.000000       0.000000
        0.394737       0.971367       0.028627       0.028627       0.000000       0.000000       0.000000       0.000000       0.000000       0.000000       0.000000       0.000000       0.000000       0.000000       0.000000       0.000000
        0.460526       0.967125       0.032869       0.032869       0.000000       0.000000       0.000000       0.000000       0.000000       0.000000       0.000000       0.000000       0.000000       0.000000       0.000000       0.000000
        0.526316       0.963326       0.036677       0.036677       0.000000       0.000000       0.000000       0.000000       0.000000       0.000000       0.000000       0.000000       0.000000       0.000000       0.000000       0.000000
        0.592105       0.959908       0.040085       0.040085       0.000000       0.000000       0.000000       0.000000       0.000000       0.000000       0.000000       0.000000       0.000000       0.000000       0.000000       0.000000
        0.657895       0.956856       0.043139       0.043139       0.000000       0.000000       0.000000       0.000000       0.000000       0.000000       0.000000       0.000000       0.000000       0.000000       0.000000       0.000000
        0.723684       0.954109       0.045887       0.045887       0.000000       0.000000       0.000000       0.000000       0.000000       0.000000       0.000000       0.000000       0.000000       0.000000       0.000000       0.000000
        0.789474       0.950996       0.049001       0.048133       0.000868       0.000000       0.000000       0.000000       0.000000       0.000000       0.000000       0.000000       0.000000       0.000000       0.000000       0.000000
        0.855263       0.947533       0.052469       0.049905       0.002564       0.000000       0.000000       0.000000       0.000000       0.000000       0.000000       0.000000       0.000000       0.000000       0.000000       0.000000
        0.921053       0.944145       0.055863       0.051409       0.004454       0.000000       0.000000       0.000000       0.000000       0.000000       0.000000       0.000000       0.000000       0.000000       0.000000       0.000000
        0.986842       0.940895       0.059107       0.052722       0.006384       0.000000       0.000000       0.000000       0.000000       0.000000       0.000000       0.000000       0.000000       0.000000       0.000000       0.000000
        1.052632       0.937813       0.062182       0.053893       0.008290       0.000000       0.000000       0.000000       0.000000       0.000000       0.000000       0.000000       0.000000       0.000000       0.000000       0.000000
        1.118421       0.934898       0.065099       0.054955       0.010143       0.000000       0.000000       0.000000       0.000000       0.000000       0.000000       0.000000       0.000000       0.000000       0.000000       0.000000
        1.184211       0.932137       0.067869       0.055935       0.011934       0.000000       0.000000       0.000000       0.000000       0.000000       0.000000       0.000000       0.000000       0.000000       0.000000       0.000000
        1.250000       0.929497       0.070503       0.056845       0.013657       0.000000       0.000000       0.000000       0.000000       0.000000       0.000000       0.000000       0.000000       0.000000       0.000000       0.000000
        1.315789       0.926979       0.073017       0.057703       0.015314       0.000000       0.000000       0.000000       0.000000       0.000000       0.000000       0.000000       0.000000       0.000000       0.000000       0.000000
        1.381579       0.924568       0.075424       0.058517       0.016907       0.000000       0.000000       0.000000       0.000000       0.000000       0.000000       0.000000       0.000000       0.000000       0.000000       0.000000
        1.447368       0.922264       0.077734       0.059294       0.018440       0.000000       0.000000       0.000000       0.000000       0.000000       0.000000       0.000000       0.000000       0.000000       0.000000       0.000000
        1.513158       0.920052       0.079954       0.060039       0.019915       0.000000       0.000000       0.000000       0.000000       0.000000       0.000000       0.000000       0.000000       0.000000       0.000000       0.000000
        1.578947       0.917915       0.082086       0.060754       0.021333       0.000000       0.000000       0.000000       0.000000       0.000000       0.000000       0.000000       0.000000       0.000000       0.000000       0.000000
        1.644737       0.915855       0.084136       0.061440       0.022697       0.000000       0.000000       0.000000       0.000000       0.000000       0.000000       0.000000       0.000000       0.000000       0.000000       0.000000
        1.710526       0.913887       0.086113       0.062102       0.024012       0.000000       0.000000       0.000000       0.000000       0.000000       0.000000       0.000000       0.000000       0.000000       0.000000       0.000000
        1.776316       0.911980       0.088013       0.062737       0.025276       0.000000       0.000000       0.000000       0.000000       0.000000       0.000000       0.000000       0.000000       0.000000       0.000000       0.000000
        1.842105       0.910164       0.089841       0.063349       0.026493       0.000000       0.000000       0.000000       0.000000       0.000000       0.000000       0.000000       0.000000       0.000000       0.000000       0.000000
        1.907895       0.908409       0.091597       0.063934       0.027662       0.000000       0.000000       0.000000       0.000000       0.000000       0.000000       0.000000       0.000000       0.000000       0.000000       0.000000
        1.973684       0.906715       0.093279       0.064493       0.028786       0.000000       0.000000       0.000000       0.000000       0.000000       0.000000       0.000000       0.000000       0.000000       0.000000       0.000000
        2.039474       0.905098       0.094895       0.065029       0.029866       0.000000       0.000000       0.000000       0.000000       0.000000       0.000000       0.000000       0.000000       0.000000       0.000000       0.000000
        2.105263       0.903252       0.096544       0.065485       0.030861       0.000000       0.000000       0.000000       0.000000       0.000000       0.000000       0.000000       0.000000       0.000000       0.000199       0.000000
        2.171053       0.884773       0.102965       0.062915       0.029470       0.001679       0.000000       0.000000       0.000000       0.000000       0.000000       0.000000       0.000000       0.000000       0.010580       0.000000
        2.236842       0.860924       0.108453       0.059676       0.027528       0.009372       0.000000       0.000000       0.000000       0.000000       0.000000       0.000000       0.000000       0.000000       0.021252       0.000000
        2.302632       0.836678       0.113344       0.056415       0.025543       0.018590       0.000000       0.000000       0.000000       0.000000       0.000000       0.000000       0.000000       0.000000       0.031389       0.000000
        2.368421       0.812935       0.117722       0.053248       0.023609       0.028479       0.000000       0.000000       0.000000       0.000000       0.000000       0.000000       0.000000       0.000000       0.040865       0.000000
        2.434211       0.789970       0.121626       0.050217       0.021762       0.038739       0.000000       0.000000       0.000000       0.000000       0.000000       0.000000       0.000000       0.000000       0.049647       0.000000
        2.500000       0.767921       0.125108       0.047339       0.020016       0.049224       0.000000       0.000000       0.000000       0.000000       0.000000       0.000000       0.000000       0.000000       0.057749       0.000000
        2.565789       0.746803       0.128184       0.044622       0.018379       0.059829       0.000000       0.000000       0.000000       0.000000       0.000000       0.000000       0.000000       0.000000       0.065188       0.000000
        2.631579       0.726631       0.130894       0.042064       0.016852       0.070489       0.000000       0.000000       0.000000       0.000000       0.000000       0.000000       0.000000       0.000000       0.071982       0.000000
        2.697368       0.707359       0.133279       0.039662       0.015431       0.081185       0.000000       0.000000       0.000000       0.000000       0.000000       0.000000       0.000000       0.000000       0.078183       0.000000
        2.763158       0.688972       0.135347       0.037413       0.014116       0.091859       0.000000       0.000000       0.000000       0.000000       0.000000       0.000000       0.000000       0.000000       0.083814       0.000000
        2.828947       0.671410       0.137143       0.035307       0.012899       0.102514       0.000000       0.000000       0.000000       0.000000       0.000000       0.000000       0.000000       0.000000       0.088929       0.000000
        2.894737       0.654671       0.138674       0.033341       0.011779       0.113106       0.000000       0.000000       0.000000       0.000000       0.000000       0.000000       0.000000       0.000000       0.093562       0.000000
        2.960526       0.638680       0.139978       0.031503       0.010746       0.123626       0.000000       0.000000       0.000000       0.000000       0.000000       0.000000       0.000000       0.000000       0.097732       0.000000
        3.026316       0.623405       0.141060       0.029789       0.009797       0.134054       0.000000       0.000000       0.000000       0.000000       0.000000       0.000000       0.000000       0.000000       0.101478       0.000000
        3.092105       0.608818       0.141957       0.028188       0.008926       0.144401       0.000000       0.000000       0.000000       0.000000       0.000000       0.000000       0.000000       0.000000       0.104845       0.000000
        3.157895       0.594994       0.142766       0.026673       0.008112       0.154248       0.000000       0.000000       0.000000       0.000000       0.000384       0.000000       0.000000       0.000000       0.107597       0.000000
        3.223684       0.582375       0.143938       0.025141       0.007287       0.162162       0.000000       0.000000       0.000000       0.000000       0.002660       0.000000       0.000000       0.000000       0.108857       0.000000
        3.289474       0.570488       0.145127       0.023683       0.006515       0.169464       0.000000       0.000000       0.000000       0.000000       0.005388       0.000000       0.000000       0.000000       0.109532       0.000000
        3.355263       0.559181       0.146266       0.022310       0.005802       0.176402       0.000000       0.000000       0.000000       0.000000       0.008319       0.000000       0.000000       0.000000       0.109825       0.000000
        3.421053       0.548424       0.147352       0.021022       0.005147       0.183052       0.000000       0.000000       0.000000       0.000000       0.011359       0.000000       0.000000       0.000000       0.109817       0.000000
        3.486842       0.538277       0.148662       0.019786       0.004531       0.189559       0.000000       0.000000       0.000000       0.000000       0.014114       0.000000       0.000000       0.000000       0.109422       0.000806
        3.552631       0.530037       0.153339       0.018289       0.003767       0.196959       0.000000       0.000000       0.000000       0.000000       0.012491       0.000000       0.000000       0.000000       0.107161       0.011642
        3.618421       0.522148       0.157704       0.016917       0.003096       0.204119       0.000000       0.000000       0.000000       0.000000       0.011214       0.000000       0.000000       0.000000       0.104828       0.021640
        3.684211       0.514580       0.161814       0.015655       0.002507       0.211038       0.000000       0.000000       0.000000       0.000000       0.010161       0.000000       0.000000       0.000000       0.102424       0.031063
        3.750000       0.507271       0.165611       0.014501       0.001997       0.217711       0.000000       0.000000       0.000000       0.000000       0.009396       0.000000       0.000000       0.000000       0.099998       0.039726
        3.815789       0.500221       0.169212       0.013434       0.001553       0.224219       0.000000       0.000000       0.000000       0.000000       0.008804       0.000000       0.000000       0.000000       0.097533       0.047881
        3.881579       0.493401       0.172606       0.012452       0.001170       0.230563       0.000000       0.000000       0.000000       0.000000       0.008391       0.000000       0.000000       0.000000       0.095050       0.055552
        3.947368       0.486824       0.175818       0.011544       0.000845       0.236714       0.000000       0.000000       0.000000       0.000000       0.008103       0.000000       0.000000       0.000000       0.092557       0.062764
        4.013158       0.480461       0.178834       0.010709       0.000574       0.242671       0.000000       0.000000       0.000000       0.000000       0.007954       0.000000       0.000000       0.000000       0.090063       0.069540
        4.078948       0.474342       0.181704       0.009937       0.000353       0.248471       0.000000       0.000000       0.000000       0.000000       0.007928       0.000000       0.000000       0.000000       0.087573       0.075900
        4.144737       0.468346       0.184397       0.009223       0.000180       0.254129       0.000000       0.000000       0.000000       0.000000       0.008013       0.000000       0.000000       0.000000       0.085103       0.081865
        4.210526       0.462578       0.187011       0.008560       0.000057       0.259631       0.000000       0.000000       0.000000       0.000000       0.008131       0.000000       0.000000       0.000000       0.082625       0.087643
        4.276316       0.456947       0.189435       0.007948       0.000000       0.265005       0.000000       0.000000       0.000000       0.000000       0.008421       0.000000       0.000000       0.000000       0.080193       0.092867
        4.342105       0.451515       0.191792       0.007378       0.000000       0.270224       0.000000       0.000000       0.000000       0.000000       0.008730       0.000000       0.000000       0.000000       0.077744       0.097934
        4.407895       0.446251       0.194035       0.006851       0.000000       0.275271       0.000000       0.000000       0.000000       0.000000       0.009095       0.000000       0.000000       0.000000       0.075337       0.102758
        4.473684       0.441078       0.196160       0.006361       0.000000       0.280241       0.000000       0.000000       0.000000       0.000000       0.009564       0.000000       0.000000       0.000000       0.072962       0.107260
        4.539474       0.436073       0.198179       0.005908       0.000000       0.285031       0.000000       0.000000       0.000000       0.000000       0.010073       0.000000       0.000000       0.000000       0.070650       0.111544
        4.605263       0.431206       0.200134       0.005485       0.000000       0.289683       0.000000       0.000000       0.000000       0.000000       0.010607       0.000000       0.000000       0.000000       0.068342       0.115705
        4.671053       0.426460       0.201989       0.005094       0.000000       0.294236       0.000000       0.000000       0.000000       0.000000       0.011221       0.000000       0.000000       0.000000       0.066110       0.119577
        4.736842       0.421837       0.203797       0.004728       0.000000       0.298658       0.000000       0.000000       0.000000       0.000000       0.011838       0.000000       0.000000       0.000000       0.063877       0.123342
        4.802631       0.417320       0.205488       0.004390       0.000000       0.302953       0.000000       0.000000       0.000000       0.000000       0.012551       0.000000       0.000000       0.000000       0.061708       0.126836
        4.868421       0.412895       0.207132       0.004073       0.000000       0.307133       0.000000       0.000000       0.000000       0.000000       0.013260       0.000000       0.000000       0.000000       0.059557       0.130236
        4.934211       0.408577       0.208686       0.003780       0.000000       0.311212       0.000000       0.000000       0.000000       0.000000       0.014052       0.000000       0.000000       0.000000       0.057474       0.133382
        5.000000       0.404381       0.210198       0.003506       0.000000       0.315144       0.000000       0.000000       0.000000       0.000000       0.014832       0.000000       0.000000       0.000000       0.055420       0.136446
        5.065790       0.400261       0.211628       0.003252       0.000000       0.319007       0.000000       0.000000       0.000000       0.000000       0.015702       0.000000       0.000000       0.000000       0.053410       0.139271
        5.131579       0.396233       0.213026       0.003014       0.000000       0.322754       0.000000       0.000000       0.000000       0.000000       0.016553       0.000000       0.000000       0.000000       0.051435       0.142024
        5.197368       0.392296       0.214344       0.002793       0.000000       0.326401       0.000000       0.000000       0.000000       0.000000       0.017485       0.000000       0.000000       0.000000       0.049508       0.144553
        5.263158       0.388451       0.215677       0.002585       0.000000       0.329942       0.000000       0.000000       0.000000       0.000000       0.018341       0.000000       0.000000       0.000000       0.047584       0.147171
        5.328948       0.384697       0.216889       0.002395       0.000000       0.333362       0.000000       0.000000       0.000000       0.000000       0.019320       0.000000       0.000000       0.000000       0.045750       0.149423
        5.394737       0.381004       0.218126       0.002214       0.000000       0.336719       0.000000       0.000000       0.000000       0.000000       0.020231       0.000000       0.000000       0.000000       0.043902       0.151769
        5.460526       0.377388       0.219288       0.002047       0.000000       0.339982       0.000000       0.000000       0.000000       0.000000       0.021198       0.000000       0.000000       0.000000       0.042134       0.153912
        5.526316       0.373833       0.220434       0.001890       0.000000       0.343177       0.000000       0.000000       0.000000       0.000000       0.022164       0.000000       0.000000       0.000000       0.040369       0.156003
        5.592105       0.370338       0.221517       0.001744       0.000000       0.346303       0.000000       0.000000       0.000000       0.000000       0.023191       0.000000       0.000000       0.000000       0.038668       0.157902
        5.657895       0.366951       0.222570       0.001609       0.000000       0.349284       0.000000       0.000000       0.000000       0.000000       0.024213       0.000000       0.000000       0.000000       0.036992       0.159756
        5.723684       0.363594       0.223609       0.001482       0.000000       0.352223       0.000000       0.000000       0.000000       0.000000       0.025213       0.000000       0.000000       0.000000       0.035341       0.161568
        5.789474       0.360298       0.224593       0.001364       0.000000       0.355094       0.000000       0.000000       0.000000       0.000000       0.026265       0.000000       0.000000       0.000000       0.033752       0.163200
        5.855263       0.357079       0.225607       0.001254       0.000000       0.357903       0.000000       0.000000       0.000000       0.000000       0.027259       0.000000       0.000000       0.000000       0.032171       0.164932
        5.921053       0.353874       0.226513       0.001152       0.000000       0.360629       0.000000       0.000000       0.000000       0.000000       0.028350       0.000000       0.000000       0.000000       0.030645       0.166355
        5.986842       0.350777       0.227456       0.001056       0.000000       0.363273       0.000000       0.000000       0.000000       0.000000       0.029370       0.000000       0.000000       0.000000       0.029148       0.167880
        6.052631       0.347664       0.228361       0.000966       0.000000       0.365896       0.000000       0.000000       0.000000       0.000000       0.030411       0.000000       0.000000       0.000000       0.027664       0.169306
        6.118421       0.344673       0.229255       0.000884       0.000000       0.368383       0.000000       0.000000       0.000000       0.000000       0.031431       0.000000       0.000000       0.000000       0.026226       0.170702
        6.184211       0.341698       0.230116       0.000807       0.000000       0.370859       0.000000       0.000000       0.000000       0.000000       0.032479       0.000000       0.000000       0.000000       0.024835       0.172002
        6.250000       0.338768       0.230935       0.000736       0.000000       0.373277       0.000000       0.000000       0.000000       0.000000       0.033579       0.000000       0.000000       0.000000       0.023479       0.173147
        6.315790       0.335884       0.231778       0.000669       0.000000       0.375621       0.000000       0.000000       0.000000       0.000000       0.034596       0.000000       0.000000       0.000000       0.022129       0.174395
        6.381579       0.333015       0.232580       0.000607       0.000000       0.377952       0.000000       0.000000       0.000000       0.000000       0.035663       0.000000       0.000000       0.000000       0.020827       0.175492
        6.447368       0.330193       0.233365       0.000550       0.000000       0.380188       0.000000       0.000000       0.000000       0.000000       0.036697       0.000000       0.000000       0.000000       0.019546       0.176566
        6.513158       0.327415       0.234149       0.000497       0.000000       0.382390       0.000000       0.000000       0.000000       0.000000       0.037713       0.000000       0.000000       0.000000       0.018312       0.177618
        6.578948       0.324715       0.234932       0.000448       0.000000       0.384525       0.000000       0.000000       0.000000       0.000000       0.038743       0.000000       0.000000       0.000000       0.017103       0.178650
        6.644737       0.321999       0.235657       0.000403       0.000000       0.386611       0.000000       0.000000       0.000000       0.000000       0.039767       0.000000       0.000000       0.000000       0.015944       0.179540
        6.710526       0.319328       0.236435       0.000361       0.000000       0.388688       0.000000       0.000000       0.000000       0.000000       0.040743       0.000000       0.000000       0.000000       0.014790       0.180532
        6.776316       0.316719       0.237155       0.000323       0.000000       0.390668       0.000000       0.000000       0.000000       0.000000       0.041773       0.000000       0.000000       0.000000       0.013685       0.181387
        6.842105       0.314095       0.237879       0.000287       0.000000       0.392653       0.000000       0.000000       0.000000       0.000000       0.042764       0.000000       0.000000       0.000000       0.012607       0.182225
        6.907895       0.311485       0.238552       0.000255       0.000000       0.394603       0.000000       0.000000       0.000000       0.000000       0.043804       0.000000       0.000000       0.000000       0.011574       0.182931
        6.973684       0.308937       0.239265       0.000225       0.000000       0.396461       0.000000       0.000000       0.000000       0.000000       0.044754       0.000000       0.000000       0.000000       0.010550       0.183739
        7.039473       0.306419       0.239938       0.000198       0.000000       0.398288       0.000000       0.000000       0.000000       0.000000       0.045756       0.000000       0.000000       0.000000       0.009575       0.184417
        7.105263       0.303917       0.240660       0.000173       0.000000       0.400119       0.000000       0.000000       0.000000       0.000000       0.046675       0.000000       0.000000       0.000000       0.008625       0.185197
        7.171053       0.301414       0.241334       0.000151       0.000000       0.401894       0.000000       0.000000       0.000000       0.000000       0.047612       0.000000       0.000000       0.000000       0.007713       0.185849
        7.236842       0.298943       0.242016       0.000130       0.000000       0.403660       0.000000       0.000000       0.000000       0.000000       0.048551       0.000000       0.000000       0.000000       0.006837       0.186490
        7.302632       0.296486       0.242645       0.000112       0.000000       0.405347       0.000000       0.000000       0.000000       0.000000       0.049510       0.000000       0.000000       0.000000       0.006003       0.187010
        7.368421       0.294044       0.243276       0.000096       0.000000       0.406954       0.000000       0.000000       0.000000       0.000202       0.050312       0.000000       0.000000       0.000000       0.005228       0.187629
        7.434211       0.291725       0.243644       0.000083       0.000000       0.408038       0.000000       0.000000       0.000000       0.001197       0.050768       0.000000       0.000000       0.000000       0.004657       0.188129
        7.500000       0.289452       0.243956       0.000071       0.000000       0.408905       0.000000       0.000000       0.000000       0.002507       0.051010       0.000000       0.000000       0.000000       0.004149       0.188727
        7.565790       0.287285       0.244238       0.000061       0.000000       0.409623       0.000000       0.000000       0.000000       0.003980       0.051154       0.000000       0.000000       0.000000       0.003704       0.189315
        7.631579       0.285118       0.244433       0.000053       0.000000       0.410287       0.000000       0.000000       0.000000       0.005592       0.051279       0.000000       0.000000       0.000000       0.003318       0.189788
        7.697368       0.282951       0.244588       0.000045       0.000000       0.410853       0.000000       0.000000       0.000000       0.007309       0.051336       0.000000       0.000000       0.000000       0.002946       0.190252
        7.763158       0.280891       0.244778       0.000038       0.000000       0.411363       0.000000       0.000000       0.000000       0.009072       0.051306       0.000000       0.000000       0.000000       0.002618       0.190812
        7.828947       0.278831       0.244890       0.000033       0.000000       0.411769       0.000000       0.000000       0.000000       0.010897       0.051298       0.000000       0.000000       0.000000       0.002302       0.191261
        7.894737       0.276787       0.244993       0.000027       0.000000       0.412209       0.000000       0.000000       0.000000       0.012777       0.051235       0.000000       0.000000       0.000000       0.002032       0.191701
