   dentity  pressure  energy
   0.100000E-01   0.114375E-01   0.941885E+01
   0.200000E-01   0.289499E-01   0.188590E+02
   0.300000E-01   0.661772E-01   0.283135E+02
   0.400000E-01   0.141844E+00   0.377833E+02
   0.500000E-01   0.267473E+00   0.472690E+02
   0.600000E-01   0.443495E+00   0.567708E+02
   0.700000E-01   0.661017E+00   0.662901E+02
   0.800000E-01   0.906473E+00   0.758275E+02
   0.900000E-01   0.116641E+01   0.853815E+02
   0.100000E+00   0.143171E+01   0.949547E+02
   0.110000E+00   0.169831E+01   0.104548E+03
   0.120000E+00   0.196303E+01   0.114162E+03
   0.130000E+00   0.223265E+01   0.123799E+03
   0.140000E+00   0.252223E+01   0.133460E+03
   0.150000E+00   0.284730E+01   0.143148E+03
   0.160000E+00   0.322479E+01   0.152867E+03
   0.170000E+00   0.367276E+01   0.162621E+03
   0.180000E+00   0.420947E+01   0.172415E+03
   0.190000E+00   0.485271E+01   0.182250E+03
   0.200000E+00   0.562041E+01   0.192133E+03
   0.210000E+00   0.652941E+01   0.202068E+03
   0.220000E+00   0.759603E+01   0.212064E+03
   0.230000E+00   0.883502E+01   0.222123E+03
   0.240000E+00   0.102596E+02   0.232248E+03
   0.250000E+00   0.118823E+02   0.242444E+03
   0.260000E+00   0.137153E+02   0.252724E+03
   0.270000E+00   0.157669E+02   0.263084E+03
   0.280000E+00   0.180472E+02   0.273537E+03
   0.290000E+00   0.205620E+02   0.284082E+03
   0.300000E+00   0.233165E+02   0.294721E+03
   0.310000E+00   0.263176E+02   0.305466E+03
   0.320000E+00   0.295524E+02   0.316320E+03
   0.330000E+00   0.320599E+02   0.327272E+03
   0.340000E+00   0.342461E+02   0.338295E+03
   0.350000E+00   0.364668E+02   0.349391E+03
   0.360000E+00   0.387851E+02   0.360550E+03
   0.370000E+00   0.412283E+02   0.371774E+03
   0.380000E+00   0.438083E+02   0.383075E+03
   0.390000E+00   0.465336E+02   0.394444E+03
   0.400000E+00   0.494075E+02   0.405878E+03
   0.410000E+00   0.524362E+02   0.417399E+03
   0.420000E+00   0.556185E+02   0.428989E+03
   0.430000E+00   0.589567E+02   0.440669E+03
   0.440000E+00   0.624499E+02   0.452428E+03
   0.450000E+00   0.660934E+02   0.464264E+03
   0.460000E+00   0.698909E+02   0.476178E+03
   0.470000E+00   0.738389E+02   0.488187E+03
   0.480000E+00   0.779155E+02   0.500263E+03
   0.490000E+00   0.820325E+02   0.512440E+03
   0.500000E+00   0.862574E+02   0.524699E+03
   0.510000E+00   0.905990E+02   0.537048E+03
   0.520000E+00   0.950596E+02   0.549484E+03
   0.530000E+00   0.995867E+02   0.562014E+03
   0.540000E+00   0.103643E+03   0.574616E+03
   0.550000E+00   0.107851E+03   0.587295E+03
   0.560000E+00   0.112212E+03   0.600051E+03
   0.570000E+00   0.116720E+03   0.612864E+03
   0.580000E+00   0.121369E+03   0.625775E+03
   0.590000E+00   0.126165E+03   0.638799E+03
   0.600000E+00   0.131087E+03   0.651880E+03
   0.610000E+00   0.136146E+03   0.665032E+03
   0.620000E+00   0.141330E+03   0.678269E+03
   0.630000E+00   0.146648E+03   0.691599E+03
   0.640000E+00   0.152081E+03   0.705011E+03
   0.650000E+00   0.157655E+03   0.718526E+03
   0.660000E+00   0.163346E+03   0.732116E+03
   0.670000E+00   0.169137E+03   0.745758E+03
   0.680000E+00   0.175064E+03   0.759544E+03
   0.690000E+00   0.181096E+03   0.773384E+03
   0.700000E+00   0.187233E+03   0.787299E+03
   0.710000E+00   0.193487E+03   0.801334E+03
   0.720000E+00   0.199851E+03   0.815441E+03
   0.730000E+00   0.206332E+03   0.829653E+03
   0.740000E+00   0.212912E+03   0.843934E+03
   0.750000E+00   0.219602E+03   0.858328E+03
   0.760000E+00   0.226387E+03   0.872768E+03
   0.770000E+00   0.233312E+03   0.887368E+03
   0.780000E+00   0.240315E+03   0.902012E+03
   0.790000E+00   0.247433E+03   0.916768E+03
   0.800000E+00   0.254647E+03   0.931593E+03
   0.810000E+00   0.261951E+03   0.946483E+03
   0.820000E+00   0.269368E+03   0.961483E+03
   0.830000E+00   0.276883E+03   0.976577E+03
   0.840000E+00   0.284517E+03   0.991784E+03
   0.850000E+00   0.292248E+03   0.100710E+04
   0.860000E+00   0.300056E+03   0.102244E+04
   0.870000E+00   0.307981E+03   0.103789E+04
   0.880000E+00   0.316003E+03   0.105345E+04
   0.890000E+00   0.324129E+03   0.106912E+04
   0.900000E+00   0.332355E+03   0.108486E+04
   0.910000E+00   0.340667E+03   0.110068E+04
   0.920000E+00   0.349105E+03   0.111663E+04
   0.930000E+00   0.357599E+03   0.113259E+04
   0.940000E+00   0.366216E+03   0.114871E+04
   0.950000E+00   0.374939E+03   0.116494E+04
   0.960000E+00   0.383740E+03   0.118121E+04
   0.970000E+00   0.392660E+03   0.119764E+04
   0.980000E+00   0.401685E+03   0.121411E+04
   0.990000E+00   0.410779E+03   0.123067E+04
   0.100000E+01   0.419976E+03   0.124734E+04
   0.101000E+01   0.429269E+03   0.126405E+04
   0.102000E+01   0.438662E+03   0.128091E+04
   0.103000E+01   0.448131E+03   0.129782E+04
   0.104000E+01   0.457709E+03   0.131485E+04
   0.105000E+01   0.467424E+03   0.133203E+04
   0.106000E+01   0.477199E+03   0.134919E+04
   0.107000E+01   0.487067E+03   0.136648E+04
   0.108000E+01   0.497051E+03   0.138390E+04
   0.109000E+01   0.507093E+03   0.140134E+04
   0.110000E+01   0.517288E+03   0.141898E+04
   0.111000E+01   0.527547E+03   0.143662E+04
   0.112000E+01   0.537887E+03   0.145445E+04
   0.113000E+01   0.548147E+03   0.147235E+04
   0.114000E+01   0.558385E+03   0.149027E+04
   0.115000E+01   0.568631E+03   0.150824E+04
   0.116000E+01   0.578962E+03   0.152639E+04
   0.117000E+01   0.589420E+03   0.154466E+04
   0.118000E+01   0.599859E+03   0.156295E+04
   0.119000E+01   0.610390E+03   0.158130E+04
   0.120000E+01   0.621044E+03   0.159989E+04
