        0.065789      13.525059       1.151932       0.000000      19.053101     483.709673       0.992390       0.955320
        0.131579      13.242256       1.151932       0.000000      33.073181     474.708662       0.985164       0.914722
        0.197368      12.971988       1.151932       0.000000      45.058594     465.961030       0.978296       0.877788
        0.263158      12.717549       1.151932       0.000000      55.537476     457.442455       0.971754       0.844073
        0.328947      12.480697       1.151932       0.000000      64.815613     449.127438       0.965509       0.813141
        0.394737      12.262049       1.151932       0.000000      73.111389     440.990211       0.959529       0.784587
        0.460526      12.061426       1.151932       0.000000      80.594055     433.003378       0.953787       0.758048
        0.526316      11.878125       1.151932       0.000000      87.397827     425.142093       0.948258       0.733216
        0.592105      11.711130       1.151932       0.000000      93.629700     417.382799       0.942921       0.709838
        0.657895      11.559260       1.151932       0.000000      99.379211     409.705985       0.937761       0.687709
        0.723684      11.421271       1.151932       0.000000     104.720825     402.094940       0.932762       0.666653
        0.789474      11.295927       1.151932       0.000000     109.533081     394.502094       0.927910       0.646522
        0.855263      11.182040       1.151932       0.000000     113.859070     386.912816       0.923196       0.627206
        0.921053      11.078497       1.151932       0.000000     117.867004     379.340770       0.918617       0.608639
        0.986842      10.984268       1.151932       0.000000     121.627563     371.786400       0.914168       0.590755
        1.052632      10.898417       1.151932       0.000000     125.185303     364.251004       0.909849       0.573519
        1.118421      10.820094       1.151932       0.000000     128.575012     356.728282       0.905656       0.556890
        1.184211      10.748537       1.151932       0.000000     131.821899     349.221497       0.901588       0.540844
        1.250000      10.683060       1.151932       0.000000     134.943848     341.729663       0.897649       0.525370
        1.315789      10.623053       1.151932       0.000000     137.958008     334.252523       0.893834       0.510448
        1.381579      10.567970       1.151932       0.000000     140.875732     326.791109       0.890146       0.496069
        1.447368      10.517325       1.151932       0.000000     143.708252     319.344881       0.886583       0.482218
        1.513158      10.470685       1.151932       0.000000     146.461792     311.919392       0.883146       0.468890
        1.578947      10.427663       1.151932       0.000000     149.141174     304.513481       0.879834       0.456082
        1.644737      10.387916       1.151932       0.000000     151.751282     297.129631       0.876646       0.443781
        1.710526      10.351137       1.151932       0.000000     154.298706     289.765936       0.873579       0.431969
        1.776316      10.317052       1.151932       0.000000     156.782959     282.424929       0.870632       0.420643
        1.842105      10.285416       1.151932       0.000000     159.208984     275.109759       0.867804       0.409790
        1.907895      10.256010       1.151932       0.000000     161.576782     267.817581       0.865090       0.399396
        1.973684      10.228637       1.151932       0.000000     163.888245     260.553464       0.862489       0.389452
        2.039474      10.203121       1.151932       0.000000     166.146545     253.310124       0.859996       0.379933
        2.105263      10.179305       1.151932       0.000000     168.305969     246.092774       0.857596       0.370776
        2.171053      10.157045       1.151932       0.000000     167.786621     238.925642       0.854712       0.359437
        2.236842      10.136212       1.151932       0.000000     166.505310     232.434163       0.851905       0.348401
        2.302632      10.116692       1.151932       0.000000     165.002319     226.167552       0.849183       0.337702
        2.368421      10.098380       1.151932       0.000000     163.381897     220.055582       0.846552       0.327366
        2.434211      10.081179       1.151932       0.000000     161.691223     214.056196       0.844008       0.317382
        2.500000      10.065006       1.151932       0.000000     159.956604     208.173856       0.841552       0.307745
        2.565789      10.049780       1.151932       0.000000     158.199768     202.381323       0.839181       0.298448
        2.631579      10.035432       1.151932       0.000000     156.432617     196.695100       0.836894       0.289489
        2.697368      10.021897       1.151932       0.000000     154.663879     191.092868       0.834684       0.280831
        2.763158      10.009116       1.151932       0.000000     152.906189     185.585656       0.832552       0.272488
        2.828947       9.997035       1.151932       0.000000     151.162598     180.160130       0.830491       0.264420
        2.894737       9.985605       1.151932       0.000000     149.443787     174.821762       0.828504       0.256650
        2.960526       9.974780       1.151932       0.000000     147.748413     169.565542       0.826584       0.249141
        3.026316       9.964521       1.151932       0.000000     146.084839     164.384998       0.824730       0.241897
        3.092105       9.954787       1.151932       0.000000     144.452637     159.294665       0.822938       0.234895
        3.157895       9.945546       1.151932       0.000000     142.814575     154.346076       0.821233       0.228243
        3.223684       9.936764       1.151932       0.000000     140.992065     149.896654       0.819696       0.222292
        3.289474       9.928413       1.151932       0.000000     139.145874     145.633534       0.818243       0.216684
        3.355263       9.920465       1.151932       0.000000     137.308105     141.489658       0.816852       0.211321
        3.421053       9.912895       1.151932       0.000000     135.487427     137.475754       0.815518       0.206186
        3.486842       9.905679       1.151932       0.000427     133.623779     133.617662       0.814222       0.201189
        3.552631       9.898796       1.151932       0.006287     130.978882     130.974442       0.812806       0.195659
        3.618421       9.892227       1.151932       0.011902     128.399414     128.383055       0.811466       0.190442
        3.684211       9.885952       1.151932       0.017395     125.878540     125.883124       0.810192       0.185489
        3.750000       9.879955       1.151932       0.022644     123.431030     123.422766       0.808983       0.180794
        3.815789       9.874220       1.151932       0.027771     121.028076     121.019755       0.807821       0.176292
        3.881579       9.868731       1.151932       0.032776     118.675903     118.667210       0.806706       0.171971
        3.947368       9.863476       1.151932       0.037659     116.371338     116.371730       0.805637       0.167838
        4.013158       9.858440       1.151932       0.042419     114.121582     114.133175       0.804615       0.163886
        4.078948       9.853613       1.151932       0.047058     111.916382     111.924014       0.803637       0.160115
        4.144737       9.848983       1.151932       0.051575     109.752686     109.740710       0.802685       0.156441
        4.210526       9.844539       1.151932       0.056091     107.618164     107.641772       0.801771       0.152913
        4.276316       9.840272       1.151932       0.060364     105.533813     105.523854       0.800888       0.149509
        4.342105       9.836172       1.151932       0.064636     103.474487     103.472169       0.800039       0.146238
        4.407895       9.832232       1.151932       0.068848     101.456787     101.456790       0.799221       0.143091
        4.473684       9.828442       1.151932       0.072937      99.466431      99.450467       0.798420       0.140001
        4.539474       9.824796       1.151932       0.076965      97.519897      97.489828       0.797648       0.137028
        4.605263       9.821286       1.151932       0.080994      95.596802      95.582988       0.796901       0.134152
        4.671053       9.817906       1.151932       0.084900      93.707520      93.683329       0.796172       0.131344
        4.736842       9.814649       1.151932       0.088806      91.834351      91.842764       0.795465       0.128618
        4.802631       9.811509       1.151932       0.092590      90.003296      90.001884       0.794779       0.125976
        4.868421       9.808482       1.151932       0.096375      88.184448      88.188128       0.794107       0.123387
        4.934211       9.805561       1.151932       0.100037      86.399414      86.397083       0.793454       0.120868
        5.000000       9.802742       1.151932       0.103699      84.636597      84.648178       0.792822       0.118431
        5.065790       9.800021       1.151932       0.107239      82.898438      82.892454       0.792203       0.116042
        5.131579       9.797392       1.151932       0.110779      81.172974      81.170385       0.791598       0.113705
        5.197368       9.794852       1.151932       0.114197      79.478882      79.459373       0.791010       0.111438
        5.263158       9.792396       1.151932       0.117737      77.782227      77.806801       0.790435       0.109216
        5.328948       9.790022       1.151932       0.121033      76.135742      76.105294       0.789880       0.107075
        5.394737       9.787725       1.151932       0.124451      74.474121      74.474783       0.789332       0.104953
        5.460526       9.785502       1.151932       0.127747      72.844482      72.849349       0.788795       0.102874
        5.526316       9.783350       1.151932       0.131042      71.216309      71.233481       0.788268       0.100835
        5.592105       9.781267       1.151932       0.134216      69.611328      69.610950       0.787751       0.098830
        5.657895       9.779248       1.151932       0.137390      68.032837      68.016073       0.787257       0.096921
        5.723684       9.777293       1.151932       0.140564      66.448486      66.457282       0.786764       0.095009
        5.789474       9.775397       1.151932       0.143616      64.886963      64.871353       0.786280       0.093131
        5.855263       9.773559       1.151932       0.146790      63.318848      63.326743       0.785806       0.091292
        5.921053       9.771776       1.151932       0.149719      61.781250      61.755041       0.785340       0.089480
        5.986842       9.770046       1.151932       0.152771      60.246338      60.232105       0.784888       0.087724
        6.052631       9.768368       1.151932       0.155762      58.703125      58.715511       0.784433       0.085951
        6.118421       9.766738       1.151932       0.158752      57.189941      57.200497       0.784002       0.084278
        6.184211       9.765156       1.151932       0.161682      55.678467      55.678900       0.783569       0.082589
        6.250000       9.763619       1.151932       0.164490      54.184082      54.156168       0.783146       0.080941
        6.315790       9.762126       1.151932       0.167419      52.678345      52.672761       0.782731       0.079322
        6.381579       9.760674       1.151932       0.170227      51.178955      51.183665       0.782315       0.077697
        6.447368       9.759264       1.151932       0.173035      49.687866      49.675465       0.781910       0.076117
        6.513158       9.757892       1.151932       0.175842      48.197876      48.203928       0.781509       0.074548
        6.578948       9.756558       1.151932       0.178650      46.722046      46.725657       0.781125       0.073045
        6.644737       9.755260       1.151932       0.181335      45.250366      45.238986       0.780734       0.071516
        6.710526       9.753997       1.151932       0.184143      43.755615      43.792777       0.780351       0.070012
        6.776316       9.752767       1.151932       0.186829      42.297485      42.296848       0.779984       0.068574
        6.842105       9.751571       1.151932       0.189514      40.814697      40.842497       0.779608       0.067100
        6.907895       9.750405       1.151932       0.192078      39.346924      39.346989       0.779235       0.065633
        6.973684       9.749270       1.151932       0.194763      37.870728      37.869115       0.778878       0.064231
        7.039473       9.748164       1.151932       0.197327      36.410522      36.388000       0.778527       0.062849
        7.105263       9.747087       1.151932       0.200012      34.918701      34.925308       0.778172       0.061450
        7.171053       9.746037       1.151932       0.202576      33.433960      33.454881       0.777820       0.060065
        7.236842       9.745013       1.151932       0.205139      31.944458      31.970087       0.777472       0.058691
        7.302632       9.744014       1.151932       0.207581      30.472534      30.464715       0.777132       0.057348
        7.368421       9.743041       1.151932       0.210144      28.993530      29.017035       0.776784       0.055973
        7.434211       9.742091       1.151932       0.212585      27.697998      27.675005       0.776437       0.054595
        7.500000       9.741164       1.151932       0.215149      26.442749      26.454509       0.776091       0.053222
        7.565790       9.740260       1.151932       0.217712      25.242432      25.246401       0.775757       0.051899
        7.631579       9.739378       1.151932       0.220154      24.075562      24.077051       0.775410       0.050520
        7.697368       9.738516       1.151932       0.222595      22.918701      22.896678       0.775066       0.049149
        7.763158       9.737675       1.151932       0.225159      21.785767      21.802644       0.774730       0.047810
        7.828947       9.736853       1.151932       0.227600      20.682739      20.665444       0.774403       0.046506
        7.894737       9.736051       1.151932       0.230042      19.581421      19.585446       0.774056       0.045119
