        0.064725       0.995857       0.004145       0.004145       0.000000       0.000000       0.000000       0.000000       0.000000       0.000000       0.000000
        0.129450       0.988655       0.011348       0.011348       0.000000       0.000000       0.000000       0.000000       0.000000       0.000000       0.000000
        0.194175       0.980873       0.019132       0.019132       0.000000       0.000000       0.000000       0.000000       0.000000       0.000000       0.000000
        0.258900       0.973824       0.026175       0.026175       0.000000       0.000000       0.000000       0.000000       0.000000       0.000000       0.000000
        0.323625       0.968025       0.031973       0.031973       0.000000       0.000000       0.000000       0.000000       0.000000       0.000000       0.000000
        0.388350       0.963509       0.036491       0.036492       0.000000       0.000000       0.000000       0.000000       0.000000       0.000000       0.000000
        0.453074       0.960091       0.039903       0.039903       0.000000       0.000000       0.000000       0.000000       0.000000       0.000000       0.000000
        0.517799       0.957558       0.042446       0.042446       0.000000       0.000000       0.000000       0.000000       0.000000       0.000000       0.000000
        0.582524       0.955650       0.044355       0.044355       0.000000       0.000000       0.000000       0.000000       0.000000       0.000000       0.000000
        0.647249       0.954170       0.045834       0.045834       0.000000       0.000000       0.000000       0.000000       0.000000       0.000000       0.000000
        0.711974       0.952950       0.047048       0.047048       0.000000       0.000000       0.000000       0.000000       0.000000       0.000000       0.000000
        0.776699       0.951302       0.048697       0.047892       0.000806       0.000000       0.000000       0.000000       0.000000       0.000000       0.000000
        0.841424       0.949379       0.050618       0.048545       0.002073       0.000000       0.000000       0.000000       0.000000       0.000000       0.000000
        0.906149       0.947350       0.052645       0.049157       0.003489       0.000000       0.000000       0.000000       0.000000       0.000000       0.000000
        0.970874       0.945244       0.054763       0.049787       0.004976       0.000000       0.000000       0.000000       0.000000       0.000000       0.000000
        1.035599       0.943047       0.056947       0.050450       0.006497       0.000000       0.000000       0.000000       0.000000       0.000000       0.000000
        1.100324       0.940926       0.059073       0.051079       0.007994       0.000000       0.000000       0.000000       0.000000       0.000000       0.000000
        1.165049       0.939201       0.060792       0.051462       0.009330       0.000000       0.000000       0.000000       0.000000       0.000000       0.000000
        1.229774       0.937996       0.062011       0.051556       0.010456       0.000000       0.000000       0.000000       0.000000       0.000000       0.000000
        1.294498       0.937065       0.062933       0.051497       0.011436       0.000000       0.000000       0.000000       0.000000       0.000000       0.000000
        1.359223       0.936287       0.063709       0.051383       0.012326       0.000000       0.000000       0.000000       0.000000       0.000000       0.000000
        1.423948       0.935585       0.064411       0.051257       0.013154       0.000000       0.000000       0.000000       0.000000       0.000000       0.000000
        1.488673       0.934929       0.065072       0.051136       0.013936       0.000000       0.000000       0.000000       0.000000       0.000000       0.000000
        1.553398       0.934288       0.065709       0.051029       0.014680       0.000000       0.000000       0.000000       0.000000       0.000000       0.000000
        1.618123       0.933662       0.066332       0.050941       0.015392       0.000000       0.000000       0.000000       0.000000       0.000000       0.000000
        1.682848       0.933052       0.066949       0.050871       0.016078       0.000000       0.000000       0.000000       0.000000       0.000000       0.000000
        1.747573       0.932442       0.067558       0.050819       0.016739       0.000000       0.000000       0.000000       0.000000       0.000000       0.000000
        1.812298       0.931831       0.068163       0.050785       0.017379       0.000000       0.000000       0.000000       0.000000       0.000000       0.000000
        1.877023       0.931236       0.068767       0.050767       0.018000       0.000000       0.000000       0.000000       0.000000       0.000000       0.000000
        1.941748       0.930641       0.069366       0.050764       0.018602       0.000000       0.000000       0.000000       0.000000       0.000000       0.000000
        2.006473       0.930031       0.069961       0.050774       0.019187       0.000000       0.000000       0.000000       0.000000       0.000000       0.000000
        2.071197       0.929451       0.070553       0.050797       0.019756       0.000000       0.000000       0.000000       0.000000       0.000000       0.000000
        2.135922       0.928856       0.071140       0.050829       0.020310       0.000000       0.000000       0.000000       0.000000       0.000000       0.000000
        2.200647       0.928276       0.071724       0.050873       0.020851       0.000000       0.000000       0.000000       0.000000       0.000000       0.000000
        2.265372       0.922508       0.071582       0.050513       0.021070       0.005916       0.000000       0.000000       0.000000       0.000000       0.000000
        2.330097       0.911491       0.070706       0.049746       0.020961       0.017794       0.000000       0.000000       0.000000       0.000000       0.000000
        2.394822       0.899055       0.069626       0.048876       0.020750       0.031314       0.000000       0.000000       0.000000       0.000000       0.000000
        2.459547       0.881935       0.071095       0.046898       0.019686       0.042472       0.000000       0.000000       0.000000       0.000000       0.004511
        2.524272       0.861366       0.074928       0.044044       0.017951       0.050769       0.000000       0.000000       0.000000       0.000000       0.012933
        2.588997       0.840981       0.079007       0.041238       0.016244       0.058490       0.000000       0.000000       0.000000       0.000000       0.021522
        2.653722       0.821083       0.083139       0.038555       0.014627       0.065837       0.000000       0.000000       0.000000       0.000000       0.029959
        2.718447       0.801781       0.087246       0.036018       0.013114       0.072864       0.000000       0.000000       0.000000       0.000000       0.038115
        2.783172       0.783104       0.091305       0.033632       0.011712       0.079618       0.000000       0.000000       0.000000       0.000000       0.045961
        2.847897       0.765068       0.095303       0.031392       0.010415       0.086128       0.000000       0.000000       0.000000       0.000000       0.053498
        2.912621       0.747658       0.099223       0.029294       0.009222       0.092399       0.000000       0.000000       0.000000       0.000000       0.060706
        2.977346       0.730873       0.103070       0.027330       0.008128       0.098460       0.000000       0.000000       0.000000       0.000000       0.067614
        3.042071       0.714638       0.106827       0.025492       0.007124       0.104303       0.000000       0.000000       0.000000       0.000000       0.074213
        3.106796       0.698997       0.110507       0.023774       0.006209       0.109955       0.000000       0.000000       0.000000       0.000000       0.080523
        3.171521       0.683907       0.114106       0.022169       0.005374       0.115422       0.000000       0.000000       0.000000       0.000000       0.086567
        3.236246       0.669350       0.117618       0.020670       0.004617       0.120698       0.000000       0.000000       0.000000       0.000000       0.092331
        3.300971       0.655281       0.121062       0.019266       0.003930       0.125818       0.000000       0.000000       0.000000       0.000000       0.097858
        3.365696       0.641670       0.124411       0.017956       0.003310       0.130758       0.000000       0.000000       0.000000       0.000000       0.103140
        3.430421       0.628532       0.127698       0.016730       0.002752       0.135560       0.000000       0.000000       0.000000       0.000000       0.108211
        3.495146       0.615852       0.130903       0.015588       0.002254       0.140203       0.000000       0.000000       0.000000       0.000000       0.113065
        3.559871       0.603554       0.134041       0.014517       0.001810       0.144705       0.000000       0.000000       0.000000       0.000000       0.117707
        3.624596       0.591667       0.137094       0.013517       0.001418       0.149059       0.000000       0.000000       0.000000       0.000000       0.122157
        3.689321       0.580162       0.140094       0.012583       0.001075       0.153298       0.000000       0.000000       0.000000       0.000000       0.126439
        3.754045       0.569023       0.143023       0.011709       0.000778       0.157404       0.000000       0.000000       0.000000       0.000000       0.130537
        3.818770       0.558220       0.145888       0.010891       0.000526       0.161391       0.000000       0.000000       0.000000       0.000000       0.134472
        3.883495       0.547783       0.148701       0.010128       0.000319       0.165268       0.000000       0.000000       0.000000       0.000000       0.138245
        3.948220       0.537636       0.151445       0.009414       0.000157       0.169025       0.000000       0.000000       0.000000       0.000000       0.141867
        4.012945       0.527794       0.154139       0.008744       0.000042       0.172687       0.000000       0.000000       0.000000       0.000000       0.145356
        4.077670       0.518272       0.156803       0.008119       0.000000       0.176254       0.000000       0.000000       0.000000       0.000000       0.148676
        4.142395       0.509010       0.159405       0.007534       0.000000       0.179716       0.000000       0.000000       0.000000       0.000000       0.151865
        4.207120       0.500038       0.161944       0.006989       0.000000       0.183083       0.000000       0.000000       0.000000       0.000000       0.154951
        4.271845       0.491295       0.164416       0.006480       0.000000       0.186350       0.000000       0.000000       0.000000       0.000000       0.157930
        4.336570       0.482811       0.166834       0.006005       0.000000       0.189538       0.000000       0.000000       0.000000       0.000000       0.160829
        4.401295       0.474571       0.169183       0.005563       0.000000       0.192623       0.000000       0.000000       0.000000       0.000000       0.163614
        4.466020       0.466560       0.171484       0.005151       0.000000       0.195635       0.000000       0.000000       0.000000       0.000000       0.166322
        4.530744       0.458763       0.173716       0.004767       0.000000       0.198559       0.000000       0.000000       0.000000       0.000000       0.168957
        4.595469       0.451180       0.175901       0.004409       0.000000       0.201403       0.000000       0.000000       0.000000       0.000000       0.171493
        4.660194       0.443810       0.178048       0.004076       0.000000       0.204191       0.000000       0.000000       0.000000       0.000000       0.173975
        4.724919       0.436607       0.180128       0.003764       0.000000       0.206885       0.000000       0.000000       0.000000       0.000000       0.176364
        4.789644       0.429634       0.182160       0.003476       0.000000       0.209514       0.000000       0.000000       0.000000       0.000000       0.178692
        4.854369       0.422829       0.184156       0.003206       0.000000       0.212085       0.000000       0.000000       0.000000       0.000000       0.180956
        4.919094       0.416176       0.186099       0.002955       0.000000       0.214580       0.000000       0.000000       0.000000       0.000000       0.183142
        4.983819       0.409706       0.187996       0.002721       0.000000       0.217012       0.000000       0.000000       0.000000       0.000000       0.185269
        5.048544       0.403404       0.189852       0.002504       0.000000       0.219387       0.000000       0.000000       0.000000       0.000000       0.187347
        5.113269       0.397255       0.191680       0.002302       0.000000       0.221716       0.000000       0.000000       0.000000       0.000000       0.189369
        5.177993       0.391258       0.193440       0.002115       0.000000       0.223958       0.000000       0.000000       0.000000       0.000000       0.191314
        5.242719       0.385414       0.195174       0.001941       0.000000       0.226165       0.000000       0.000000       0.000000       0.000000       0.193231
        5.307444       0.379707       0.196879       0.001778       0.000000       0.228329       0.000000       0.000000       0.000000       0.000000       0.195113
        5.372168       0.374153       0.198542       0.001628       0.000000       0.230425       0.000000       0.000000       0.000000       0.000000       0.196908
        5.436893       0.368721       0.199877       0.001492       0.000000       0.232128       0.000000       0.000000       0.000000       0.000907       0.198374
        5.501618       0.363426       0.200738       0.001370       0.000000       0.233268       0.000000       0.000000       0.000000       0.003203       0.199376
        5.566343       0.358253       0.201409       0.001259       0.000000       0.234164       0.000000       0.000000       0.000000       0.006063       0.200147
        5.631068       0.353218       0.201910       0.001157       0.000000       0.234859       0.000000       0.000000       0.000000       0.009234       0.200758
        5.695793       0.348305       0.202330       0.001063       0.000000       0.235447       0.000000       0.000000       0.000000       0.012663       0.201267
        5.760518       0.343513       0.202661       0.000976       0.000000       0.235923       0.000000       0.000000       0.000000       0.016247       0.201674
        5.825243       0.338814       0.202911       0.000895       0.000000       0.236305       0.000000       0.000000       0.000000       0.019962       0.202008
        5.889968       0.334236       0.203098       0.000821       0.000000       0.236608       0.000000       0.000000       0.000000       0.023752       0.202271
        5.954693       0.329750       0.203241       0.000752       0.000000       0.236855       0.000000       0.000000       0.000000       0.027639       0.202491
        6.019418       0.325386       0.203357       0.000688       0.000000       0.237061       0.000000       0.000000       0.000000       0.031567       0.202657
        6.084143       0.321068       0.203417       0.000629       0.000000       0.237199       0.000000       0.000000       0.000000       0.035572       0.202780
        6.148868       0.316887       0.203429       0.000575       0.000000       0.237285       0.000000       0.000000       0.000000       0.039529       0.202859
        6.213592       0.312782       0.203431       0.000524       0.000000       0.237343       0.000000       0.000000       0.000000       0.043538       0.202896
        6.278317       0.308769       0.203401       0.000478       0.000000       0.237367       0.000000       0.000000       0.000000       0.047550       0.202913
        6.343042       0.304848       0.203339       0.000435       0.000000       0.237353       0.000000       0.000000       0.000000       0.051548       0.202902
        6.407767       0.300972       0.203269       0.000395       0.000000       0.237319       0.000000       0.000000       0.000000       0.055595       0.202862
        6.472492       0.297218       0.203159       0.000358       0.000000       0.237250       0.000000       0.000000       0.000000       0.059559       0.202808
        6.537217       0.293541       0.203053       0.000324       0.000000       0.237169       0.000000       0.000000       0.000000       0.063537       0.202726
        6.601942       0.289925       0.202907       0.000293       0.000000       0.237051       0.000000       0.000000       0.000000       0.067483       0.202627
        6.666667       0.286369       0.202761       0.000265       0.000000       0.236916       0.000000       0.000000       0.000000       0.071424       0.202489
        6.731392       0.282906       0.202596       0.000238       0.000000       0.236767       0.000000       0.000000       0.000000       0.075334       0.202362
        6.796117       0.279503       0.202432       0.000214       0.000000       0.236607       0.000000       0.000000       0.000000       0.079230       0.202204
        6.860841       0.276146       0.202234       0.000192       0.000000       0.236420       0.000000       0.000000       0.000000       0.083109       0.202048
        6.925566       0.272896       0.202045       0.000172       0.000000       0.236233       0.000000       0.000000       0.000000       0.086925       0.201873
        6.990291       0.269707       0.201849       0.000153       0.000000       0.236043       0.000000       0.000000       0.000000       0.090726       0.201704
        7.055017       0.266533       0.201620       0.000136       0.000000       0.235806       0.000000       0.000000       0.000000       0.094505       0.201495
        7.119742       0.263435       0.201409       0.000121       0.000000       0.235586       0.000000       0.000000       0.000000       0.098286       0.201294
        7.184466       0.260399       0.201183       0.000107       0.000000       0.235346       0.000000       0.000000       0.000000       0.101995       0.201066
        7.249191       0.257439       0.200947       0.000094       0.000000       0.235104       0.000000       0.000000       0.000000       0.105665       0.200858
        7.313916       0.254524       0.200701       0.000082       0.000000       0.234844       0.000000       0.000000       0.000000       0.109289       0.200624
        7.378641       0.251656       0.200464       0.000072       0.000000       0.234591       0.000000       0.000000       0.000000       0.112933       0.200399
        7.443366       0.248833       0.200217       0.000063       0.000000       0.234317       0.000000       0.000000       0.000000       0.116528       0.200147
        7.508091       0.246117       0.199965       0.000054       0.000000       0.234049       0.000000       0.000000       0.000000       0.119999       0.199898
        7.572816       0.243370       0.199693       0.000047       0.000000       0.233758       0.000000       0.000000       0.000000       0.123551       0.199654
        7.637540       0.240746       0.199433       0.000040       0.000000       0.233473       0.000000       0.000000       0.000000       0.126955       0.199385
        7.702265       0.238060       0.199152       0.000034       0.000000       0.233158       0.000000       0.000000       0.000000       0.130477       0.199114
        7.766990       0.235497       0.198883       0.000029       0.000000       0.232866       0.000000       0.000000       0.000000       0.133879       0.198858
        7.831715       0.232964       0.198620       0.000024       0.000000       0.232570       0.000000       0.000000       0.000000       0.137276       0.198585
        7.896441       0.230537       0.198344       0.000020       0.000000       0.232281       0.000000       0.000000       0.000000       0.140531       0.198334
        7.961166       0.228065       0.198054       0.000016       0.000000       0.231956       0.000000       0.000000       0.000000       0.143861       0.198053
        8.025890       0.225670       0.197769       0.000013       0.000000       0.231640       0.000000       0.000000       0.000000       0.147110       0.197771
        8.090615       0.223289       0.197495       0.000011       0.000000       0.231328       0.000000       0.000000       0.000000       0.150398       0.197488
        8.155340       0.220985       0.197218       0.000008       0.000000       0.231015       0.000000       0.000000       0.000000       0.153580       0.197202
        8.220065       0.218697       0.196932       0.000007       0.000000       0.230702       0.000000       0.000000       0.000000       0.156779       0.196939
        8.284790       0.216454       0.196650       0.000005       0.000000       0.230375       0.000000       0.000000       0.000000       0.159903       0.196632
        8.349515       0.214241       0.196345       0.000004       0.000000       0.230042       0.000000       0.000000       0.000000       0.162995       0.196356
        8.414240       0.212074       0.196065       0.000003       0.000000       0.229716       0.000000       0.000000       0.000000       0.166057       0.196048
        8.478964       0.209923       0.195778       0.000002       0.000000       0.229399       0.000000       0.000000       0.000000       0.169149       0.195780
        8.543689       0.207832       0.195492       0.000001       0.000000       0.229070       0.000000       0.000000       0.000000       0.172137       0.195482
        8.608414       0.205772       0.195205       0.000001       0.000000       0.228745       0.000000       0.000000       0.000000       0.175107       0.195193
        8.673139       0.203712       0.194893       0.000000       0.000000       0.228397       0.000000       0.000000       0.000000       0.178057       0.194900
        8.737865       0.201729       0.194611       0.000000       0.000000       0.228073       0.000000       0.000000       0.000000       0.180945       0.194601
        8.802590       0.199760       0.194332       0.000000       0.000000       0.227758       0.000000       0.000000       0.000000       0.183869       0.194331
        8.867314       0.197792       0.194018       0.000000       0.000000       0.227404       0.000000       0.000000       0.000000       0.186725       0.194031
        8.932039       0.195869       0.193731       0.000000       0.000000       0.227077       0.000000       0.000000       0.000000       0.189584       0.193742
        8.996764       0.193993       0.193452       0.000000       0.000000       0.226749       0.000000       0.000000       0.000000       0.192388       0.193445
        9.061489       0.192162       0.193168       0.000000       0.000000       0.226428       0.000000       0.000000       0.000000       0.195130       0.193155
