   0.647249E-01   0.168055E+14   0.245568E+00   0.729458E+02
   0.129450E+00   0.336743E+14   0.190976E+00   0.638944E+02
   0.194175E+00   0.505823E+14   0.165480E+00   0.572745E+02
   0.258900E+00   0.675136E+14   0.155543E+00   0.542602E+02
   0.323625E+00   0.844579E+14   0.151918E+00   0.532686E+02
   0.388350E+00   0.101409E+15   0.150393E+00   0.529803E+02
   0.453074E+00   0.118365E+15   0.149166E+00   0.529174E+02
   0.517799E+00   0.135330E+15   0.147280E+00   0.530430E+02
   0.582524E+00   0.152306E+15   0.143030E+00   0.530767E+02
   0.647249E+00   0.169299E+15   0.132942E+00   0.516140E+02
   0.711974E+00   0.186317E+15   0.114895E+00   0.456570E+02
   0.776699E+00   0.203369E+15   0.100073E+00   0.345451E+02
   0.841424E+00   0.220460E+15   0.101935E+00   0.244915E+02
   0.906149E+00   0.237597E+15   0.117261E+00   0.187002E+02
   0.970874E+00   0.254790E+15   0.140973E+00   0.156652E+02
   0.103560E+01   0.272037E+15   0.172106E+00   0.139767E+02
   0.110032E+01   0.289365E+15   0.218318E+00   0.128940E+02
   0.116505E+01   0.306806E+15   0.302370E+00   0.122383E+02
   0.122977E+01   0.324433E+15   0.429859E+00   0.121245E+02
   0.129450E+01   0.342277E+15   0.580011E+00   0.123268E+02
   0.135922E+01   0.360371E+15   0.735055E+00   0.126219E+02
   0.142395E+01   0.378720E+15   0.885359E+00   0.129159E+02
   0.148867E+01   0.397327E+15   0.102645E+01   0.131782E+02
   0.155340E+01   0.416185E+15   0.115651E+01   0.134017E+02
   0.161812E+01   0.435298E+15   0.127522E+01   0.135880E+02
   0.168285E+01   0.454665E+15   0.138295E+01   0.137412E+02
   0.174757E+01   0.474275E+15   0.148035E+01   0.138659E+02
   0.181230E+01   0.494124E+15   0.156826E+01   0.139662E+02
   0.187702E+01   0.514220E+15   0.164758E+01   0.140460E+02
   0.194175E+01   0.534549E+15   0.171911E+01   0.141086E+02
   0.200647E+01   0.555098E+15   0.178360E+01   0.141565E+02
   0.207120E+01   0.575885E+15   0.184183E+01   0.141921E+02
   0.213592E+01   0.596884E+15   0.189438E+01   0.142173E+02
   0.220065E+01   0.618110E+15   0.194188E+01   0.142336E+02
   0.226537E+01   0.639541E+15   0.198066E+01   0.142417E+02
   0.233010E+01   0.661144E+15   0.201167E+01   0.142439E+02
   0.239482E+01   0.682916E+15   0.203839E+01   0.142420E+02
   0.245955E+01   0.704847E+15   0.205871E+01   0.142374E+02
   0.252427E+01   0.726870E+15   0.207424E+01   0.142315E+02
   0.258900E+01   0.749004E+15   0.208780E+01   0.142240E+02
   0.265372E+01   0.771259E+15   0.209983E+01   0.142149E+02
   0.271845E+01   0.793578E+15   0.211054E+01   0.142044E+02
   0.278317E+01   0.816002E+15   0.212009E+01   0.141926E+02
   0.284790E+01   0.838538E+15   0.212861E+01   0.141796E+02
   0.291262E+01   0.861142E+15   0.213619E+01   0.141655E+02
   0.297735E+01   0.883872E+15   0.214293E+01   0.141504E+02
   0.304207E+01   0.906662E+15   0.214892E+01   0.141344E+02
   0.310680E+01   0.929548E+15   0.215420E+01   0.141177E+02
   0.317152E+01   0.952540E+15   0.215885E+01   0.141002E+02
   0.323625E+01   0.975577E+15   0.216290E+01   0.140820E+02
   0.330097E+01   0.998736E+15   0.216642E+01   0.140633E+02
   0.336570E+01   0.102194E+16   0.216945E+01   0.140441E+02
   0.343042E+01   0.104526E+16   0.217203E+01   0.140243E+02
   0.349515E+01   0.106867E+16   0.217417E+01   0.140042E+02
   0.355987E+01   0.109215E+16   0.217594E+01   0.139838E+02
   0.362460E+01   0.111566E+16   0.217734E+01   0.139630E+02
   0.368932E+01   0.113934E+16   0.217842E+01   0.139419E+02
   0.375405E+01   0.116302E+16   0.217919E+01   0.139206E+02
   0.381877E+01   0.118680E+16   0.217967E+01   0.138990E+02
   0.388350E+01   0.121068E+16   0.217989E+01   0.138773E+02
   0.394822E+01   0.123461E+16   0.217987E+01   0.138555E+02
   0.401295E+01   0.125863E+16   0.217962E+01   0.138334E+02
   0.407767E+01   0.128276E+16   0.217916E+01   0.138114E+02
   0.414239E+01   0.130692E+16   0.217850E+01   0.137892E+02
   0.420712E+01   0.133117E+16   0.217767E+01   0.137670E+02
   0.427184E+01   0.135547E+16   0.217666E+01   0.137447E+02
   0.433657E+01   0.137990E+16   0.217550E+01   0.137224E+02
   0.440129E+01   0.140431E+16   0.217420E+01   0.137002E+02
   0.446602E+01   0.142885E+16   0.217276E+01   0.136780E+02
   0.453074E+01   0.145346E+16   0.217120E+01   0.136558E+02
   0.459547E+01   0.147810E+16   0.216952E+01   0.136337E+02
   0.466019E+01   0.150292E+16   0.216774E+01   0.136117E+02
   0.472492E+01   0.152769E+16   0.216585E+01   0.135897E+02
   0.478964E+01   0.155255E+16   0.216388E+01   0.135678E+02
   0.485437E+01   0.157753E+16   0.216183E+01   0.135460E+02
   0.491909E+01   0.160253E+16   0.215969E+01   0.135243E+02
   0.498382E+01   0.162756E+16   0.215748E+01   0.135026E+02
   0.504854E+01   0.165272E+16   0.215520E+01   0.134811E+02
   0.511327E+01   0.167796E+16   0.215285E+01   0.134597E+02
   0.517799E+01   0.170319E+16   0.215046E+01   0.134385E+02
   0.524272E+01   0.172857E+16   0.214802E+01   0.134174E+02
   0.530744E+01   0.175399E+16   0.214551E+01   0.133962E+02
   0.537217E+01   0.177945E+16   0.214297E+01   0.133754E+02
   0.543689E+01   0.180494E+16   0.214051E+01   0.133556E+02
   0.550162E+01   0.183056E+16   0.213820E+01   0.133374E+02
   0.556634E+01   0.185628E+16   0.213593E+01   0.133200E+02
   0.563107E+01   0.188188E+16   0.213372E+01   0.133032E+02
   0.569579E+01   0.190763E+16   0.213152E+01   0.132868E+02
   0.576052E+01   0.193343E+16   0.212934E+01   0.132709E+02
   0.582524E+01   0.195926E+16   0.212716E+01   0.132553E+02
   0.588997E+01   0.198510E+16   0.212500E+01   0.132402E+02
   0.595469E+01   0.201101E+16   0.212284E+01   0.132252E+02
   0.601942E+01   0.203711E+16   0.212068E+01   0.132105E+02
   0.608414E+01   0.206311E+16   0.211851E+01   0.131959E+02
   0.614887E+01   0.208914E+16   0.211637E+01   0.131818E+02
   0.621359E+01   0.211524E+16   0.211422E+01   0.131678E+02
   0.627832E+01   0.214141E+16   0.211207E+01   0.131541E+02
   0.634304E+01   0.216754E+16   0.210992E+01   0.131405E+02
   0.640777E+01   0.219386E+16   0.210775E+01   0.131270E+02
   0.647249E+01   0.222013E+16   0.210562E+01   0.131139E+02
   0.653722E+01   0.224646E+16   0.210348E+01   0.131009E+02
   0.660194E+01   0.227278E+16   0.210134E+01   0.130881E+02
   0.666667E+01   0.229918E+16   0.209919E+01   0.130754E+02
   0.673139E+01   0.232555E+16   0.209705E+01   0.130629E+02
   0.679612E+01   0.235207E+16   0.209491E+01   0.130505E+02
   0.686084E+01   0.237860E+16   0.209275E+01   0.130382E+02
   0.692557E+01   0.240516E+16   0.209062E+01   0.130262E+02
   0.699029E+01   0.243191E+16   0.208849E+01   0.130143E+02
   0.705502E+01   0.245840E+16   0.208635E+01   0.130024E+02
   0.711974E+01   0.248516E+16   0.208419E+01   0.129906E+02
   0.718447E+01   0.251192E+16   0.208206E+01   0.129791E+02
   0.724919E+01   0.253869E+16   0.207994E+01   0.129677E+02
   0.731392E+01   0.256543E+16   0.207782E+01   0.129564E+02
   0.737864E+01   0.259237E+16   0.207568E+01   0.129451E+02
   0.744337E+01   0.261914E+16   0.207354E+01   0.129339E+02
   0.750809E+01   0.264605E+16   0.207146E+01   0.129231E+02
   0.757282E+01   0.267301E+16   0.206932E+01   0.129121E+02
   0.763754E+01   0.269987E+16   0.206724E+01   0.129016E+02
   0.770227E+01   0.272680E+16   0.206508E+01   0.128906E+02
   0.776699E+01   0.275391E+16   0.206298E+01   0.128801E+02
   0.783172E+01   0.278102E+16   0.206086E+01   0.128696E+02
   0.789644E+01   0.280822E+16   0.205881E+01   0.128594E+02
   0.796117E+01   0.283527E+16   0.205670E+01   0.128491E+02
   0.802589E+01   0.286240E+16   0.205462E+01   0.128389E+02
   0.809062E+01   0.288965E+16   0.205251E+01   0.128287E+02
   0.815534E+01   0.291691E+16   0.205043E+01   0.128188E+02
   0.822006E+01   0.294436E+16   0.204834E+01   0.128088E+02
   0.828479E+01   0.297153E+16   0.204628E+01   0.127990E+02
   0.834951E+01   0.299883E+16   0.204421E+01   0.127893E+02
   0.841424E+01   0.302610E+16   0.204216E+01   0.127796E+02
   0.847896E+01   0.305380E+16   0.204008E+01   0.127700E+02
   0.854369E+01   0.308111E+16   0.203804E+01   0.127605E+02
   0.860841E+01   0.310860E+16   0.203600E+01   0.127511E+02
   0.867314E+01   0.313602E+16   0.203395E+01   0.127418E+02
   0.873786E+01   0.316357E+16   0.203193E+01   0.127326E+02
   0.880259E+01   0.319130E+16   0.202989E+01   0.127234E+02
   0.886731E+01   0.321873E+16   0.202786E+01   0.127142E+02
   0.893204E+01   0.324656E+16   0.202583E+01   0.127051E+02
   0.899676E+01   0.327417E+16   0.202381E+01   0.126962E+02
   0.906149E+01   0.330196E+16   0.202183E+01   0.126874E+02
