        0.064725       0.967230       0.615796       0.452190       0.305171
        0.129450       0.936012       0.615796       0.452190       0.305171
        0.194175       0.906152       0.615796       0.452190       0.305171
        0.258900       0.877522       0.615796       0.452190       0.305171
        0.323625       0.850019       0.615796       0.452190       0.305171
        0.388350       0.823565       0.615796       0.452190       0.305171
        0.453074       0.798098       0.615796       0.452190       0.305171
        0.517799       0.773560       0.615796       0.452190       0.305171
        0.582524       0.749910       0.615796       0.452190       0.305171
        0.647249       0.727109       0.615796       0.452190       0.305171
        0.711974       0.705126       0.615796       0.452190       0.305171
        0.776699       0.683916       0.615796       0.452190       0.305171
        0.841424       0.663457       0.615796       0.452190       0.305171
        0.906149       0.643730       0.615796       0.452190       0.305171
        0.970874       0.624733       0.615796       0.452190       0.305171
        1.035599       0.606628       0.615796       0.452190       0.305171
        1.100324       0.590429       0.615796       0.452190       0.305171
        1.165049       0.578615       0.615796       0.452190       0.305171
        1.229774       0.571398       0.615796       0.452190       0.305171
        1.294498       0.566826       0.615796       0.452190       0.305171
        1.359223       0.563628       0.615796       0.452190       0.305171
        1.423948       0.561214       0.615796       0.452190       0.305171
        1.488673       0.559292       0.615796       0.452190       0.305171
        1.553398       0.557703       0.615796       0.452190       0.305171
        1.618123       0.556353       0.615796       0.452190       0.305171
        1.682848       0.555180       0.615796       0.452190       0.305171
        1.747573       0.554146       0.615796       0.452190       0.305171
        1.812298       0.553222       0.615796       0.452190       0.305171
        1.877023       0.552385       0.615796       0.452190       0.305171
        1.941748       0.551624       0.615796       0.452190       0.305171
        2.006473       0.550923       0.615796       0.452190       0.305171
        2.071197       0.550279       0.615796       0.452190       0.305171
        2.135922       0.549678       0.615796       0.452190       0.305171
        2.200647       0.549117       0.615796       0.452190       0.305171
        2.265372       0.548618       0.615796       0.452190       0.305171
        2.330097       0.548168       0.615796       0.452190       0.305171
        2.394822       0.547750       0.615796       0.452190       0.305171
        2.459547       0.547372       0.615796       0.452190       0.305171
        2.524272       0.547055       0.615796       0.452190       0.305171
        2.588997       0.546745       0.615796       0.452190       0.305171
        2.653722       0.546443       0.615796       0.452190       0.305171
        2.718447       0.546166       0.615796       0.452190       0.305171
        2.783172       0.545878       0.615796       0.452190       0.305171
        2.847897       0.545607       0.615796       0.452190       0.305171
        2.912621       0.545349       0.615796       0.452190       0.305171
        2.977346       0.545091       0.615796       0.452190       0.305171
        3.042071       0.544845       0.615796       0.452190       0.305171
        3.106796       0.544607       0.615796       0.452190       0.305171
        3.171521       0.544374       0.615796       0.452190       0.305171
        3.236246       0.544147       0.615796       0.452190       0.305171
        3.300971       0.543933       0.615796       0.452190       0.305171
        3.365696       0.543709       0.615796       0.452190       0.305171
        3.430421       0.543522       0.615796       0.452190       0.305171
        3.495146       0.543296       0.615796       0.452190       0.305171
        3.559871       0.543093       0.615796       0.452190       0.305171
        3.624596       0.542901       0.615796       0.452190       0.305171
        3.689321       0.542686       0.615796       0.452190       0.305171
        3.754045       0.542519       0.615796       0.452190       0.305171
        3.818770       0.542349       0.615796       0.452190       0.305171
        3.883495       0.542160       0.615796       0.452190       0.305171
        3.948220       0.541976       0.615796       0.452190       0.305171
        4.012945       0.541826       0.615796       0.452190       0.305171
        4.077670       0.541631       0.615796       0.452190       0.305171
        4.142395       0.541467       0.615796       0.452190       0.305171
        4.207120       0.541298       0.615796       0.452190       0.305171
        4.271845       0.541139       0.615796       0.452190       0.305171
        4.336570       0.540977       0.615796       0.452190       0.305171
        4.401295       0.540834       0.615796       0.452190       0.305171
        4.466020       0.540675       0.615796       0.452190       0.305171
        4.530744       0.540522       0.615796       0.452190       0.305171
        4.595469       0.540379       0.615796       0.452190       0.305171
        4.660194       0.540209       0.615796       0.452190       0.305171
        4.724919       0.540083       0.615796       0.452190       0.305171
        4.789644       0.539947       0.615796       0.452190       0.305171
        4.854369       0.539810       0.615796       0.452190       0.305171
        4.919094       0.539671       0.615796       0.452190       0.305171
        4.983819       0.539558       0.615796       0.452190       0.305171
        5.048544       0.539422       0.615796       0.452190       0.305171
        5.113269       0.539311       0.615796       0.452190       0.305171
        5.177993       0.539152       0.615796       0.452190       0.305171
        5.242719       0.539004       0.615796       0.452190       0.305171
        5.307444       0.538937       0.615796       0.452190       0.305171
        5.372168       0.538788       0.615796       0.452190       0.305171
        5.436893       0.538667       0.615796       0.452190       0.305171
        5.501618       0.538557       0.615796       0.452190       0.305171
        5.566343       0.538451       0.615796       0.452190       0.305171
        5.631068       0.538339       0.615796       0.452190       0.305171
        5.695793       0.538269       0.615796       0.452190       0.305171
        5.760518       0.538158       0.615796       0.452190       0.305171
        5.825243       0.538056       0.615796       0.452190       0.305171
        5.889968       0.537933       0.615796       0.452190       0.305171
        5.954693       0.537882       0.615796       0.452190       0.305171
        6.019418       0.537749       0.615796       0.452190       0.305171
        6.084143       0.537750       0.615796       0.452190       0.305171
        6.148868       0.537608       0.615796       0.452190       0.305171
        6.213592       0.537531       0.615796       0.452190       0.305171
        6.278317       0.537448       0.615796       0.452190       0.305171
        6.343042       0.537379       0.615796       0.452190       0.305171
        6.407767       0.537335       0.615796       0.452190       0.305171
        6.472492       0.537208       0.615796       0.452190       0.305171
        6.537217       0.537136       0.615796       0.452190       0.305171
        6.601942       0.537044       0.615796       0.452190       0.305171
        6.666667       0.536946       0.615796       0.452190       0.305171
        6.731392       0.536908       0.615796       0.452190       0.305171
        6.796117       0.536817       0.615796       0.452190       0.305171
        6.860841       0.536762       0.615796       0.452190       0.305171
        6.925566       0.536664       0.615796       0.452190       0.305171
        6.990291       0.536547       0.615796       0.452190       0.305171
        7.055017       0.536513       0.615796       0.452190       0.305171
        7.119742       0.536486       0.615796       0.452190       0.305171
        7.184466       0.536375       0.615796       0.452190       0.305171
        7.249191       0.536303       0.615796       0.452190       0.305171
        7.313916       0.536206       0.615796       0.452190       0.305171
        7.378641       0.536166       0.615796       0.452190       0.305171
        7.443366       0.536169       0.615796       0.452190       0.305171
        7.508091       0.535973       0.615796       0.452190       0.305171
        7.572816       0.535970       0.615796       0.452190       0.305171
        7.637540       0.535820       0.615796       0.452190       0.305171
        7.702265       0.535901       0.615796       0.452190       0.305171
        7.766990       0.535814       0.615796       0.452190       0.305171
        7.831715       0.535782       0.615796       0.452190       0.305171
        7.896441       0.535563       0.615796       0.452190       0.305171
        7.961166       0.535567       0.615796       0.452190       0.305171
        8.025890       0.535471       0.615796       0.452190       0.305171
        8.090615       0.535485       0.615796       0.452190       0.305171
        8.155340       0.535385       0.615796       0.452190       0.305171
        8.220065       0.535330       0.615796       0.452190       0.305171
        8.284790       0.535271       0.615796       0.452190       0.305171
        8.349515       0.535206       0.615796       0.452190       0.305171
        8.414240       0.535148       0.615796       0.452190       0.305171
        8.478964       0.535087       0.615796       0.452190       0.305171
        8.543689       0.535030       0.615796       0.452190       0.305171
        8.608414       0.534959       0.615796       0.452190       0.305171
        8.673139       0.534905       0.615796       0.452190       0.305171
        8.737865       0.534788       0.615796       0.452190       0.305171
        8.802590       0.534775       0.615796       0.452190       0.305171
        8.867314       0.534742       0.615796       0.452190       0.305171
        8.932039       0.534674       0.615796       0.452190       0.305171
        8.996764       0.534649       0.615796       0.452190       0.305171
        9.061489       0.534515       0.615796       0.452190       0.305171
