   9.9999997764825821E-003   16797534613677.498       0.24816400108788339        73.337850000000003     
   1.9999999552965164E-002   33667729744270.953       0.19382929928720044        64.503119999999996     
   2.9999999329447746E-002   50566144209164.758       0.16793513918976824        57.989609999999999     
   3.9999999105930328E-002   67510484694048.555       0.15764062893955802        54.967910000000003     
   4.9999997019767761E-002   84452605347057.641       0.15397590004311296        53.993620000000000     
   5.9999998658895493E-002   101400219898352.00       0.15250674622577487        53.724400000000003     
   7.0000000298023224E-002   118353855465199.52       0.15133782467833745        53.677039999999998     
   7.9999998211860657E-002   135316570812591.42       0.14953635811713906        53.835780000000000     
   8.9999996125698090E-002   152288751998245.09       0.14545892971484983        53.937700000000000     
   9.9999994039535522E-002   169280146979523.44       0.13544681367443209        52.609340000000003     
  0.10999999940395355        186325590041229.72       0.11684379517351848        46.777099999999997     
  0.11999999731779099        203379823340192.41       0.10062899290438619        35.420389999999998     
  0.12999999523162842        220470123338979.12       0.10159016977230674        24.949770000000001     
  0.14000000059604645        237585338908908.16       0.11651082930677313        18.924350000000000     
  0.14999999105930328        254772583939869.00       0.13983001265625303        15.793530000000001     
  0.15999999642372131        272020662758058.81       0.16906724805520812        14.108459999999999     
  0.17000000178813934        289332292615872.62       0.20298202792632000        13.157489999999999     
  0.17999999225139618        306716560718041.81       0.24084953633302791        12.602910000000000     
  0.18999999761581421        324174268876748.50       0.28201451930186522        12.277189999999999     
  0.19999998807907104        341719047899089.62       0.32606691860631148        12.089160000000000     
  0.20999999344348907        359345047525810.06       0.37240616382910957        11.987650000000000     
  0.21999999880790710        377081251782458.06       0.42074384567419837        11.941120000000000     
  0.22999998927116394        394880145873052.94       0.47047542938831144        11.930149999999999     
  0.23999999463558197        412795629394285.19       0.52138462236160554        11.941910000000000     
  0.25000000000000000        430815496982937.31       0.57306071811206072        11.967940000000000     
  0.25999999046325684        448941886804828.50       0.62515410201620736        12.002470000000001     
  0.26999998092651367        467198882922171.31       0.67742914733219251        12.041580000000000     
  0.28000000119209290        485539297203207.56       0.72947707643861037        12.082400000000000     
  0.28999999165534973        504030006723280.00       0.78116697607692231        12.123130000000000     
  0.29999998211860657        522629614216390.38       0.83221004197312343        12.162369999999999     
  0.31000000238418579        541337852411811.50       0.88236461401575828        12.199199999999999     
  0.31999999284744263        560176162361229.38       0.93150987813390440        12.233079999999999     
  0.32999998331069946        579171805678838.12       0.97590811833851965        12.261310000000000     
  0.34000000357627869        598246739312239.50        1.0038393555537861        12.277290000000001     
  0.34999999403953552        617397815406199.75        1.0287274248406191        12.289460000000000     
  0.35999998450279236        636621054596555.50        1.0522577526972492        12.298610000000000     
  0.37000000476837158        655924593792118.50        1.0749177248190429        12.304910000000000     
  0.37999999523162842        675322806218672.88        1.0969589996337616        12.308420000000000     
  0.38999998569488525        694792528413178.00        1.1184834275834012        12.309200000000001     
  0.39999997615814209        714332453718744.50        1.1395512988216165        12.307320000000001     
  0.40999999642372131        733980059430702.00        1.1592476212785319        12.303110000000000     
  0.41999998688697815        753683910782401.62        1.1764752562654783        12.297300000000000     
  0.42999997735023499        773487958960125.25        1.1926157117600549        12.289830000000000     
  0.43999999761581421        793349440647490.38        1.2079537551268140        12.280709999999999     
  0.44999998807907104        813283738759695.88        1.2226201071245395        12.270000000000000     
  0.45999997854232788        833308849525719.12        1.2366991867581349        12.257770000000001     
  0.46999999880790710        853384860516936.75        1.2502309700358809        12.244080000000000     
  0.47999998927116394        873555901100115.50        1.2632639765096259        12.229020000000000     
  0.48999997973442078        893800886584539.12        1.2758283400818760        12.212669999999999     
  0.50000000000000000        914138644708114.88        1.2879532036773382        12.195110000000000     
  0.50999999046325684        934522967331751.50        1.2996406198321069        12.176439999999999     
  0.51999998092651367        955017821249538.12        1.3109300774610197        12.156730000000000     
  0.52999997138977051        975580146177617.00        1.3218295630156343        12.136070000000000     
  0.53999996185302734        996226275327106.88        1.3323501966176188        12.114560000000001     
  0.55000001192092896        1016960960177605.5        1.3425203403662698        12.092230000000001     
  0.56000000238418579        1037762225135972.0        1.3523305702779755        12.069210000000000     
  0.56999999284744263        1058658519686299.5        1.3618078706066450        12.045540000000001     
  0.57999998331069946        1079615989536452.4        1.3709613580716393        12.021290000000000     
  0.58999997377395630        1100646038237465.4        1.3797979095233861        11.996530000000000     
  0.59999996423721313        1121802001147827.0        1.3883377355366460        11.971299999999999     
  0.61000001430511475        1143009873972797.2        1.3965759085384593        11.945700000000000     
  0.62000000476837158        1164317409082337.2        1.4045355912267423        11.919720000000000     
  0.62999999523162842        1185704056327184.5        1.4122151989419309        11.893450000000000     
  0.63999998569488525        1207175755056837.2        1.4196244006853638        11.866940000000000     
  0.64999997615814209        1228697344322269.5        1.4267692205943165        11.840230000000000     
  0.65999996662139893        1250331187293206.0        1.4336688091562599        11.813319999999999     
  0.66999995708465576        1272070156750249.5        1.4403244467408363        11.786270000000000     
  0.68000000715255737        1293870063933138.2        1.4467394977835570        11.759119999999999     
  0.68999999761581421        1315763218903139.0        1.4529234522277785        11.731900000000000     
  0.69999998807907104        1337727764854100.2        1.4588818793388245        11.704630000000000     
  0.70999997854232788        1359748497051309.0        1.4646187052916391        11.677360000000000     
  0.71999996900558472        1381883145971881.0        1.4701516746756762        11.650060000000000     
  0.72999995946884155        1404131830402806.2        1.4754831590782036        11.622760000000000     
  0.74000000953674316        1426394769272526.0        1.4806047211072317        11.595560000000001     
  0.75000000000000000        1448823653567207.8        1.4855457371750043        11.568360000000000     
  0.75999999046325684        1471284253988206.8        1.4902941347416057        11.541250000000000     
  0.76999998092651367        1493810187253678.8        1.4948581992306174        11.514250000000001     
  0.77999997138977051        1516475220084384.2        1.4992530240779927        11.487310000000001     
  0.78999996185302734        1539161990934251.0        1.5034688295904464        11.460530000000000     
  0.79999995231628418        1561992018893999.0        1.5075272407893647        11.433830000000000     
  0.81000000238418579        1584873956768355.8        1.5114216012453827        11.407270000000000     
  0.81999999284744263        1607808517279261.2        1.5151555304199349        11.380900000000000     
  0.82999998331069946        1630895956646234.2        1.5187478003472972        11.354600000000000     
  0.83999997377395630        1654013924269624.8        1.5221792605025484        11.328560000000000     
  0.84999996423721313        1677222407579358.2        1.5254093491836558        11.303160000000000     
  0.85999995470046997        1700498837047344.0        1.5284619039586169        11.278260000000000     
  0.87000000476837158        1723848558088130.0        1.5313598605768550        11.253740000000001     
  0.87999999523162842        1747306612863751.5        1.5341174008333553        11.229500000000000     
  0.88999998569488525        1770858271787454.8        1.5367424698067058        11.205520000000000     
  0.89999997615814209        1794404704083600.5        1.5392317932072122        11.181860000000000     
  0.90999996662139893        1818137275593000.0        1.5416084608828062        11.158340000000001     
  0.91999995708465576        1841894436009319.8        1.5438622562123101        11.135100000000000     
  0.93000000715255737        1865695785185901.0        1.5460030583512596        11.112060000000000     
  0.93999999761581421        1889651082301459.5        1.5480392564851067        11.089190000000000     
  0.94999998807907104        1913613862997385.0        1.5499675441404297        11.066540000000000     
  0.95999997854232788        1937634849318386.8        1.5517929739351577        11.044110000000000     
  0.96999996900558472        1961796241861511.5        1.5535259535965902        11.021789999999999     
  0.97999995946884155        1985980441506706.5        1.5551625728273215        10.999689999999999     
  0.98999994993209839        2010244347222159.0        1.5567098083314619        10.977729999999999     
   1.0000000000000000        2034617061820407.0        1.5581689092000410        10.955959999999999     
   1.0099999904632568        2058988588548755.8        1.5595417505073490        10.934369999999999     
   1.0199999809265137        2083562290734001.8        1.5608375512606103        10.912870000000000     
   1.0299999713897705        2108051891730362.5        1.5620495600722748        10.891610000000000     
   1.0399999618530273        2132707081790715.2        1.5631873899156337        10.870469999999999     
   1.0499999523162842        2157421190198084.0        1.5642514681799895        10.849480000000000     
   1.0599999427795410        2182278555715334.0        1.5652450852461153        10.828609999999999     
   1.0699999332427979        2207167280997931.8        1.5661696500880953        10.807890000000000     
   1.0799999237060547        2232106134390288.8        1.5670253760199935        10.787369999999999     
   1.0900000333786011        2257087038377088.5        1.5678159631045516        10.766999999999999     
   1.1000000238418579        2282149905386955.0        1.5685442374557823        10.746770000000000     
   1.1100000143051147        2307229402575414.5        1.5692103613655590        10.726730000000000     
   1.1200000047683716        2332502284983515.0        1.5698205209604910        10.706750000000000     
   1.1299999952316284        2357751172419645.5        1.5703714304078282        10.686999999999999     
   1.1399999856948853        2383203423182573.0        1.5708701663775035        10.667289999999999     
   1.1499999761581421        2408668265366435.0        1.5713147515415697        10.647740000000001     
   1.1599999666213989        2434089393937995.0        1.5717057400248993        10.628430000000000     
   1.1699999570846558        2459758312170594.0        1.5720485902229486        10.609170000000001     
   1.1799999475479126        2485351206729623.5        1.5723419297971213        10.590120000000001     
   1.1899999380111694        2510997317860152.0        1.5725883391674467        10.571240000000000     
   1.1999999284744263        2536870074567507.5        1.5727906519270440        10.552400000000000     
