309.030 10.373 1.586 5.152e+01 4.526e-02 8.552e-01 2.257e-01
293.089 10.436 1.585 5.487e+01 4.664e-02 8.280e-01 2.242e-01
277.971 10.498 1.584 5.852e+01 4.807e-02 8.005e-01 2.227e-01
263.633 10.559 1.582 6.252e+01 4.956e-02 7.729e-01 2.211e-01
250.035 10.620 1.579 6.688e+01 5.109e-02 7.461e-01 2.195e-01
237.137 10.680 1.576 7.165e+01 5.268e-02 7.192e-01 2.178e-01
224.905 10.739 1.572 7.689e+01 5.434e-02 6.923e-01 2.161e-01
213.304 10.797 1.568 8.263e+01 5.606e-02 6.655e-01 2.143e-01
202.302 10.854 1.563 8.893e+01 5.785e-02 6.388e-01 2.125e-01
191.867 10.911 1.557 9.587e+01 5.968e-02 6.131e-01 2.107e-01
181.970 10.966 1.551 1.035e+02 6.160e-02 5.866e-01 2.088e-01
172.584 11.021 1.545 1.119e+02 6.357e-02 5.612e-01 2.069e-01
163.682 11.074 1.537 1.211e+02 6.563e-02 5.352e-01 2.049e-01
155.239 11.127 1.530 1.313e+02 6.773e-02 5.104e-01 2.029e-01
147.231 11.178 1.521 1.425e+02 6.990e-02 4.852e-01 2.009e-01
139.637 11.227 1.513 1.547e+02 7.217e-02 4.598e-01 1.989e-01
132.434 11.276 1.503 1.682e+02 7.445e-02 4.358e-01 1.968e-01
125.603 11.323 1.494 1.829e+02 7.682e-02 4.117e-01 1.947e-01
119.124 11.368 1.484 1.992e+02 7.927e-02 3.876e-01 1.926e-01
112.980 11.412 1.473 2.171e+02 8.176e-02 3.642e-01 1.905e-01
107.152 11.455 1.462 2.367e+02 8.429e-02 3.418e-01 1.884e-01
101.625 11.495 1.451 2.584e+02 8.693e-02 3.188e-01 1.863e-01
96.383 11.534 1.439 2.823e+02 8.959e-02 2.969e-01 1.841e-01
91.411 11.571 1.426 3.086e+02 9.233e-02 2.753e-01 1.820e-01
86.696 11.606 1.414 3.376e+02 9.512e-02 2.542e-01 1.798e-01
82.224 11.639 1.400 3.697e+02 9.796e-02 2.336e-01 1.776e-01
77.983 11.669 1.387 4.051e+02 1.009e-01 2.129e-01 1.754e-01
73.961 11.698 1.373 4.444e+02 1.038e-01 1.937e-01 1.732e-01
70.146 11.724 1.358 4.879e+02 1.069e-01 1.747e-01 1.710e-01
66.527 11.748 1.343 5.362e+02 1.099e-01 1.567e-01 1.687e-01
63.096 11.769 1.327 5.900e+02 1.130e-01 1.390e-01 1.664e-01
59.841 11.787 1.311 6.501e+02 1.162e-01 1.219e-01 1.641e-01
56.754 11.802 1.294 7.173e+02 1.194e-01 1.054e-01 1.618e-01
53.827 11.815 1.276 7.928e+02 1.226e-01 9.048e-02 1.595e-01
51.050 11.824 1.258 8.779e+02 1.259e-01 7.581e-02 1.571e-01
48.417 11.830 1.239 9.744e+02 1.292e-01 6.227e-02 1.546e-01
45.920 11.833 1.220 1.084e+03 1.326e-01 5.003e-02 1.521e-01
43.551 11.831 1.199 1.210e+03 1.360e-01 3.777e-02 1.496e-01
41.305 11.827 1.178 1.355e+03 1.394e-01 2.773e-02 1.470e-01
39.174 11.818 1.156 1.522e+03 1.429e-01 1.775e-02 1.443e-01
37.154 11.806 1.133 1.713e+03 1.464e-01 9.220e-03 1.416e-01
35.237 11.790 1.109 1.935e+03 1.499e-01 1.658e-03 1.389e-01
33.420 11.770 1.085 2.193e+03 1.534e-01 -4.669e-03 1.361e-01
31.696 11.745 1.060 2.496e+03 1.570e-01 -1.019e-02 1.332e-01
30.061 11.716 1.034 2.855e+03 1.605e-01 -1.405e-02 1.302e-01
28.510 11.683 1.007 3.287e+03 1.640e-01 -1.623e-02 1.272e-01
27.040 11.645 0.978 3.810e+03 1.676e-01 -1.786e-02 1.240e-01
25.645 11.604 0.950 4.432e+03 1.712e-01 -1.906e-02 1.208e-01
24.322 11.562 0.922 5.162e+03 1.747e-01 -1.932e-02 1.177e-01
23.067 11.519 0.894 6.019e+03 1.781e-01 -1.863e-02 1.146e-01
21.878 11.474 0.867 7.027e+03 1.814e-01 -1.766e-02 1.115e-01
20.749 11.427 0.839 8.215e+03 1.847e-01 -1.648e-02 1.084e-01
19.679 11.380 0.813 9.614e+03 1.878e-01 -1.385e-02 1.054e-01
18.664 11.331 0.787 1.127e+04 1.909e-01 -1.111e-02 1.025e-01
17.701 11.281 0.761 1.322e+04 1.938e-01 -7.648e-03 9.955e-02
16.788 11.230 0.736 1.552e+04 1.966e-01 -3.513e-03 9.668e-02
15.922 11.178 0.711 1.825e+04 1.993e-01 1.248e-03 9.385e-02
15.101 11.126 0.686 2.148e+04 2.018e-01 7.209e-03 9.106e-02
14.322 11.072 0.663 2.531e+04 2.042e-01 1.305e-02 8.833e-02
13.583 11.018 0.639 2.986e+04 2.063e-01 1.998e-02 8.564e-02
12.882 10.963 0.617 3.525e+04 2.084e-01 2.733e-02 8.301e-02
12.218 10.908 0.594 4.167e+04 2.102e-01 3.569e-02 8.042e-02
11.588 10.852 0.573 4.931e+04 2.119e-01 4.439e-02 7.788e-02
10.990 10.796 0.551 5.840e+04 2.134e-01 5.397e-02 7.539e-02
10.423 10.740 0.531 6.923e+04 2.146e-01 6.437e-02 7.296e-02
9.886 10.684 0.511 8.214e+04 2.156e-01 7.556e-02 7.057e-02
9.376 10.628 0.491 9.757e+04 2.165e-01 8.749e-02 6.823e-02
8.892 10.572 0.472 1.160e+05 2.171e-01 1.001e-01 6.595e-02
8.433 10.516 0.454 1.380e+05 2.175e-01 1.133e-01 6.372e-02
7.998 10.460 0.436 1.644e+05 2.177e-01 1.271e-01 6.155e-02
7.586 10.405 0.419 1.959e+05 2.177e-01 1.419e-01 5.942e-02
7.194 10.350 0.402 2.337e+05 2.175e-01 1.572e-01 5.735e-02
6.823 10.297 0.386 2.790e+05 2.169e-01 1.741e-01 5.532e-02
6.471 10.243 0.370 3.335e+05 2.162e-01 1.907e-01 5.335e-02
6.138 10.191 0.355 3.988e+05 2.153e-01 2.087e-01 5.143e-02
5.821 10.140 0.340 4.774e+05 2.141e-01 2.274e-01 4.956e-02
5.521 10.090 0.326 5.719e+05 2.127e-01 2.467e-01 4.774e-02
5.236 10.041 0.313 6.856e+05 2.111e-01 2.666e-01 4.597e-02
4.966 9.993 0.300 8.224e+05 2.094e-01 2.869e-01 4.425e-02
4.710 9.948 0.287 9.872e+05 2.073e-01 3.087e-01 4.258e-02
4.467 9.903 0.275 1.186e+06 2.052e-01 3.303e-01 4.097e-02
4.236 9.861 0.263 1.426e+06 2.029e-01 3.531e-01 3.939e-02
4.018 9.821 0.252 1.716e+06 2.003e-01 3.765e-01 3.786e-02
3.811 9.782 0.241 2.067e+06 1.977e-01 3.999e-01 3.639e-02
3.614 9.746 0.231 2.491e+06 1.949e-01 4.241e-01 3.495e-02
3.428 9.713 0.221 3.004e+06 1.919e-01 4.488e-01 3.356e-02
3.251 9.682 0.211 3.624e+06 1.889e-01 4.736e-01 3.222e-02
3.083 9.654 0.202 4.376e+06 1.858e-01 4.986e-01 3.093e-02
2.924 9.629 0.194 5.288e+06 1.826e-01 5.237e-01 2.968e-02
2.773 9.608 0.185 6.394e+06 1.794e-01 5.492e-01 2.847e-02
2.630 9.589 0.177 7.736e+06 1.762e-01 5.739e-01 2.731e-02
2.495 9.575 0.170 9.368e+06 1.729e-01 5.990e-01 2.618e-02
2.366 9.564 0.163 1.135e+07 1.698e-01 6.234e-01 2.510e-02
2.244 9.557 0.156 1.377e+07 1.667e-01 6.472e-01 2.406e-02
2.128 9.554 0.149 1.671e+07 1.637e-01 6.702e-01 2.307e-02
2.018 9.556 0.143 2.030e+07 1.608e-01 6.924e-01 2.211e-02
1.914 9.563 0.137 2.468e+07 1.580e-01 7.136e-01 2.119e-02
1.816 9.574 0.132 3.003e+07 1.555e-01 7.332e-01 2.030e-02
1.722 9.591 0.126 3.656e+07 1.531e-01 7.514e-01 1.946e-02
1.633 9.613 0.122 4.455e+07 1.511e-01 7.677e-01 1.866e-02
1.549 9.641 0.117 5.430e+07 1.493e-01 7.821e-01 1.789e-02
1.469 9.674 0.112 6.620e+07 1.479e-01 7.940e-01 1.716e-02
1.393 9.714 0.108 8.071e+07 1.468e-01 8.038e-01 1.647e-02
1.321 9.760 0.105 9.835e+07 1.461e-01 8.108e-01 1.582e-02
1.253 9.812 0.101 1.198e+08 1.458e-01 8.150e-01 1.520e-02
1.189 9.870 0.098 1.457e+08 1.460e-01 8.162e-01 1.462e-02
1.127 9.934 0.095 1.770e+08 1.466e-01 8.143e-01 1.407e-02
1.069 10.005 0.092 2.147e+08 1.477e-01 8.093e-01 1.356e-02
1.014 10.083 0.089 2.599e+08 1.493e-01 8.012e-01 1.308e-02
0.962 10.166 0.087 3.137e+08 1.515e-01 7.895e-01 1.263e-02
0.912 10.256 0.085 3.773e+08 1.542e-01 7.747e-01 1.222e-02
