        0.064725       0.000000       1.050000       9.971300       3.084507       0.967245       0.032755
        0.129450       0.000000       1.050000       9.971300       6.025039       0.936020       0.063980
        0.194175       0.000000       1.050000       9.971300       8.835809       0.906172       0.093828
        0.258900       0.000000       1.050000       9.971300      11.534448       0.877515       0.122485
        0.323625       0.000000       1.050000       9.971300      14.124770       0.850008       0.149992
        0.388350       0.000000       1.050000       9.971300      16.616421       0.823549       0.176451
        0.453074       0.000000       1.050000       9.971300      19.015364       0.798075       0.201925
        0.517799       0.000000       1.050000       9.971300      21.326542       0.773532       0.226468
        0.582524       0.000000       1.050000       9.971300      23.554392       0.749874       0.250126
        0.647249       0.000000       1.050000       9.971300      25.702311       0.727066       0.272934
        0.711974       0.000000       1.050000       9.971300      27.777143       0.705033       0.294967
        0.776699       0.000000       1.050000       9.971300      29.775577       0.683811       0.316189
        0.841424       0.000000       1.050000       9.971300      31.703611       0.663337       0.336663
        0.906149       0.000000       1.050000       9.971300      33.560650       0.643617       0.356383
        0.970874       0.000000       1.050000       9.971300      35.352978       0.624585       0.375415
        1.035599       0.000000       1.050000       9.971300      37.080193       0.606243       0.393757
        1.100324       0.000000       1.050000       9.971300      38.744148       0.588573       0.411427
        1.165049       0.000000       1.050000       9.971300      40.346210       0.571561       0.428439
        1.229774       0.000000       1.050000       9.971300      41.888187       0.555187       0.444813
        1.294498       0.000000       1.050000       9.971300      43.371067       0.539440       0.460560
        1.359223       0.000000       1.050000       9.971300      44.796926       0.524299       0.475701
        1.423948       0.000000       1.050000       9.971300      46.166704       0.509753       0.490247
        1.488673       0.000000       1.050000       9.971300      47.482277       0.495783       0.504217
        1.553398       0.000000       1.050000       9.971300      48.744873       0.482375       0.517625
        1.618123       0.000000       1.050000       9.971300      49.956092       0.469513       0.530487
        1.682848       0.000000       1.050000       9.971300      51.117561       0.457179       0.542821
        1.747573       0.000000       1.050000       9.971300      52.231815       0.445347       0.554653
        1.812298       0.000000       1.050000       9.971300      53.297085       0.434035       0.565965
        1.877023       0.000000       1.050000       9.971300      54.319855       0.423174       0.576826
        1.941748       0.000000       1.050000       9.971300      55.297832       0.412789       0.587211
        2.006473       0.000000       1.050000       9.971300      56.234046       0.402847       0.597153
        2.071197       0.000000       1.050000       9.971300      57.129238       0.393341       0.606659
        2.135922       0.000000       1.050000       9.971300      58.027201       0.383805       0.616195
        2.200647       0.000000       1.050000       9.971300      59.067228       0.372761       0.627239
        2.265372       0.000000       1.050000       9.971300      60.096228       0.361834       0.638166
        2.330097       0.000000       1.050000       9.971300      61.098777       0.351188       0.648812
        2.394822       0.000000       1.050000       9.971300      62.069885       0.340876       0.659124
        2.459547       0.000000       1.050000       9.971300      63.005987       0.330935       0.669065
        2.524272       0.000000       1.050000       9.971300      63.907390       0.321363       0.678637
        2.588997       0.000000       1.050000       9.971300      64.772986       0.312172       0.687828
        2.653722       0.000000       1.050000       9.971300      65.599481       0.303395       0.696605
        2.718447       0.000000       1.050000       9.971300      66.375871       0.295150       0.704850
        2.783172       0.000000       1.050000       9.971300      67.121623       0.287231       0.712769
        2.847897       0.000000       1.050000       9.971300      67.836441       0.279641       0.720359
        2.912621       0.000000       1.050000       9.971300      68.522987       0.272350       0.727650
        2.977346       0.000000       1.050000       9.971300      69.186755       0.265301       0.734699
        3.042071       0.000000       1.050000       9.971300      69.823862       0.258536       0.741464
        3.106796       0.000000       1.050000       9.971300      70.440312       0.251990       0.748010
        3.171521       0.000000       1.050000       9.971300      71.035916       0.245665       0.754335
        3.236246       0.000000       1.050000       9.971300      71.611221       0.239556       0.760444
        3.300971       0.000000       1.050000       9.971300      72.165439       0.233671       0.766329
        3.365696       0.000000       1.050000       9.971300      72.702900       0.227963       0.772037
        3.430421       0.000000       1.050000       9.971300      73.223603       0.222434       0.777566
        3.495146       0.000000       1.050000       9.971300      73.726734       0.217091       0.782909
        3.559871       0.000000       1.050000       9.971300      74.214447       0.211912       0.788088
        3.624596       0.000000       1.050000       9.971300      74.687472       0.206889       0.793111
        3.689321       0.000000       1.050000       9.971300      75.145980       0.202020       0.797980
        3.754045       0.000000       1.050000       9.971300      75.590350       0.197301       0.802699
        3.818770       0.000000       1.050000       9.971300      76.021009       0.192728       0.807272
        3.883495       0.000000       1.050000       9.971300      76.441086       0.188267       0.811733
        3.948220       0.000000       1.050000       9.971300      76.848266       0.183943       0.816057
        4.012945       0.000000       1.050000       9.971300      77.244123       0.179740       0.820260
        4.077670       0.000000       1.050000       9.971300      77.629078       0.175652       0.824348
        4.142395       0.000000       1.050000       9.971300      78.003546       0.171675       0.828325
        4.207120       0.000000       1.050000       9.971300      78.366761       0.167818       0.832182
        4.271845       0.000000       1.050000       9.971300      78.721235       0.164054       0.835946
        4.336570       0.000000       1.050000       9.971300      79.068290       0.160369       0.839631
        4.401295       0.000000       1.050000       9.971300      79.404890       0.156794       0.843206
        4.466020       0.000000       1.050000       9.971300      79.733490       0.153305       0.846695
        4.530744       0.000000       1.050000       9.971300      80.053646       0.149905       0.850095
        4.595469       0.000000       1.050000       9.971300      80.364961       0.146599       0.853401
        4.660194       0.000000       1.050000       9.971300      80.669606       0.143364       0.856636
        4.724919       0.000000       1.050000       9.971300      80.968411       0.140191       0.859809
        4.789644       0.000000       1.050000       9.971300      81.258178       0.137114       0.862886
        4.854369       0.000000       1.050000       9.971300      81.543430       0.134085       0.865915
        4.919094       0.000000       1.050000       9.971300      81.821138       0.131136       0.868864
        4.983819       0.000000       1.050000       9.971300      82.090865       0.128272       0.871728
        5.048544       0.000000       1.050000       9.971300      82.358014       0.125435       0.874565
        5.113269       0.000000       1.050000       9.971300      82.616724       0.122688       0.877312
        5.177993       0.000000       1.050000       9.971300      82.871733       0.119980       0.880020
        5.242719       0.000000       1.050000       9.971300      83.119761       0.117346       0.882654
        5.307444       0.000000       1.050000       9.971300      83.362560       0.114768       0.885232
        5.372168       0.000000       1.050000       9.971300      83.602103       0.112224       0.887776
        5.436893       0.000000       1.050000       9.971300      83.837460       0.109725       0.890275
        5.501618       0.000000       1.050000       9.971300      84.080670       0.107142       0.892858
        5.566343       0.000000       1.050000       9.971300      84.328233       0.104513       0.895487
        5.631068       0.000000       1.050000       9.971300      84.575439       0.101888       0.898112
        5.695793       0.000000       1.050000       9.971300      84.824292       0.099246       0.900754
        5.760518       0.000000       1.050000       9.971300      85.071401       0.096621       0.903379
        5.825243       0.000000       1.050000       9.971300      85.315083       0.094034       0.905966
        5.889968       0.000000       1.050000       9.971300      85.558863       0.091445       0.908555
        5.954693       0.000000       1.050000       9.971300      85.799254       0.088892       0.911108
        6.019418       0.000000       1.050000       9.971300      86.035995       0.086378       0.913622
        6.084143       0.000000       1.050000       9.971300      86.272091       0.083871       0.916129
        6.148868       0.000000       1.050000       9.971300      86.503803       0.081411       0.918589
        6.213592       0.000000       1.050000       9.971300      86.731773       0.078990       0.921010
        6.278317       0.000000       1.050000       9.971300      86.958457       0.076583       0.923417
        6.343042       0.000000       1.050000       9.971300      87.180197       0.074228       0.925772
        6.407767       0.000000       1.050000       9.971300      87.399600       0.071898       0.928102
        6.472492       0.000000       1.050000       9.971300      87.617086       0.069589       0.930411
        6.537217       0.000000       1.050000       9.971300      87.830013       0.067328       0.932672
        6.601942       0.000000       1.050000       9.971300      88.042409       0.065072       0.934928
        6.666667       0.000000       1.050000       9.971300      88.247950       0.062889       0.937111
        6.731392       0.000000       1.050000       9.971300      88.452694       0.060715       0.939285
        6.796117       0.000000       1.050000       9.971300      88.654048       0.058577       0.941423
        6.860841       0.000000       1.050000       9.971300      88.854953       0.056444       0.943556
        6.925566       0.000000       1.050000       9.971300      89.050649       0.054366       0.945634
        6.990291       0.000000       1.050000       9.971300      89.243417       0.052319       0.947681
        7.055017       0.000000       1.050000       9.971300      89.433234       0.050303       0.949697
        7.119742       0.000000       1.050000       9.971300      89.620129       0.048318       0.951682
        7.184466       0.000000       1.050000       9.971300      89.803194       0.046374       0.953626
        7.249191       0.000000       1.050000       9.971300      89.985731       0.044436       0.955564
        7.313916       0.000000       1.050000       9.971300      90.164884       0.042533       0.957467
        7.378641       0.000000       1.050000       9.971300      90.342517       0.040647       0.959353
        7.443366       0.000000       1.050000       9.971300      90.516464       0.038800       0.961200
        7.508091       0.000000       1.050000       9.971300      90.687188       0.036987       0.963013
        7.572816       0.000000       1.050000       9.971300      90.858556       0.035167       0.964833
        7.637540       0.000000       1.050000       9.971300      91.024027       0.033410       0.966590
        7.702265       0.000000       1.050000       9.971300      91.188175       0.031667       0.968333
        7.766990       0.000000       1.050000       9.971300      91.351579       0.029932       0.970068
