   0.100000E-01   0.941885E+01   0.114375E-01
   0.200000E-01   0.188590E+02   0.289498E-01
   0.300000E-01   0.283135E+02   0.661768E-01
   0.400000E-01   0.377833E+02   0.141845E+00
   0.500000E-01   0.472690E+02   0.267473E+00
   0.600000E-01   0.567708E+02   0.443496E+00
   0.700000E-01   0.662901E+02   0.661017E+00
   0.800000E-01   0.758275E+02   0.906473E+00
   0.900000E-01   0.853815E+02   0.116649E+01
   0.100000E+00   0.949547E+02   0.143170E+01
   0.110000E+00   0.104548E+03   0.169831E+01
   0.120000E+00   0.114162E+03   0.196303E+01
   0.130000E+00   0.123799E+03   0.223265E+01
   0.140000E+00   0.133460E+03   0.252225E+01
   0.150000E+00   0.143148E+03   0.284730E+01
   0.160000E+00   0.152867E+03   0.322480E+01
   0.170000E+00   0.162621E+03   0.367276E+01
   0.180000E+00   0.172415E+03   0.420947E+01
   0.190000E+00   0.182250E+03   0.485271E+01
   0.200000E+00   0.192133E+03   0.562041E+01
   0.210000E+00   0.202068E+03   0.652941E+01
   0.220000E+00   0.212064E+03   0.759604E+01
   0.230000E+00   0.222123E+03   0.883502E+01
   0.240000E+00   0.232248E+03   0.102596E+02
   0.250000E+00   0.242444E+03   0.118823E+02
   0.260000E+00   0.252724E+03   0.137153E+02
   0.270000E+00   0.263084E+03   0.157669E+02
   0.280000E+00   0.273537E+03   0.180472E+02
   0.290000E+00   0.284082E+03   0.205620E+02
   0.300000E+00   0.294721E+03   0.233165E+02
   0.310000E+00   0.305466E+03   0.263176E+02
   0.320000E+00   0.316323E+03   0.295694E+02
   0.330000E+00   0.327285E+03   0.328251E+02
   0.340000E+00   0.338345E+03   0.357302E+02
   0.350000E+00   0.349493E+03   0.386484E+02
   0.360000E+00   0.360727E+03   0.416370E+02
   0.370000E+00   0.372049E+03   0.447162E+02
   0.380000E+00   0.383456E+03   0.478967E+02
   0.390000E+00   0.394950E+03   0.510099E+02
   0.400000E+00   0.406519E+03   0.539834E+02
   0.410000E+00   0.418169E+03   0.570294E+02
   0.420000E+00   0.429890E+03   0.601666E+02
   0.430000E+00   0.441693E+03   0.634052E+02
   0.440000E+00   0.453565E+03   0.667433E+02
   0.450000E+00   0.465515E+03   0.701850E+02
   0.460000E+00   0.477547E+03   0.737345E+02
   0.470000E+00   0.489645E+03   0.773807E+02
   0.480000E+00   0.501848E+03   0.810865E+02
   0.490000E+00   0.514102E+03   0.848825E+02
   0.500000E+00   0.526437E+03   0.887855E+02
   0.510000E+00   0.538850E+03   0.927991E+02
   0.520000E+00   0.551370E+03   0.969281E+02
   0.530000E+00   0.563950E+03   0.101171E+03
   0.540000E+00   0.576615E+03   0.105524E+03
   0.550000E+00   0.589348E+03   0.109992E+03
   0.560000E+00   0.602169E+03   0.114580E+03
   0.570000E+00   0.615087E+03   0.119282E+03
   0.580000E+00   0.628082E+03   0.124103E+03
   0.590000E+00   0.641149E+03   0.129033E+03
   0.600000E+00   0.654305E+03   0.134088E+03
   0.610000E+00   0.667550E+03   0.139247E+03
   0.620000E+00   0.680895E+03   0.144528E+03
   0.630000E+00   0.694287E+03   0.149915E+03
   0.640000E+00   0.707801E+03   0.155422E+03
   0.650000E+00   0.721400E+03   0.161045E+03
   0.660000E+00   0.735071E+03   0.166777E+03
   0.670000E+00   0.748807E+03   0.172620E+03
   0.680000E+00   0.762707E+03   0.178588E+03
   0.690000E+00   0.776601E+03   0.184644E+03
   0.700000E+00   0.790656E+03   0.190830E+03
   0.710000E+00   0.804769E+03   0.197119E+03
   0.720000E+00   0.818989E+03   0.203522E+03
   0.730000E+00   0.833254E+03   0.210032E+03
   0.740000E+00   0.847674E+03   0.216662E+03
   0.750000E+00   0.862104E+03   0.223372E+03
   0.760000E+00   0.876689E+03   0.230217E+03
   0.770000E+00   0.891323E+03   0.237158E+03
   0.780000E+00   0.906118E+03   0.244231E+03
   0.790000E+00   0.920957E+03   0.251397E+03
   0.800000E+00   0.935846E+03   0.258653E+03
   0.810000E+00   0.950859E+03   0.266034E+03
   0.820000E+00   0.965979E+03   0.273519E+03
   0.830000E+00   0.981204E+03   0.281114E+03
   0.840000E+00   0.996482E+03   0.288823E+03
   0.850000E+00   0.101188E+04   0.296632E+03
   0.860000E+00   0.102734E+04   0.304529E+03
   0.870000E+00   0.104292E+04   0.312562E+03
   0.880000E+00   0.105856E+04   0.320676E+03
   0.890000E+00   0.107433E+04   0.328933E+03
   0.900000E+00   0.109018E+04   0.337266E+03
   0.910000E+00   0.110615E+04   0.345704E+03
   0.920000E+00   0.112218E+04   0.354253E+03
   0.930000E+00   0.113831E+04   0.362898E+03
   0.940000E+00   0.115451E+04   0.371632E+03
   0.950000E+00   0.117086E+04   0.380505E+03
   0.960000E+00   0.118727E+04   0.389470E+03
   0.970000E+00   0.120377E+04   0.398513E+03
   0.980000E+00   0.122036E+04   0.407685E+03
   0.990000E+00   0.123709E+04   0.416965E+03
   0.100000E+01   0.125382E+04   0.426291E+03
   0.101000E+01   0.127070E+04   0.435779E+03
   0.102000E+01   0.128766E+04   0.445326E+03
   0.103000E+01   0.130475E+04   0.455026E+03
   0.104000E+01   0.132190E+04   0.464776E+03
   0.105000E+01   0.133918E+04   0.474678E+03
   0.106000E+01   0.135652E+04   0.484651E+03
   0.107000E+01   0.137393E+04   0.494688E+03
   0.108000E+01   0.139150E+04   0.504893E+03
   0.109000E+01   0.140908E+04   0.515135E+03
   0.110000E+01   0.142688E+04   0.525540E+03
   0.111000E+01   0.144462E+04   0.535982E+03
   0.112000E+01   0.146265E+04   0.546603E+03
   0.113000E+01   0.148058E+04   0.557237E+03
   0.114000E+01   0.149868E+04   0.568009E+03
   0.115000E+01   0.151689E+04   0.578891E+03
   0.116000E+01   0.153519E+04   0.589845E+03
   0.117000E+01   0.155359E+04   0.600939E+03
   0.118000E+01   0.157206E+04   0.612019E+03
   0.119000E+01   0.159071E+04   0.623026E+03
   0.120000E+01   0.160926E+04   0.633940E+03
   0.121000E+01   0.162814E+04   0.644995E+03
   0.122000E+01   0.164697E+04   0.656028E+03
   0.123000E+01   0.166594E+04   0.667158E+03
   0.124000E+01   0.168486E+04   0.678276E+03
   0.125000E+01   0.170404E+04   0.689558E+03
   0.126000E+01   0.172326E+04   0.700871E+03
   0.127000E+01   0.174258E+04   0.712279E+03
   0.128000E+01   0.176190E+04   0.723727E+03
   0.129000E+01   0.178143E+04   0.735259E+03
   0.130000E+01   0.180112E+04   0.746997E+03
   0.131000E+01   0.182063E+04   0.758635E+03
   0.132000E+01   0.184034E+04   0.770420E+03
   0.133000E+01   0.186033E+04   0.782340E+03
   0.134000E+01   0.188018E+04   0.794250E+03
   0.135000E+01   0.190019E+04   0.806312E+03
   0.136000E+01   0.192041E+04   0.818509E+03
   0.137000E+01   0.194059E+04   0.830694E+03
   0.138000E+01   0.196074E+04   0.842916E+03
   0.139000E+01   0.198121E+04   0.855343E+03
   0.140000E+01   0.200165E+04   0.867806E+03
