   9.9999997764825821E-003   16768914373286.059       0.20974682656031787        67.312539999999998     
   1.9999999552965164E-002   33604783775876.969       0.15861325842614005        56.969420000000000     
   2.9999999329447746E-002   50428592586894.359       0.13837496242335962        49.876339999999999     
   3.9999999105930328E-002   67665776410849.531       0.13021414215634863        46.339820000000003     
   4.9999997019767761E-002   84425559034283.078       0.12728374666450709        45.157470000000004     
   5.9999998658895493E-002   101548391819942.73       0.12628916339933419        44.864269999999998     
   7.0000000298023224E-002   118280727224510.61       0.12535406979819713        44.747430000000001     
   7.9999998211860657E-002   135237785341506.11       0.12336779587263604        44.741979999999998     
   8.9999996125698090E-002   152196588142416.50       0.11923508891200198        44.498609999999999     
   9.9999994039535522E-002   169161582715178.12       0.11105119066205615        42.785750000000000     
  0.10999999940395355        186406023681800.62        9.8696177178848252E-002   37.191600000000001     
  0.11999999731779099        203227419632084.62        9.2085677409131386E-002   28.284269999999999     
  0.12999999523162842        220473612706808.94        9.8418341949700783E-002   21.134049999999998     
  0.14000000059604645        237564595730787.88       0.11516454714366436        16.867370000000001     
  0.14999999105930328        254873255913852.91       0.13926920979169499        14.548230000000000     
  0.15999999642372131        271991738126005.62       0.16857061315191740        13.282050000000000     
  0.17000000178813934        289292498974238.88       0.20250348399004714        12.557510000000001     
  0.17999999225139618        306702989304439.88       0.24081554673847308        12.136200000000001     
  0.18999999761581421        324126397719798.06       0.28164569944335494        11.903029999999999     
  0.19999998807907104        341839200939425.56       0.32626106766200680        11.776550000000000     
  0.20999999344348907        359310539905229.19       0.37230851914399166        11.721610000000000     
  0.21999999880790710        376998368160219.38       0.42027867803983537        11.709980000000000     
  0.22999998927116394        395047130684177.25       0.47095714712180975        11.726530000000000     
  0.23999999463558197        412948122192635.44       0.52163040795361881        11.760059999999999     
  0.25000000000000000        430760587696832.25       0.57288709268283056        11.803559999999999     
  0.25999999046325684        448850094158343.50       0.62468314643935874        11.852600000000001     
  0.26999998092651367        467113237502416.31       0.67714833615988856        11.904370000000000     
  0.28000000119209290        485606738516752.56       0.72956251178368892        11.956210000000000     
  0.28999999165534973        503902191922092.12       0.78064962814538119        12.005540000000000     
  0.29999998211860657        522504412728981.56       0.83175190802043020        12.052830000000000     
  0.31000000238418579        541221797522628.81       0.88195052736836010        12.096719999999999     
  0.31999999284744263        560298097206414.69       0.93183134278976931        12.137390000000000     
  0.32999998331069946        579258223214027.88       0.97972447862244572        12.173349999999999     
  0.34000000357627869        598166736274507.25        1.0260220388382362        12.205010000000000     
  0.34999999403953552        617630340939029.88        1.0718592443854380        12.233160000000000     
  0.35999998450279236        636911904541451.75        1.1154634296357748        12.256810000000000     
  0.37000000476837158        656277153578294.62        1.1575923198551543        12.276600000000000     
  0.37999999523162842        675951723936971.12        1.1984279339679791        12.292800000000000     
  0.38999998569488525        695773293195712.50        1.2312399606034705        12.303390000000000     
  0.39999997615814209        715832970975811.75        1.2600647856177940        12.310409999999999     
  0.40999999642372131        735711973744194.88        1.2860183053481866        12.314480000000000     
  0.41999998688697815        755879331930685.12        1.3104819632591758        12.316030000000000     
  0.42999997735023499        776044611344851.25        1.3331411772804820        12.315230000000000     
  0.43999999761581421        796395079676351.75        1.3544847110172002        12.312270000000000     
  0.44999998807907104        816767820568468.12        1.3745365152474189        12.307340000000000     
  0.45999997854232788        837192174407718.50        1.3933356239427006        12.300620000000000     
  0.46999999880790710        857915336920191.88        1.4113058956581164        12.292140000000000     
  0.47999998927116394        878528324499485.12        1.4281122144231571        12.282209999999999     
  0.48999997973442078        899365641309301.88        1.4432126410290731        12.271470000000001     
  0.50000000000000000        920392304581101.25        1.4572996654022234        12.259690000000001     
  0.50999999046325684        941179315100673.62        1.4704079323400618        12.247019999999999     
  0.51999998092651367        962362836592704.00        1.4830144860268044        12.233120000000000     
  0.52999997138977051        983424245059064.12        1.4948374440231584        12.218400000000001     
  0.53999996185302734        1004636809970137.8        1.5061276416327820        12.202669999999999     
  0.55000001192092896        1026085820384709.8        1.5169526145228944        12.185919999999999     
  0.56000000238418579        1047356650314354.5        1.5270491036606710        12.168699999999999     
  0.56999999284744263        1069028980270035.2        1.5368117961411620        12.150430000000000     
  0.57999998331069946        1090472526483069.4        1.5459825404884515        12.131700000000000     
  0.58999997377395630        1112169801706640.0        1.5547818811260816        12.112180000000000     
  0.59999996423721313        1134128289521113.8        1.5631866500320317        12.092000000000001     
  0.61000001430511475        1155906339897851.5        1.5710802287298427        12.071540000000001     
  0.62000000476837158        1177928972686899.2        1.5786248954291857        12.050500000000000     
  0.62999999523162842        1199980945862465.0        1.5856807264550998        12.029400000000001     
  0.63999998569488525        1221862697281430.2        1.5922937899318208        12.008229999999999     
  0.64999997615814209        1244391362647671.2        1.5987261546807714        11.986210000000000     
  0.65999996662139893        1266327756082014.2        1.6046622060824878        11.964530000000000     
  0.66999995708465576        1288658165962026.5        1.6103485234780412        11.942410000000001     
  0.68000000715255737        1311046187532165.0        1.6157796388581520        11.919910000000000     
  0.68999999761581421        1334001298192332.0        1.6209887060542554        11.896940000000001     
  0.69999998807907104        1356412126864541.2        1.6258206799123489        11.874300000000000     
  0.70999997854232788        1379046156290869.2        1.6304399182067886        11.851310000000000     
  0.71999996900558472        1401858603776104.5        1.6348086478242145        11.828239999999999     
  0.72999995946884155        1424778078339286.0        1.6389714263161135        11.804919999999999     
  0.74000000953674316        1447864211049369.5        1.6429241184142127        11.781420000000001     
  0.75000000000000000        1471034088587369.0        1.6466481715297925        11.757940000000000     
  0.75999999046325684        1493906761076509.5        1.6501248914033566        11.734700000000000     
  0.76999998092651367        1517210155191214.2        1.6534559757034017        11.711100000000000     
  0.77999997138977051        1540684840145429.0        1.6566144516286898        11.687360000000000     
  0.78999996185302734        1563782138832568.0        1.6595355599252968        11.664070000000001     
  0.79999995231628418        1587489527500098.0        1.6623506490191280        11.640260000000000     
  0.81000000238418579        1610958035530835.2        1.6649663812268596        11.616759999999999     
  0.81999999284744263        1634650813398601.0        1.6674301362832133        11.593249999999999     
  0.82999998331069946        1658457745563710.2        1.6697632533180873        11.569580000000000     
  0.83999997377395630        1682117025500309.8        1.6719242313900204        11.546239999999999     
  0.84999996423721313        1706107721138873.8        1.6739681041934118        11.522720000000000     
  0.85999995470046997        1729853240430178.0        1.6758509286899659        11.499620000000000     
  0.87000000476837158        1753989925279392.5        1.6776335876739119        11.476250000000000     
  0.87999999523162842        1778364778043459.8        1.6793007891975915        11.452840000000000     
  0.88999998569488525        1802350484628446.0        1.6808297947583863        11.429819999999999     
  0.89999997615814209        1826652045819713.5        1.6822470877331368        11.406879999999999     
  0.90999996662139893        1851059089858057.2        1.6835632132914038        11.383929999999999     
  0.91999995708465576        1875605827396584.5        1.6847798493671220        11.360989999999999     
  0.93000000715255737        1900214809317846.2        1.6858905879006203        11.338270000000000     
  0.93999999761581421        1924570418589541.2        1.6868956034959055        11.315870000000000     
  0.94999998807907104        1949386683808268.2        1.6878214873624051        11.293300000000000     
  0.95999997854232788        1974209719885422.8        1.6886579690826051        11.270840000000000     
  0.96999996900558472        1998941527554294.2        1.6894034010191368        11.248680000000000     
  0.97999995946884155        2023899862013003.5        1.6900689588424236        11.226580000000000     
  0.98999994993209839        2049048255655634.8        1.6906598714473979        11.204450000000000     
   1.0000000000000000        2073963114076021.5        1.6911674341475842        11.182750000000000     
   1.0099999904632568        2099483548571181.0        1.6916128962269590        11.160660000000000     
   1.0199999809265137        2124591554637229.0        1.6919777384922023        11.139239999999999     
   1.0299999713897705        2149858497695832.0        1.6922776719566699        11.117830000000000     
   1.0399999618530273        2175193149338707.2        1.6925125783179567        11.096600000000000     
   1.0499999523162842        2200830232657999.2        1.6926864779747046        11.075329999999999     
   1.0599999427795410        2226545002668719.2        1.6927999422950333        11.054140000000000     
   1.0699999332427979        2251824774722237.0        1.6928541325410764        11.033540000000000     
   1.0799999237060547        2277899231738530.5        1.6928533851491276        11.012510000000001     
   1.0900000333786011        2303735402052981.0        1.6927984338468882        10.991840000000000     
   1.1000000238418579        2329857849013214.5        1.6926917461118109        10.971349999999999     
   1.1100000143051147        2355367592679279.0        1.6925374343384461        10.951269999999999     
   1.1200000047683716        2381181906187578.0        1.6923344672437766        10.931150000000001     
   1.1299999952316284        2407364696938707.5        1.6920862259005065        10.911199999999999     
   1.1399999856948853        2433840891555016.5        1.6917890720039701        10.891090000000000     
   1.1499999761581421        2459902757150375.0        1.6914553983390848        10.871520000000000     
   1.1599999666213989        2486350205315116.0        1.6910767562340061        10.851880000000000     
   1.1699999570846558        2513256408835050.0        1.6906529080165533        10.832140000000001     
   1.1799999475479126        2539409265264711.0        1.6902020287129755        10.813050000000000     
   1.1899999380111694        2565590868145940.5        1.6897158813929791        10.794119999999999     
   1.1999999284744263        2592568343859845.0        1.6891825387932731        10.774880000000000     
