        0.064725       4.344033       0.600417       0.000000      20.508667     490.032016       0.996248       0.967289
        0.129450       4.344033       0.600417       0.000000      36.941223     486.790625       0.992674       0.936126
        0.194175       4.344033       0.600417       0.000000      50.428894     482.934620       0.989265       0.906399
        0.258900       4.344033       0.600417       0.000000      62.185852     478.322770       0.985924       0.877264
        0.323625       4.344033       0.600417       0.000000      71.581726     473.193472       0.982805       0.850071
        0.388350       4.344033       0.600417       0.000000      79.342102     467.582851       0.979737       0.823325
        0.453074       4.344033       0.600417       0.000000      85.832214     461.580525       0.976852       0.798169
        0.517799       4.344033       0.600417       0.000000      91.757874     455.070707       0.974040       0.773646
        0.582524       4.344033       0.600417       0.000000      96.838135     448.407062       0.971328       0.750004
        0.647249       4.344033       0.600417       0.000000     101.278076     441.614355       0.968713       0.727204
        0.711974       4.344033       0.600417       0.000000     105.523010     434.538466       0.966157       0.704913
        0.776699       4.344033       0.600417       0.000000     109.471008     427.433729       0.963762       0.684031
        0.841424       4.344033       0.600417       0.000000     112.824402     420.348810       0.961374       0.663211
        0.906149       4.344033       0.600417       0.000000     116.125183     413.337044       0.959130       0.643643
        0.970874       4.344033       0.600417       0.000000     119.272888     406.438176       0.956948       0.624617
        1.035599       4.344033       0.600417       0.000000     122.465454     399.738642       0.954844       0.606270
        1.100324       4.344033       0.600417       0.000000     125.530334     393.147660       0.952817       0.588598
        1.165049       4.344033       0.600417       0.000000     128.778687     386.641358       0.950868       0.571605
        1.229774       4.344033       0.600417       0.000000     131.682007     380.396394       0.948988       0.555214
        1.294498       4.344033       0.600417       0.000000     134.835327     374.245592       0.947167       0.539335
        1.359223       4.344033       0.600417       0.000000     137.872986     368.260398       0.945447       0.524341
        1.423948       4.344033       0.600417       0.000000     140.775635     362.552789       0.943777       0.509780
        1.488673       4.344033       0.600417       0.000000     143.915955     356.921758       0.942159       0.495669
        1.553398       4.344033       0.600417       0.000000     146.774841     351.427663       0.940619       0.482240
        1.618123       4.344033       0.600417       0.000000     149.757141     346.112730       0.939165       0.469560
        1.682848       4.344033       0.600417       0.000000     152.539490     341.061073       0.937748       0.457210
        1.747573       4.344033       0.600417       0.000000     155.484314     336.025911       0.936395       0.445407
        1.812298       4.344033       0.600417       0.000000     158.281006     331.207008       0.935084       0.433983
        1.877023       4.344033       0.600417       0.000000     160.969421     326.499145       0.933850       0.423222
        1.941748       4.344033       0.600417       0.000000     163.717529     321.916922       0.932660       0.412843
        2.006473       4.344033       0.600417       0.000000     166.387329     317.454604       0.931520       0.402902
        2.071197       4.344033       0.600417       0.000000     169.105957     313.106716       0.930419       0.393301
        2.135922       4.344033       0.600417       0.000000     171.602356     308.868020       0.929373       0.384181
        2.200647       4.344033       0.600417       0.000000     174.124512     304.699006       0.928385       0.375572
        2.265372       4.344033       0.600417       0.000000     176.568298     300.735931       0.927416       0.367120
        2.330097       4.344033       0.600417       0.000000     179.015747     296.825944       0.926511       0.359231
        2.394822       4.344033       0.600417       0.000000     181.289062     292.972893       0.925635       0.351592
        2.459547       4.344033       0.600417       0.000000     183.577026     289.240588       0.924794       0.344260
        2.524272       4.344033       0.600417       0.000000     185.378967     286.197524       0.923989       0.337237
        2.588997       4.344033       0.600417       0.000000     186.993896     283.484492       0.923217       0.330512
        2.653722       4.344033       0.600417       0.000000     188.438965     280.989189       0.922483       0.324107
        2.718447       4.344033       0.600417       0.000000     189.908142     278.570425       0.921758       0.317786
        2.783172       4.344033       0.600417       0.000000     191.244873     276.308018       0.921061       0.311713
        2.847897       4.344033       0.600417       0.000000     192.539734     274.163833       0.920388       0.305844
        2.912621       4.344033       0.600417       0.000000     193.805847     272.145404       0.919722       0.300035
        2.977346       4.344033       0.600417       0.000000     194.979004     270.176551       0.919091       0.294529
        3.042071       4.344033       0.600417       0.000000     196.235413     268.254119       0.918469       0.289110
        3.106796       4.344033       0.600417       0.000000     197.317200     266.460839       0.917866       0.283853
        3.171521       4.344033       0.600417       0.000000     197.933472     264.984677       0.917298       0.278895
        3.236246       4.344033       0.600417       0.000000     198.296387     263.681374       0.916746       0.274087
        3.300971       4.344033       0.600417       0.000000     198.571106     262.466217       0.916218       0.269483
        3.365696       4.344033       0.600417       0.000000     198.813171     261.323082       0.915697       0.264938
        3.430421       4.344033       0.600417       0.000000     199.078308     260.209385       0.915197       0.260581
        3.495146       4.344033       0.600417       0.000000     199.249207     259.132745       0.914705       0.256289
        3.559871       4.344033       0.600417       0.000000     199.431519     258.125441       0.914219       0.252050
        3.624596       4.344033       0.600417       0.000000     199.633850     257.143361       0.913761       0.248060
        3.689321       4.344033       0.600417       0.000000     199.784546     256.209195       0.913296       0.244005
        3.754045       4.344033       0.600417       0.000000     199.929016     255.297780       0.912860       0.240201
        3.818770       4.344033       0.600417       0.000000     200.062195     254.416996       0.912431       0.236462
        3.883495       4.344033       0.600417       0.000000     200.199707     253.582716       0.911998       0.232686
        3.948220       4.344033       0.600417       0.000000     200.367554     252.748303       0.911588       0.229112
        4.012945       4.344033       0.600417       0.000000     200.418457     251.990832       0.911178       0.225537
        4.077670       4.344033       0.600417       0.000000     200.485352     251.259246       0.910778       0.222048
        4.142395       4.344033       0.600417       0.000000     200.463257     250.566233       0.910387       0.218638
        4.207120       4.344033       0.600417       0.000000     200.437866     249.869373       0.909995       0.215219
        4.271845       4.344033       0.600417       0.000000     200.384888     249.254347       0.909624       0.211984
        4.336570       4.344033       0.600417       0.000000     200.363892     248.608192       0.909251       0.208732
        4.401295       4.344033       0.600417       0.000000     200.279785     248.012065       0.908887       0.205565
        4.466020       4.344033       0.600417       0.000000     200.239624     247.415026       0.908524       0.202398
        4.530744       4.344033       0.600417       0.000000     200.161743     246.841554       0.908175       0.199351
        4.595469       4.344033       0.600417       0.000000     200.064331     246.280653       0.907836       0.196394
        4.660194       4.344033       0.600417       0.000000     200.009277     245.768140       0.907500       0.193469
        4.724919       4.344033       0.600417       0.000000     199.929443     245.256589       0.907168       0.190576
        4.789644       4.344033       0.600417       0.000000     199.811401     244.749462       0.906846       0.187766
        4.854369       4.344033       0.600417       0.000000     199.737671     244.259912       0.906527       0.184985
        4.919094       4.344033       0.600417       0.000000     199.630127     243.792927       0.906219       0.182302
        4.983819       4.344033       0.600417       0.000000     199.538818     243.334654       0.905914       0.179638
        5.048544       4.344033       0.600417       0.000000     199.421509     242.896699       0.905612       0.177006
        5.113269       4.344033       0.600417       0.000000     199.323853     242.461172       0.905322       0.174481
        5.177993       4.344033       0.600417       0.000000     199.213379     242.046545       0.905032       0.171945
        5.242719       4.344033       0.600417       0.000000     199.097168     241.646828       0.904749       0.169483
        5.307444       4.344033       0.600417       0.000000     199.016113     241.265931       0.904476       0.167103
        5.372168       4.344033       0.600417       0.000000     198.886108     240.860267       0.904197       0.164671
        5.436893       4.344033       0.600417       0.000000     198.783691     240.513229       0.903931       0.162346
        5.501618       4.344033       0.600417       0.000000     198.654297     240.145442       0.903666       0.160041
        5.566343       4.344033       0.600417       0.000000     198.561523     239.793801       0.903411       0.157812
        5.631068       4.344033       0.600417       0.000000     198.446411     239.452494       0.903156       0.155587
        5.695793       4.344033       0.600417       0.000000     198.335571     239.123705       0.902898       0.153340
        5.760518       4.344033       0.600417       0.000000     198.194702     238.820489       0.902661       0.151279
        5.825243       4.344033       0.600417       0.000000     198.104126     238.497635       0.902419       0.149162
        5.889968       4.344033       0.600417       0.000000     197.976929     238.199586       0.902185       0.147121
        5.954693       4.344033       0.600417       0.000000     197.876953     237.905186       0.901945       0.145034
        6.019418       4.344033       0.600417       0.000000     197.775391     237.629970       0.901717       0.143044
        6.084143       4.344033       0.600417       0.000000     197.640015     237.369830       0.901495       0.141112
        6.148868       4.344033       0.600417       0.000000     197.523315     237.104713       0.901274       0.139182
        6.213592       4.344033       0.600417       0.000000     197.433838     236.841910       0.901050       0.137225
        6.278317       4.344033       0.600417       0.000000     197.304199     236.596631       0.900835       0.135356
        6.343042       4.344033       0.600417       0.000000     197.204102     236.351025       0.900625       0.133523
        6.407767       4.344033       0.600417       0.000000     197.098389     236.103640       0.900413       0.131675
        6.472492       4.344033       0.600417       0.000000     197.009888     235.889207       0.900212       0.129919
        6.537217       4.344033       0.600417       0.000000     196.872192     235.671076       0.900005       0.128119
        6.601942       4.344033       0.600417       0.000000     196.787354     235.468349       0.899806       0.126386
        6.666667       4.344033       0.600417       0.000000     196.677490     235.253404       0.899611       0.124677
        6.731392       4.344033       0.600417       0.000000     196.585693     235.032382       0.899420       0.123013
        6.796117       4.344033       0.600417       0.000000     196.474609     234.856903       0.899227       0.121333
        6.860841       4.344033       0.600417       0.000000     196.387817     234.673804       0.899036       0.119670
        6.925566       4.344033       0.600417       0.000000     196.263916     234.485640       0.898858       0.118119
        6.990291       4.344033       0.600417       0.000000     196.188232     234.299958       0.898667       0.116448
        7.055017       4.344033       0.600417       0.000000     196.096436     234.147624       0.898486       0.114871
        7.119742       4.344033       0.600417       0.000000     195.991089     233.986376       0.898306       0.113303
        7.184466       4.344033       0.600417       0.000000     195.919067     233.826837       0.898139       0.111846
        7.249191       4.344033       0.600417       0.000000     195.824829     233.665378       0.897972       0.110388
        7.313916       4.344033       0.600417       0.000000     195.729980     233.528247       0.897798       0.108874
        7.378641       4.344033       0.600417       0.000000     195.630615     233.381753       0.897628       0.107392
        7.443366       4.344033       0.600417       0.000000     195.558960     233.241663       0.897464       0.105962
        7.508091       4.344033       0.600417       0.000000     195.468018     233.116892       0.897300       0.104530
        7.572816       4.344033       0.600417       0.000000     195.388550     232.987254       0.897132       0.103068
        7.637540       4.344033       0.600417       0.000000     195.292358     232.876731       0.896974       0.101685
        7.702265       4.344033       0.600417       0.000000     195.229614     232.757249       0.896824       0.100383
        7.766990       4.344033       0.600417       0.000000     195.143433     232.652427       0.896664       0.098983
