        0.064725       0.984375       0.013672       0.003788       0.000000       0.000000       0.000000       0.000000       0.000000       0.000000       0.000000       0.000000       0.000000       0.000000       0.000000       0.000000
        0.129450       0.984375       0.013672       0.011076       0.000000       0.000000       0.000000       0.000000       0.000000       0.000000       0.000000       0.000000       0.000000       0.000000       0.000000       0.000000
        0.194175       0.976562       0.020508       0.018787       0.000000       0.000000       0.000000       0.000000       0.000000       0.000000       0.000000       0.000000       0.000000       0.000000       0.000000       0.000000
        0.258900       0.976562       0.025635       0.026422       0.000000       0.000000       0.000000       0.000000       0.000000       0.000000       0.000000       0.000000       0.000000       0.000000       0.000000       0.000000
        0.323625       0.968750       0.030762       0.032241       0.000000       0.000000       0.000000       0.000000       0.000000       0.000000       0.000000       0.000000       0.000000       0.000000       0.000000       0.000000
        0.388350       0.964844       0.036530       0.036587       0.000000       0.000000       0.000000       0.000000       0.000000       0.000000       0.000000       0.000000       0.000000       0.000000       0.000000       0.000000
        0.453074       0.958984       0.040375       0.039704       0.000000       0.000000       0.000000       0.000000       0.000000       0.000000       0.000000       0.000000       0.000000       0.000000       0.000000       0.000000
        0.517799       0.957031       0.042297       0.042444       0.000000       0.000000       0.000000       0.000000       0.000000       0.000000       0.000000       0.000000       0.000000       0.000000       0.000000       0.000000
        0.582524       0.955078       0.044220       0.044348       0.000000       0.000000       0.000000       0.000000       0.000000       0.000000       0.000000       0.000000       0.000000       0.000000       0.000000       0.000000
        0.647249       0.953125       0.046143       0.045659       0.000000       0.000000       0.000000       0.000000       0.000000       0.000000       0.000000       0.000000       0.000000       0.000000       0.000000       0.000000
        0.711974       0.953125       0.047424       0.046950       0.000000       0.000000       0.000000       0.000000       0.000000       0.000000       0.000000       0.000000       0.000000       0.000000       0.000000       0.000000
        0.776699       0.951172       0.048065       0.048051       0.000847       0.000000       0.000000       0.000000       0.000000       0.000000       0.000000       0.000000       0.000000       0.000000       0.000000       0.000000
        0.841424       0.950195       0.050388       0.048608       0.002095       0.000000       0.000000       0.000000       0.000000       0.000000       0.000000       0.000000       0.000000       0.000000       0.000000       0.000000
        0.906149       0.947266       0.052631       0.049163       0.003492       0.000000       0.000000       0.000000       0.000000       0.000000       0.000000       0.000000       0.000000       0.000000       0.000000       0.000000
        0.970874       0.945312       0.055328       0.049719       0.004944       0.000000       0.000000       0.000000       0.000000       0.000000       0.000000       0.000000       0.000000       0.000000       0.000000       0.000000
        1.035599       0.942871       0.057017       0.050456       0.006499       0.000000       0.000000       0.000000       0.000000       0.000000       0.000000       0.000000       0.000000       0.000000       0.000000       0.000000
        1.100324       0.940430       0.059454       0.051143       0.008028       0.000000       0.000000       0.000000       0.000000       0.000000       0.000000       0.000000       0.000000       0.000000       0.000000       0.000000
        1.165049       0.938477       0.061403       0.052149       0.009721       0.000000       0.000000       0.000000       0.000000       0.000000       0.000000       0.000000       0.000000       0.000000       0.000000       0.000000
        1.229774       0.935547       0.064327       0.052822       0.011205       0.000000       0.000000       0.000000       0.000000       0.000000       0.000000       0.000000       0.000000       0.000000       0.000000       0.000000
        1.294498       0.933594       0.066730       0.053873       0.012893       0.000000       0.000000       0.000000       0.000000       0.000000       0.000000       0.000000       0.000000       0.000000       0.000000       0.000000
        1.359223       0.930664       0.069201       0.054854       0.014520       0.000000       0.000000       0.000000       0.000000       0.000000       0.000000       0.000000       0.000000       0.000000       0.000000       0.000000
        1.423948       0.927734       0.072124       0.055738       0.016060       0.000000       0.000000       0.000000       0.000000       0.000000       0.000000       0.000000       0.000000       0.000000       0.000000       0.000000
        1.488673       0.925781       0.074581       0.056963       0.017805       0.000000       0.000000       0.000000       0.000000       0.000000       0.000000       0.000000       0.000000       0.000000       0.000000       0.000000
        1.553398       0.922852       0.077525       0.057908       0.019341       0.000000       0.000000       0.000000       0.000000       0.000000       0.000000       0.000000       0.000000       0.000000       0.000000       0.000000
        1.618123       0.919922       0.079922       0.059049       0.020992       0.000000       0.000000       0.000000       0.000000       0.000000       0.000000       0.000000       0.000000       0.000000       0.000000       0.000000
        1.682848       0.916992       0.082846       0.060002       0.022489       0.000000       0.000000       0.000000       0.000000       0.000000       0.000000       0.000000       0.000000       0.000000       0.000000       0.000000
        1.747573       0.914551       0.085282       0.061191       0.024138       0.000000       0.000000       0.000000       0.000000       0.000000       0.000000       0.000000       0.000000       0.000000       0.000000       0.000000
        1.812298       0.912109       0.088019       0.062247       0.025671       0.000000       0.000000       0.000000       0.000000       0.000000       0.000000       0.000000       0.000000       0.000000       0.000000       0.000000
        1.877023       0.909180       0.090643       0.063216       0.027120       0.000000       0.000000       0.000000       0.000000       0.000000       0.000000       0.000000       0.000000       0.000000       0.000000       0.000000
        1.941748       0.896729       0.096716       0.062557       0.027312       0.000000       0.000000       0.000000       0.000000       0.000000       0.000000       0.000000       0.000000       0.000000       0.006577       0.000000
        2.006473       0.872803       0.106515       0.059816       0.025883       0.000000       0.000000       0.000000       0.000000       0.000000       0.000000       0.000000       0.000000       0.000000       0.020608       0.000000
        2.071197       0.848877       0.116220       0.056942       0.024316       0.000000       0.000000       0.000000       0.000000       0.000000       0.000000       0.000000       0.000000       0.000000       0.034896       0.000000
        2.135922       0.825195       0.125769       0.054068       0.022717       0.000000       0.000000       0.000000       0.000000       0.000000       0.000000       0.000000       0.000000       0.000000       0.048847       0.000000
        2.200647       0.803223       0.134852       0.051286       0.021158       0.000000       0.000000       0.000000       0.000000       0.000000       0.000000       0.000000       0.000000       0.000000       0.062186       0.000000
        2.265372       0.781738       0.143234       0.048658       0.019691       0.000000       0.000000       0.000000       0.000000       0.000000       0.000000       0.000000       0.000000       0.000000       0.074817       0.000000
        2.330097       0.761963       0.151228       0.046128       0.018275       0.000000       0.000000       0.000000       0.000000       0.000000       0.000000       0.000000       0.000000       0.000000       0.086821       0.000000
        2.394822       0.743408       0.158741       0.043715       0.016928       0.000000       0.000000       0.000000       0.000000       0.000000       0.000000       0.000000       0.000000       0.000000       0.097875       0.000000
        2.459547       0.725830       0.165633       0.041478       0.015694       0.000000       0.000000       0.000000       0.000000       0.000000       0.000000       0.000000       0.000000       0.000000       0.108564       0.000000
        2.524272       0.709229       0.172184       0.039347       0.014522       0.000000       0.000000       0.000000       0.000000       0.000000       0.000000       0.000000       0.000000       0.000000       0.118430       0.000000
        2.588997       0.694092       0.178403       0.037318       0.013413       0.000000       0.000000       0.000000       0.000000       0.000000       0.000000       0.000000       0.000000       0.000000       0.127602       0.000000
        2.653722       0.679688       0.184203       0.035405       0.012376       0.000000       0.000000       0.000000       0.000000       0.000000       0.000000       0.000000       0.000000       0.000000       0.136229       0.000000
        2.718447       0.666260       0.189501       0.033645       0.011438       0.000000       0.000000       0.000000       0.000000       0.000000       0.000000       0.000000       0.000000       0.000000       0.144423       0.000000
        2.783172       0.653564       0.194489       0.031956       0.010543       0.000171       0.000000       0.000000       0.000000       0.000000       0.000000       0.000000       0.000000       0.000000       0.151880       0.000000
        2.847897       0.640381       0.198050       0.030379       0.009718       0.003606       0.000000       0.000000       0.000000       0.000000       0.000000       0.000000       0.000000       0.000000       0.158115       0.000000
        2.912621       0.627441       0.201037       0.028885       0.008945       0.008323       0.000000       0.000000       0.000000       0.000000       0.000000       0.000000       0.000000       0.000000       0.163213       0.000000
        2.977346       0.614868       0.203626       0.027475       0.008224       0.013690       0.000000       0.000000       0.000000       0.000000       0.000000       0.000000       0.000000       0.000000       0.167912       0.000000
        3.042071       0.603027       0.205731       0.026163       0.007566       0.019261       0.000000       0.000000       0.000000       0.000000       0.000000       0.000000       0.000000       0.000000       0.172184       0.000000
        3.106796       0.591431       0.207639       0.024906       0.006940       0.025012       0.000000       0.000000       0.000000       0.000000       0.000000       0.000000       0.000000       0.000000       0.175726       0.000000
        3.171521       0.580444       0.209368       0.023727       0.006363       0.030943       0.000000       0.000000       0.000000       0.000000       0.000000       0.000000       0.000000       0.000000       0.179120       0.000000
        3.236246       0.569946       0.210748       0.022637       0.005842       0.036903       0.000000       0.000000       0.000000       0.000000       0.000000       0.000000       0.000000       0.000000       0.182469       0.000000
        3.300971       0.559814       0.212046       0.021592       0.005347       0.042853       0.000000       0.000000       0.000000       0.000000       0.000000       0.000000       0.000000       0.000000       0.185220       0.000000
        3.365696       0.550293       0.213174       0.020604       0.004887       0.048677       0.000000       0.000000       0.000000       0.000000       0.000000       0.000000       0.000000       0.000000       0.187700       0.000000
        3.430421       0.541016       0.214238       0.019670       0.004460       0.054630       0.000000       0.000000       0.000000       0.000000       0.000000       0.000000       0.000000       0.000000       0.190038       0.000000
        3.495146       0.532349       0.215087       0.018808       0.004076       0.060404       0.000000       0.000000       0.000000       0.000000       0.000000       0.000000       0.000000       0.000000       0.192313       0.000000
        3.559871       0.523926       0.215910       0.017970       0.003706       0.066108       0.000000       0.000000       0.000000       0.000000       0.000000       0.000000       0.000000       0.000000       0.194104       0.000000
        3.624596       0.515747       0.216619       0.017185       0.003368       0.071853       0.000000       0.000000       0.000000       0.000000       0.000000       0.000000       0.000000       0.000000       0.195921       0.000000
        3.689321       0.507935       0.217066       0.016462       0.003066       0.077350       0.000000       0.000000       0.000000       0.000000       0.000000       0.000000       0.000000       0.000000       0.197703       0.000000
        3.754045       0.500488       0.217576       0.015764       0.002779       0.082821       0.000000       0.000000       0.000000       0.000000       0.000000       0.000000       0.000000       0.000000       0.199194       0.000000
        3.818770       0.493286       0.218007       0.015099       0.002511       0.088151       0.000000       0.000000       0.000000       0.000000       0.000000       0.000000       0.000000       0.000000       0.200437       0.000000
        3.883495       0.486450       0.218425       0.014469       0.002263       0.093413       0.000000       0.000000       0.000000       0.000000       0.000000       0.000000       0.000000       0.000000       0.201624       0.000000
        3.948220       0.479919       0.218758       0.013875       0.002036       0.098536       0.000000       0.000000       0.000000       0.000000       0.000000       0.000000       0.000000       0.000000       0.202761       0.000000
        4.012945       0.473511       0.218980       0.013318       0.001829       0.103627       0.000000       0.000000       0.000000       0.000000       0.000000       0.000000       0.000000       0.000000       0.203880       0.000000
        4.077670       0.467529       0.219249       0.012786       0.001636       0.108541       0.000000       0.000000       0.000000       0.000000       0.000000       0.000000       0.000000       0.000000       0.204815       0.000000
        4.142395       0.461548       0.219354       0.012280       0.001458       0.113354       0.000000       0.000000       0.000000       0.000000       0.000000       0.000000       0.000000       0.000000       0.205633       0.000000
        4.207120       0.455933       0.219492       0.011803       0.001296       0.118029       0.000000       0.000000       0.000000       0.000000       0.000000       0.000000       0.000000       0.000000       0.206414       0.000000
        4.271845       0.450500       0.219629       0.011347       0.001146       0.122696       0.000000       0.000000       0.000000       0.000000       0.000000       0.000000       0.000000       0.000000       0.207188       0.000000
        4.336570       0.445129       0.219760       0.010904       0.001003       0.127354       0.000000       0.000000       0.000000       0.000000       0.000000       0.000000       0.000000       0.000003       0.207761       0.000000
        4.401295       0.439636       0.219542       0.010496       0.000878       0.131613       0.000000       0.000000       0.000000       0.000000       0.000000       0.000000       0.000000       0.000896       0.208275       0.000000
        4.466020       0.434143       0.219276       0.010095       0.000759       0.135639       0.000000       0.000000       0.000000       0.000000       0.000000       0.000000       0.000000       0.002405       0.208498       0.000000
        4.530744       0.428589       0.218987       0.009702       0.000645       0.139648       0.000000       0.000000       0.000000       0.000000       0.000000       0.000000       0.000000       0.004302       0.208519       0.000000
        4.595469       0.422913       0.218451       0.009336       0.000545       0.143571       0.000000       0.000000       0.000000       0.000000       0.000000       0.000000       0.000000       0.006463       0.208584       0.000000
        4.660194       0.417542       0.217995       0.008982       0.000452       0.147233       0.000000       0.000000       0.000000       0.000000       0.000000       0.000000       0.000000       0.008723       0.208428       0.000000
        4.724919       0.412109       0.217391       0.008647       0.000370       0.150950       0.000000       0.000000       0.000000       0.000000       0.000000       0.000000       0.000000       0.011170       0.208361       0.000000
        4.789644       0.406921       0.216776       0.008329       0.000296       0.154458       0.000000       0.000000       0.000000       0.000000       0.000000       0.000000       0.000000       0.013624       0.208199       0.000000
        4.854369       0.401917       0.216177       0.008022       0.000230       0.157826       0.000000       0.000000       0.000000       0.000000       0.000000       0.000000       0.000000       0.016101       0.207946       0.000000
        4.919094       0.396912       0.215539       0.007728       0.000172       0.161197       0.000000       0.000000       0.000000       0.000000       0.000000       0.000000       0.000000       0.018641       0.207597       0.000000
        4.983819       0.392029       0.214881       0.007447       0.000121       0.164511       0.000000       0.000000       0.000000       0.000000       0.000000       0.000000       0.000000       0.021215       0.207258       0.000000
        5.048544       0.387390       0.214230       0.007181       0.000079       0.167688       0.000000       0.000000       0.000000       0.000000       0.000000       0.000000       0.000000       0.023743       0.206939       0.000000
        5.113269       0.382751       0.213479       0.006931       0.000045       0.170843       0.000000       0.000000       0.000000       0.000000       0.000000       0.000000       0.000000       0.026282       0.206628       0.000000
        5.177993       0.378357       0.212874       0.006682       0.000018       0.173856       0.000000       0.000000       0.000000       0.000000       0.000000       0.000000       0.000000       0.028744       0.206090       0.000000
        5.242719       0.373962       0.212172       0.006446       0.000002       0.176904       0.000000       0.000000       0.000000       0.000000       0.000000       0.000000       0.000000       0.031249       0.205658       0.000000
        5.307444       0.369751       0.211513       0.006221       0.000000       0.179846       0.000000       0.000000       0.000000       0.000000       0.000000       0.000000       0.000000       0.033688       0.205170       0.000000
        5.372168       0.365784       0.210812       0.006014       0.000000       0.182607       0.000000       0.000000       0.000000       0.000000       0.000000       0.000000       0.000000       0.036004       0.204784       0.000000
        5.436893       0.361877       0.210134       0.005813       0.000000       0.185307       0.000000       0.000000       0.000000       0.000000       0.000000       0.000000       0.000000       0.038281       0.204280       0.000000
        5.501618       0.357849       0.209403       0.005615       0.000000       0.188176       0.000000       0.000000       0.000000       0.000000       0.000000       0.000000       0.000000       0.040674       0.203800       0.000000
        5.566343       0.354248       0.208784       0.005431       0.000000       0.190763       0.000000       0.000000       0.000000       0.000000       0.000000       0.000000       0.000000       0.042876       0.203353       0.000000
        5.631068       0.350525       0.208114       0.005250       0.000000       0.193500       0.000000       0.000000       0.000000       0.000000       0.000000       0.000000       0.000000       0.045116       0.202799       0.000000
        5.695793       0.346985       0.207365       0.005086       0.000000       0.195935       0.000000       0.000000       0.000000       0.000000       0.000000       0.000000       0.000000       0.047198       0.202336       0.000000
        5.760518       0.343689       0.206800       0.004922       0.000000       0.198368       0.000000       0.000000       0.000000       0.000000       0.000000       0.000000       0.000000       0.049236       0.201789       0.000000
        5.825243       0.340393       0.206147       0.004767       0.000000       0.200788       0.000000       0.000000       0.000000       0.000000       0.000000       0.000000       0.000000       0.051245       0.201294       0.000000
        5.889968       0.337036       0.205497       0.004615       0.000000       0.203403       0.000000       0.000000       0.000000       0.000000       0.000000       0.000000       0.000000       0.053348       0.200806       0.000000
        5.954693       0.334045       0.204859       0.004478       0.000000       0.205542       0.000000       0.000000       0.000000       0.000000       0.000000       0.000000       0.000000       0.055181       0.200379       0.000000
        6.019418       0.330872       0.204192       0.004339       0.000000       0.207943       0.000000       0.000000       0.000000       0.000000       0.000000       0.000000       0.000000       0.057115       0.199848       0.000000
        6.084143       0.328003       0.203631       0.004208       0.000000       0.210109       0.000000       0.000000       0.000000       0.000000       0.000000       0.000000       0.000000       0.058907       0.199336       0.000000
        6.148868       0.325134       0.202987       0.004086       0.000000       0.212349       0.000000       0.000000       0.000000       0.000000       0.000000       0.000000       0.000000       0.060704       0.198942       0.000000
        6.213592       0.322083       0.202167       0.003969       0.000000       0.214421       0.000000       0.000000       0.000000       0.000000       0.000000       0.000000       0.000314       0.062449       0.198477       0.000000
        6.278317       0.318909       0.201077       0.003867       0.000000       0.216497       0.000000       0.000000       0.000000       0.000000       0.000000       0.000000       0.001005       0.064199       0.198274       0.000000
        6.343042       0.315735       0.199967       0.003766       0.000000       0.218524       0.000000       0.000000       0.000000       0.000000       0.000000       0.000000       0.001908       0.065939       0.198062       0.000000
        6.407767       0.312622       0.198748       0.003676       0.000000       0.220354       0.000000       0.000000       0.000000       0.000000       0.000000       0.000000       0.002877       0.067523       0.197875       0.000000
        6.472492       0.309631       0.197474       0.003598       0.000000       0.222030       0.000000       0.000000       0.000000       0.000000       0.000000       0.000000       0.003880       0.069030       0.197831       0.000000
        6.537217       0.306458       0.196159       0.003513       0.000000       0.223977       0.000000       0.000000       0.000000       0.000000       0.000000       0.000000       0.005079       0.070668       0.197744       0.000000
        6.601942       0.303467       0.194848       0.003439       0.000000       0.225652       0.000000       0.000000       0.000000       0.000000       0.000000       0.000000       0.006227       0.072118       0.197636       0.000000
        6.666667       0.300598       0.193558       0.003368       0.000000       0.227257       0.000000       0.000000       0.000000       0.000000       0.000000       0.000000       0.007391       0.073525       0.197592       0.000000
        6.731392       0.297424       0.192111       0.003296       0.000000       0.229099       0.000000       0.000000       0.000000       0.000000       0.000000       0.000000       0.008706       0.075005       0.197442       0.000000
        6.796117       0.294861       0.190929       0.003234       0.000000       0.230555       0.000000       0.000000       0.000000       0.000000       0.000000       0.000000       0.009861       0.076306       0.197484       0.000093
        6.860841       0.292053       0.189647       0.003168       0.000000       0.232136       0.000000       0.000000       0.000000       0.000000       0.000000       0.000000       0.011138       0.077639       0.197358       0.000276
        6.925566       0.289551       0.189179       0.003060       0.000000       0.232979       0.000000       0.000000       0.000000       0.000000       0.000000       0.000000       0.012782       0.079101       0.196483       0.002464
        6.990291       0.286926       0.188698       0.002949       0.000000       0.233819       0.000000       0.000000       0.000000       0.000000       0.000000       0.000000       0.014579       0.080623       0.195521       0.004792
        7.055017       0.284607       0.188280       0.002850       0.000000       0.234358       0.000000       0.000000       0.000000       0.000000       0.000000       0.000000       0.016188       0.081897       0.194563       0.007078
        7.119742       0.282288       0.187740       0.002761       0.000000       0.235193       0.000000       0.000000       0.000000       0.000000       0.000000       0.000000       0.017833       0.083250       0.193900       0.008967
        7.184466       0.279968       0.187347       0.002664       0.000000       0.235684       0.000000       0.000000       0.000000       0.000000       0.000000       0.000000       0.019548       0.084505       0.192860       0.011349
        7.249191       0.277649       0.186793       0.002579       0.000000       0.236476       0.000000       0.000000       0.000000       0.000000       0.000000       0.000000       0.021215       0.085748       0.192058       0.013341
        7.313916       0.275513       0.186417       0.002492       0.000000       0.237049       0.000000       0.000000       0.000000       0.000000       0.000000       0.000000       0.022911       0.086968       0.191196       0.015642
        7.378641       0.273376       0.185919       0.002414       0.000000       0.237751       0.000000       0.000000       0.000000       0.000000       0.000000       0.000000       0.024557       0.088160       0.190494       0.017561
        7.443366       0.271057       0.185267       0.002339       0.000000       0.238475       0.000000       0.000000       0.000000       0.000000       0.000000       0.000000       0.026181       0.089244       0.189624       0.019446
        7.508091       0.269043       0.184881       0.002263       0.000000       0.238955       0.000000       0.000000       0.000000       0.000000       0.000000       0.000015       0.027848       0.090370       0.188821       0.021636
        7.572816       0.267090       0.184357       0.002196       0.000000       0.239203       0.000000       0.000000       0.000000       0.000000       0.000000       0.000378       0.029377       0.091427       0.188236       0.024122
        7.637540       0.264648       0.183440       0.002131       0.000000       0.239608       0.000000       0.000000       0.000000       0.000000       0.000000       0.001027       0.031043       0.092584       0.187700       0.026731
        7.702265       0.262390       0.182782       0.002060       0.000000       0.239562       0.000000       0.000000       0.000000       0.000000       0.000000       0.001896       0.032800       0.093750       0.187021       0.030282
        7.766990       0.260193       0.181864       0.002006       0.000000       0.239576       0.000000       0.000000       0.000000       0.000000       0.000000       0.002708       0.034222       0.094704       0.186567       0.032959
