   9.9999997764825821E-003   16768914373286.059       0.20974682656031787        67.312539999999998     
   1.9999999552965164E-002   33604783775876.969       0.15861325842614005        56.969420000000000     
   2.9999999329447746E-002   50428592586894.359       0.13837496242335962        49.876339999999999     
   3.9999999105930328E-002   67665776410849.531       0.13021414215634863        46.339820000000003     
   4.9999997019767761E-002   84425559034283.078       0.12728374666450709        45.157470000000004     
   5.9999998658895493E-002   101548391819942.73       0.12628916339933419        44.864269999999998     
   7.0000000298023224E-002   118280727224510.61       0.12535404851319226        44.747419999999998     
   7.9999998211860657E-002   135237785341506.11       0.12336778284058168        44.741970000000002     
   8.9999996125698090E-002   152196588142416.50       0.11923506776966354        44.498609999999999     
   9.9999994039535522E-002   169161582715178.12       0.11105118097433772        42.785739999999997     
  0.10999999940395355        186406023681800.62        9.8696176623281201E-002   37.191589999999998     
  0.11999999731779099        203227419632084.62        9.2085682646511555E-002   28.284260000000000     
  0.12999999523162842        220556377542057.66        9.8596521181211164E-002   21.053999999999998     
  0.14000000059604645        237564595730787.88       0.11519978857690043        16.864190000000001     
  0.14999999105930328        254873255913852.91       0.13930029736800587        14.547760000000000     
  0.15999999642372131        271991738126005.62       0.16859711735012786        13.282330000000000     
  0.17000000178813934        289292498974238.88       0.20252601082579372        12.558000000000000     
  0.17999999225139618        306702989304439.88       0.24083476351226749        12.136699999999999     
  0.18999999761581421        324126397719798.06       0.28166227354923912        11.903510000000001     
  0.19999998807907104        341839200939425.56       0.32627542526974335        11.776980000000000     
  0.20999999344348907        359310539905229.19       0.37232108368589434        11.722000000000000     
  0.21999999880790710        376998368160219.38       0.42028974350301057        11.710330000000001     
  0.22999998927116394        395047130684177.25       0.47096687720343683        11.726839999999999     
  0.23999999463558197        412948122192635.44       0.52163902436439546        11.760339999999999     
  0.25000000000000000        430760587696832.25       0.57289486941572887        11.803820000000000     
  0.25999999046325684        448850094158343.50       0.62469013798863060        11.852840000000000     
  0.26999998092651367        467113237502416.31       0.67715464104864098        11.904590000000001     
  0.28000000119209290        485606738516752.56       0.72956815683598464        11.956410000000000     
  0.28999999165534973        503902191922092.12       0.78065481408388582        12.005720000000000     
  0.29999998211860657        522674218731117.19       0.81890786333756982        12.040889999999999     
  0.31000000238418579        541309996862667.81       0.84122118718889993        12.059780000000000     
  0.31999999284744263        559895646884459.00       0.86139953859280971        12.074840000000000     
  0.32999998331069946        578738886493959.88       0.88100781798359240        12.087059999999999     
  0.34000000357627869        597591213308192.12       0.90036552245332679        12.096430000000000     
  0.34999999403953552        616437006837977.12       0.91950120775606459        12.102850000000000     
  0.35999998450279236        635442271901771.88       0.93889171241052860        12.106389999999999     
  0.37000000476837158        654363792137650.88       0.95831640801160090        12.106940000000000     
  0.37999999523162842        673493189605944.88       0.97789333353705410        12.104559999999999     
  0.38999998569488525        692712568219127.25       0.99763272922731283        12.099320000000001     
  0.39999997615814209        711934441359098.62        1.0175174631380979        12.091340000000001     
  0.40999999642372131        731340315546504.88        1.0376159292897320        12.080760000000000     
  0.41999998688697815        750735736478795.38        1.0575647892554429        12.067970000000001     
  0.42999997735023499        770230225760705.38        1.0775793976053363        12.053039999999999     
  0.43999999761581421        789911151223344.25        1.0953892641353558        12.038060000000000     
  0.44999998807907104        809496156191597.38        1.1119508598350998        12.022570000000000     
  0.45999997854232788        829472742472225.50        1.1280472943325190        12.005950000000000     
  0.46999999880790710        849193164609023.25        1.1433623454720985        11.988610000000000     
  0.47999998927116394        868984265004842.25        1.1582813042251496        11.970250000000000     
  0.48999997973442078        889067403215456.88        1.1728077350964261        11.950920000000000     
  0.50000000000000000        909334067325546.62        1.1869862226383150        11.930619999999999     
  0.50999999046325684        929491625585366.00        1.2005915970751770        11.909780000000000     
  0.51999998092651367        949567220822118.75        1.2138439342547014        11.888159999999999     
  0.52999997138977051        970122834285265.38        1.2268179053946850        11.865710000000000     
  0.53999996185302734        990491833387198.50        1.2392685460170163        11.842930000000001     
  0.55000001192092896        1010900329163290.2        1.2514016669102048        11.819520000000001     
  0.56000000238418579        1031756592498004.2        1.2632783875427374        11.795439999999999     
  0.56999999284744263        1052367204337498.4        1.2746195477999607        11.771319999999999     
  0.57999998331069946        1073172508053523.4        1.2857170148423591        11.746610000000000     
  0.58999997377395630        1094003350972387.6        1.2965138396949754        11.721489999999999     
  0.59999996423721313        1114929342270203.2        1.3069320902425061        11.696210000000001     
  0.61000001430511475        1135837990667485.8        1.3169634302652280        11.670859999999999     
  0.62000000476837158        1157124500479804.0        1.3268025234805834        11.645009999999999     
  0.62999999523162842        1178190304064792.5        1.3362219981008410        11.619280000000000     
  0.63999998569488525        1199455551005909.5        1.3454098226005684        11.593240000000000     
  0.64999997615814209        1220717115550338.0        1.3542672206320840        11.567209999999999     
  0.65999996662139893        1242208414133332.8        1.3628136454910098        11.541180000000001     
  0.66999995708465576        1264043838626217.0        1.3711882288565667        11.514760000000001     
  0.68000000715255737        1285600945201644.8        1.3789541468109150        11.489390000000000     
  0.68999999761581421        1307046629580498.0        1.3862649293657328        11.464680000000000     
  0.69999998807907104        1328891557032578.5        1.3933156873256465        11.440020000000001     
  0.70999997854232788        1351015396337064.8        1.4000715025591066        11.415540000000000     
  0.71999996900558472        1372663612533785.2        1.4064269501783888        11.391690000000001     
  0.72999995946884155        1395044269310547.0        1.4126760027502001        11.367380000000001     
  0.74000000953674316        1417087333461866.2        1.4185972468845400        11.343510000000000     
  0.75000000000000000        1438994980444641.0        1.4242400210037167        11.319929999999999     
  0.75999999046325684        1461244021236536.2        1.4297097957901581        11.296239999999999     
  0.76999998092651367        1483670411004429.2        1.4349741253612533        11.272600000000001     
  0.77999997138977051        1506075894262090.8        1.4400506083813112        11.248960000000000     
  0.78999996185302734        1528673931230463.2        1.4449182788198405        11.225460000000000     
  0.79999995231628418        1551122771739457.2        1.4496105020933392        11.201969999999999     
  0.81000000238418579        1574064697043739.5        1.4541612694114243        11.178340000000000     
  0.81999999284744263        1596908385507332.0        1.4585104096035011        11.154920000000001     
  0.82999998331069946        1619374687703848.8        1.4626258752482726        11.131940000000000     
  0.83999997377395630        1642123227788489.8        1.4666489625061234        11.108650000000001     
  0.84999996423721313        1665547547058965.2        1.4705178046452416        11.085419999999999     
  0.85999995470046997        1688192267314389.0        1.4741483612178121        11.062810000000001     
  0.87000000476837158        1711776117512369.5        1.4777565575556646        11.039490000000001     
  0.87999999523162842        1734747026842199.8        1.4811497022350801        11.016740000000000     
  0.88999998569488525        1757666738979361.2        1.4843852012955370        10.994240000000000     
  0.89999997615814209        1780992821409146.8        1.4875359112182331        10.971500000000001     
  0.90999996662139893        1805205411144940.5        1.4906061597212519        10.948499999999999     
  0.91999995708465576        1828017264695225.8        1.4934328029355983        10.926500000000001     
  0.93000000715255737        1852068185337695.2        1.4962382596178023        10.903840000000001     
  0.93999999761581421        1875291160660203.0        1.4988422654750357        10.881980000000000     
  0.94999998807907104        1899273778783450.5        1.5014018321481968        10.859660000000000     
  0.95999997854232788        1923054577810770.5        1.5037861293961643        10.838039999999999     
  0.96999996900558472        1947169881001793.5        1.5060264326665498        10.816920000000000     
  0.97999995946884155        1971464552547643.5        1.5081516863537643        10.796049999999999     
  0.98999994993209839        1995394072886382.8        1.5101594773896572        10.775510000000001     
   1.0000000000000000        2018637123210192.2        1.5119943314335835        10.755950000000000     
   1.0099999904632568        2043531787842287.0        1.5138296826943907        10.735540000000000     
   1.0199999809265137        2067417475781734.2        1.5155178435268917        10.715900000000000     
   1.0299999713897705        2091289859578306.8        1.5171182557457012        10.696429999999999     
   1.0399999618530273        2116578897017040.8        1.5186928652370759        10.676360000000001     
   1.0499999523162842        2140220121331167.5        1.5201092404777048        10.657410000000000     
   1.0599999427795410        2165037099271834.0        1.5214987463737426        10.637890000000001     
   1.0699999332427979        2189727212707232.8        1.5227538001792162        10.619350000000001     
   1.0799999237060547        2215100113760872.5        1.5239474719113437        10.600759999999999     
   1.0900000333786011        2238971784835505.2        1.5250263019749120        10.583010000000000     
   1.1000000238418579        2263654771051506.5        1.5260577103014881        10.565070000000000     
   1.1100000143051147        2288267197795477.0        1.5270293389557887        10.547150000000000     
   1.1200000047683716        2313613965711327.5        1.5279586593064931        10.528910000000000     
   1.1299999952316284        2338686335680390.0        1.5288113813775281        10.511039999999999     
   1.1399999856948853        2363539424866002.0        1.5295879550427181        10.493630000000000     
   1.1499999761581421        2389547361167922.5        1.5303540136831142        10.475170000000000     
   1.1599999666213989        2414387383784640.0        1.5310114144920204        10.458080000000001     
   1.1699999570846558        2438941842477514.0        1.5316014472702626        10.441500000000000     
   1.1799999475479126        2465110141215868.5        1.5321514786070189        10.424700000000000     
   1.1899999380111694        2491073176035587.5        1.5326358424126387        10.408480000000001     
   1.1999999284744263        2515691304555075.5        1.5330593680600380        10.392840000000000     
