288.403 10.273 1.545 5.840e+01 4.724e-02 8.318e-01 2.220e-01
273.653 10.331 1.543 6.234e+01 4.866e-02 8.058e-01 2.204e-01
259.657 10.389 1.540 6.666e+01 5.012e-02 7.805e-01 2.188e-01
246.377 10.446 1.536 7.143e+01 5.164e-02 7.552e-01 2.171e-01
233.776 10.502 1.532 7.668e+01 5.324e-02 7.297e-01 2.153e-01
221.820 10.557 1.527 8.247e+01 5.490e-02 7.042e-01 2.135e-01
210.475 10.612 1.522 8.885e+01 5.659e-02 6.797e-01 2.116e-01
199.710 10.665 1.516 9.589e+01 5.838e-02 6.544e-01 2.097e-01
189.496 10.718 1.509 1.036e+02 6.021e-02 6.302e-01 2.078e-01
179.804 10.769 1.502 1.122e+02 6.211e-02 6.057e-01 2.058e-01
170.608 10.820 1.494 1.215e+02 6.405e-02 5.824e-01 2.038e-01
161.883 10.869 1.485 1.319e+02 6.606e-02 5.588e-01 2.017e-01
153.603 10.917 1.476 1.434e+02 6.813e-02 5.358e-01 1.996e-01
145.747 10.964 1.467 1.560e+02 7.026e-02 5.133e-01 1.975e-01
138.293 11.009 1.457 1.701e+02 7.247e-02 4.907e-01 1.953e-01
131.220 11.053 1.446 1.857e+02 7.474e-02 4.687e-01 1.931e-01
124.509 11.095 1.435 2.030e+02 7.710e-02 4.465e-01 1.908e-01
118.141 11.137 1.423 2.223e+02 7.948e-02 4.259e-01 1.886e-01
112.099 11.176 1.410 2.439e+02 8.199e-02 4.042e-01 1.863e-01
106.365 11.215 1.397 2.679e+02 8.453e-02 3.840e-01 1.839e-01
100.925 11.252 1.384 2.947e+02 8.716e-02 3.636e-01 1.815e-01
95.763 11.287 1.370 3.246e+02 8.987e-02 3.432e-01 1.792e-01
90.866 11.321 1.356 3.578e+02 9.263e-02 3.236e-01 1.768e-01
86.218 11.354 1.341 3.948e+02 9.542e-02 3.048e-01 1.744e-01
81.809 11.384 1.326 4.359e+02 9.833e-02 2.853e-01 1.720e-01
77.625 11.413 1.311 4.818e+02 1.013e-01 2.667e-01 1.696e-01
73.655 11.441 1.296 5.329e+02 1.042e-01 2.491e-01 1.671e-01
69.888 11.466 1.280 5.899e+02 1.073e-01 2.309e-01 1.647e-01
66.313 11.490 1.263 6.536e+02 1.104e-01 2.138e-01 1.623e-01
62.922 11.512 1.247 7.248e+02 1.136e-01 1.970e-01 1.599e-01
59.704 11.532 1.230 8.045e+02 1.168e-01 1.807e-01 1.575e-01
56.650 11.550 1.213 8.937e+02 1.200e-01 1.647e-01 1.550e-01
53.753 11.566 1.196 9.938e+02 1.234e-01 1.492e-01 1.526e-01
51.004 11.580 1.178 1.106e+03 1.267e-01 1.343e-01 1.502e-01
48.395 11.592 1.160 1.233e+03 1.301e-01 1.199e-01 1.477e-01
45.920 11.601 1.142 1.375e+03 1.336e-01 1.054e-01 1.453e-01
43.571 11.609 1.124 1.536e+03 1.370e-01 9.228e-02 1.429e-01
41.343 11.614 1.105 1.717e+03 1.405e-01 7.904e-02 1.404e-01
39.228 11.617 1.086 1.922e+03 1.441e-01 6.636e-02 1.380e-01
37.222 11.618 1.067 2.151e+03 1.477e-01 5.423e-02 1.356e-01
35.318 11.617 1.048 2.408e+03 1.512e-01 4.280e-02 1.332e-01
33.512 11.614 1.029 2.695e+03 1.547e-01 3.228e-02 1.308e-01
31.798 11.609 1.010 3.018e+03 1.582e-01 2.286e-02 1.284e-01
30.172 11.600 0.991 3.381e+03 1.617e-01 1.347e-02 1.261e-01
28.629 11.588 0.972 3.792e+03 1.651e-01 5.088e-03 1.238e-01
27.164 11.573 0.952 4.260e+03 1.685e-01 -1.962e-03 1.214e-01
25.775 11.555 0.932 4.796e+03 1.717e-01 -7.288e-03 1.190e-01
24.457 11.532 0.911 5.418e+03 1.749e-01 -1.174e-02 1.166e-01
23.206 11.504 0.889 6.150e+03 1.781e-01 -1.481e-02 1.141e-01
22.019 11.471 0.866 7.025e+03 1.812e-01 -1.599e-02 1.115e-01
20.893 11.431 0.842 8.092e+03 1.844e-01 -1.621e-02 1.087e-01
19.824 11.387 0.816 9.410e+03 1.874e-01 -1.390e-02 1.058e-01
18.810 11.339 0.791 1.100e+04 1.904e-01 -1.121e-02 1.029e-01
17.848 11.289 0.765 1.289e+04 1.934e-01 -8.209e-03 1.000e-01
16.936 11.239 0.740 1.511e+04 1.962e-01 -3.941e-03 9.715e-02
16.069 11.188 0.715 1.774e+04 1.988e-01 9.008e-04 9.433e-02
15.248 11.136 0.691 2.085e+04 2.013e-01 6.305e-03 9.157e-02
14.468 11.083 0.667 2.453e+04 2.037e-01 1.222e-02 8.885e-02
13.728 11.029 0.644 2.889e+04 2.059e-01 1.859e-02 8.618e-02
13.026 10.975 0.621 3.405e+04 2.079e-01 2.598e-02 8.355e-02
12.359 10.920 0.599 4.018e+04 2.098e-01 3.377e-02 8.098e-02
11.727 10.865 0.577 4.746e+04 2.115e-01 4.250e-02 7.845e-02
11.128 10.810 0.556 5.612e+04 2.130e-01 5.211e-02 7.597e-02
10.558 10.754 0.536 6.641e+04 2.143e-01 6.193e-02 7.354e-02
10.018 10.699 0.516 7.867e+04 2.153e-01 7.313e-02 7.116e-02
9.506 10.643 0.496 9.327e+04 2.162e-01 8.448e-02 6.884e-02
9.020 10.587 0.477 1.107e+05 2.170e-01 9.652e-02 6.656e-02
8.559 10.532 0.459 1.315e+05 2.174e-01 1.098e-01 6.433e-02
8.121 10.476 0.441 1.563e+05 2.177e-01 1.230e-01 6.217e-02
7.705 10.422 0.424 1.860e+05 2.177e-01 1.378e-01 6.004e-02
7.311 10.367 0.407 2.215e+05 2.175e-01 1.526e-01 5.797e-02
6.937 10.314 0.391 2.640e+05 2.171e-01 1.689e-01 5.595e-02
6.583 10.261 0.375 3.149e+05 2.164e-01 1.856e-01 5.398e-02
6.246 10.209 0.360 3.759e+05 2.155e-01 2.030e-01 5.206e-02
5.927 10.157 0.345 4.491e+05 2.145e-01 2.207e-01 5.019e-02
5.623 10.107 0.331 5.370e+05 2.133e-01 2.396e-01 4.837e-02
5.336 10.058 0.318 6.426e+05 2.118e-01 2.591e-01 4.660e-02
5.063 10.011 0.304 7.695e+05 2.100e-01 2.796e-01 4.487e-02
4.804 9.965 0.292 9.220e+05 2.081e-01 3.006e-01 4.320e-02
4.558 9.921 0.279 1.106e+06 2.060e-01 3.223e-01 4.158e-02
4.325 9.878 0.268 1.327e+06 2.038e-01 3.444e-01 4.000e-02
4.104 9.837 0.256 1.593e+06 2.014e-01 3.671e-01 3.847e-02
3.894 9.798 0.246 1.915e+06 1.988e-01 3.903e-01 3.698e-02
3.695 9.762 0.235 2.304e+06 1.960e-01 4.144e-01 3.554e-02
3.506 9.727 0.225 2.773e+06 1.932e-01 4.382e-01 3.415e-02
3.327 9.696 0.215 3.340e+06 1.902e-01 4.630e-01 3.280e-02
3.156 9.667 0.206 4.025e+06 1.872e-01 4.877e-01 3.150e-02
2.995 9.641 0.198 4.854e+06 1.840e-01 5.126e-01 3.024e-02
2.842 9.618 0.189 5.858e+06 1.809e-01 5.375e-01 2.902e-02
2.696 9.598 0.181 7.074e+06 1.777e-01 5.623e-01 2.785e-02
2.559 9.582 0.173 8.550e+06 1.745e-01 5.871e-01 2.671e-02
2.428 9.569 0.166 1.034e+07 1.714e-01 6.113e-01 2.562e-02
2.304 9.561 0.159 1.251e+07 1.682e-01 6.355e-01 2.457e-02
2.186 9.556 0.153 1.516e+07 1.652e-01 6.586e-01 2.356e-02
2.074 9.556 0.146 1.837e+07 1.622e-01 6.812e-01 2.259e-02
1.968 9.560 0.140 2.228e+07 1.594e-01 7.025e-01 2.166e-02
1.867 9.569 0.135 2.704e+07 1.568e-01 7.228e-01 2.077e-02
1.772 9.582 0.129 3.284e+07 1.544e-01 7.413e-01 1.992e-02
1.681 9.601 0.124 3.991e+07 1.523e-01 7.585e-01 1.910e-02
1.595 9.626 0.119 4.853e+07 1.503e-01 7.740e-01 1.832e-02
1.514 9.655 0.115 5.903e+07 1.487e-01 7.870e-01 1.758e-02
1.436 9.691 0.111 7.182e+07 1.474e-01 7.981e-01 1.688e-02
1.363 9.733 0.107 8.738e+07 1.465e-01 8.067e-01 1.621e-02
1.293 9.780 0.103 1.063e+08 1.460e-01 8.125e-01 1.557e-02
1.227 9.834 0.100 1.292e+08 1.458e-01 8.156e-01 1.497e-02
1.164 9.894 0.097 1.569e+08 1.462e-01 8.157e-01 1.441e-02
1.105 9.961 0.094 1.903e+08 1.470e-01 8.129e-01 1.388e-02
1.048 10.033 0.091 2.304e+08 1.483e-01 8.066e-01 1.338e-02
0.994 10.112 0.088 2.783e+08 1.501e-01 7.972e-01 1.292e-02
0.944 10.198 0.086 3.351e+08 1.524e-01 7.847e-01 1.248e-02
0.895 10.289 0.084 4.019e+08 1.552e-01 7.688e-01 1.208e-02
