        0.010000     251.101960
        0.020000     253.361608
        0.030000     255.293289
        0.040000     256.395738
        0.050000     256.579913
        0.060000     255.870951
        0.070000     254.328250
        0.080000     252.016549
        0.090000     248.997149
        0.100000     245.320108
        0.110000     241.032166
        0.120000     236.281430
        0.130000     231.118452
        0.140000     225.501342
        0.150000     219.439849
        0.160000     212.945715
        0.170000     206.035737
        0.180000     198.728551
        0.190000     191.045476
        0.200000     183.005340
        0.210000     174.630393
        0.220000     165.940846
        0.230000     156.961146
        0.240000     147.716257
        0.250000     138.230061
        0.260000     128.520209
        0.270000     118.617233
        0.280000     108.537132
        0.290000      98.307887
        0.300000      87.950799
        0.310000      77.480691
        0.320000      66.915342
        0.330000      57.207250
        0.340000      49.576252
        0.350000      42.563903
        0.360000      35.929232
        0.370000      29.575271
        0.380000      23.458018
        0.390000      18.623206
        0.400000      15.511351
        0.410000      12.741479
        0.420000      10.187312
        0.430000       7.804659
        0.440000       5.566271
        0.450000       3.453940
        0.460000       1.461724
        0.470000      -0.384797
        0.480000      -1.815513
        0.490000      -3.059893
        0.500000      -4.192638
        0.510000      -5.239414
        0.520000      -6.216735
        0.530000      -7.131799
        0.540000      -7.995095
        0.550000      -8.806043
        0.560000      -9.572152
        0.570000     -10.297875
        0.580000     -10.981396
        0.590000     -11.628350
        0.600000     -12.238947
        0.610000     -12.819341
        0.620000     -13.366338
        0.630000     -13.879547
        0.640000     -14.366383
        0.650000     -14.823537
        0.660000     -15.253316
        0.670000     -15.653065
        0.680000     -16.034928
        0.690000     -16.384476
        0.700000     -16.717495
        0.710000     -17.025619
        0.720000     -17.309431
        0.730000     -17.573288
        0.740000     -17.819099
        0.750000     -18.041432
        0.760000     -18.249336
        0.770000     -18.435762
        0.780000     -18.605044
        0.790000     -18.758431
        0.800000     -18.892244
        0.810000     -19.010115
        0.820000     -19.115339
        0.830000     -19.204526
        0.840000     -19.274417
        0.850000     -19.336540
        0.860000     -19.377484
        0.870000     -19.407765
        0.880000     -19.418661
        0.890000     -19.416297
        0.900000     -19.407358
        0.910000     -19.388739
        0.920000     -19.362200
        0.930000     -19.325396
        0.940000     -19.279600
        0.950000     -19.226177
        0.960000     -19.157071
        0.970000     -19.092664
        0.980000     -19.013699
        0.990000     -18.923805
        1.000000     -18.838179
        1.010000     -18.731106
        1.020000     -18.630481
        1.030000     -18.511215
        1.040000     -18.399242
        1.050000     -18.267422
        1.060000     -18.135743
        1.070000     -18.005605
        1.080000     -17.862965
        1.090000     -17.714150
        1.100000     -17.564198
        1.110000     -17.405228
        1.120000     -17.240384
        1.130000     -17.074837
        1.140000     -16.905102
        1.150000     -16.724362
        1.160000     -16.548103
        1.170000     -16.360166
        1.180000     -16.206329
        1.190000     -16.160012
        1.200000     -16.165805
        1.210000     -16.189200
        1.220000     -16.243267
        1.230000     -16.299097
        1.240000     -16.376619
        1.250000     -16.456577
        1.260000     -16.550719
        1.270000     -16.649211
        1.280000     -16.748237
        1.290000     -16.862544
        1.300000     -16.976791
        1.310000     -17.103032
        1.320000     -17.216831
        1.330000     -17.344229
        1.340000     -17.483864
        1.350000     -17.608383
        1.360000     -17.742893
        1.370000     -17.889703
        1.380000     -18.031039
        1.390000     -18.169227
        1.400000     -18.321455
