        9.418850       0.011437       0.011749
       18.859025       0.028950       0.029561
       28.313492       0.066177       0.067075
       37.783288       0.141845       0.143010
       47.269006       0.267473       0.268909
       56.770832       0.443496       0.445197
       66.290137       0.661017       0.662966
       75.827470       0.906473       0.908672
       85.381462       1.166487       1.168743
       94.954702       1.431705       1.434414
      104.547749       1.698306       1.701270
      114.161785       1.963032       1.966217
      123.798760       2.232645       2.236078
      133.459948       2.522245       2.526621
      143.148347       2.847300       2.851240
      152.866681       3.224800       3.228971
      162.620831       3.672760       3.677168
      172.414877       4.209472       4.214087
      182.249636       4.852707       4.857639
      192.132737       5.620409       5.625577
      202.068279       6.529408       6.534832
      212.063857       7.596041       7.601708
      222.122920       8.835024       8.840878
      232.247566      10.259601      10.265709
      242.444243      11.882282      11.888689
      252.724062      13.715306      13.721928
      263.084457      15.766949      15.772676
      273.537472      18.047243      18.054279
      284.082007      20.561982      20.569235
      294.720995      23.316538      23.324273
      305.465964      26.317607      26.325513
      316.322709      29.569388      29.577477
      327.284602      32.825131      32.830799
      338.344745      35.730195      35.740777
      349.492778      38.648403      38.659706
      360.726733      41.636960      41.643549
      372.048512      44.716192      44.728211
      383.456014      47.896653      47.902246
      394.950073      51.009880      51.021458
      406.518860      53.983357      53.989737
      418.168907      57.029352      57.038901
      429.890252      60.166601      60.184529
      441.692822      63.405211      63.416393
      453.564957      66.743330      66.752584
      465.514920      70.184955      70.205012
      477.546608      73.734463      73.750455
      489.645030      77.380681      77.394383
      501.848266      81.086495      81.104336
      514.102043      84.882496      84.897105
      526.436712      88.785452      88.799819
      538.849509      92.799102      92.809588
      551.370452      96.928111      96.940654
      563.950398     101.170962     101.182640
      576.615302     105.523809     105.549929
      589.348238     109.991789     110.021491
      602.168997     114.579667     114.601556
      615.086507     119.282205     119.316396
      628.081778     124.102566     124.118875
      641.149013     129.033347     129.048015
      654.305469     134.087649     134.090590
      667.549749     139.247282     139.273327
      680.894911     144.528271     144.550260
      694.287315     149.915181     149.941001
      707.801126     155.422314     155.463827
      721.399627     161.044556     161.069743
      735.071159     166.776643     166.801214
      748.807191     172.620274     172.639431
      762.706807     178.587759     178.613463
      776.601160     184.644066     184.663973
      790.656165     190.829775     190.842319
      804.768875     197.118899     197.152315
      818.988531     203.522231     203.565510
      833.254430     210.031778     210.045554
      847.674185     216.662163     216.678222
      862.103669     223.372325     223.400261
      876.688608     230.217153     230.275790
      891.322923     237.157916     237.185635
      906.118023     244.230812     244.259148
      920.956901     251.397312     251.429462
      935.846020     258.653350     258.678570
      950.859144     266.034175     266.088797
      965.979148     273.518698     273.566291
      981.203699     281.113765     281.167538
      996.481556     288.822626     288.828922
     1011.878554     296.632069     296.628470
     1027.335788     304.528935     304.595168
     1042.915761     312.562265     312.554935
     1058.558435     320.675889     320.734359
     1074.332443     328.933007     328.923912
     1090.184679     337.266220     337.270551
     1106.146726     345.704214     345.763684
     1122.178338     354.252886     354.267745
     1138.310900     362.897976     362.928161
     1154.505696     371.632021     371.694956
     1170.857748     380.505263     380.516791
     1187.267370     389.469659     389.463929
     1203.767080     398.512549     398.587945
     1220.360344     407.685141     407.715392
     1237.086873     416.964712     417.010822
     1253.822865     426.290627     426.371453
     1270.699719     435.779093     435.787955
     1287.664929     445.326363     445.433942
     1304.750612     455.026156     454.996371
     1321.904660     464.776058     464.865846
     1339.181846     474.678183     474.681914
     1356.524333     484.651372     484.646908
     1373.934653     494.688430     494.790078
     1391.504092     504.892570     504.865883
     1409.083127     515.135124     515.198725
     1426.884184     525.539896     525.561219
     1444.621139     535.982216     536.014967
     1462.650881     546.602847     546.644193
     1480.580406     557.237171     557.277051
     1498.675715     568.008693     568.102046
     1516.891097     578.890892     578.927340
     1535.185505     589.844789     589.984652
     1553.587860     600.939015     600.978195
     1572.055248     612.019248     612.155379
     1590.711475     623.025518     623.073561
     1609.256558     633.939968     633.946831
     1628.139604     644.994747     645.009207
     1646.969744     656.028271     656.095104
     1665.942345     667.157746     667.177536
     1684.860573     678.275893     678.373644
     1704.036273     689.557825     689.545764
     1723.255017     700.871341     700.883135
     1742.582240     712.279409     712.296934
     1761.901334     723.727125     723.792892
     1781.431255     735.258664     735.433776
     1801.123762     746.997167     747.002764
     1820.632760     758.634787     758.662972
     1840.339526     770.420199     770.421332
     1860.330415     782.340477     782.381789
     1880.176578     794.249960     794.313928
     1900.189990     806.311700     806.335754
     1920.409298     818.509105     818.450668
     1940.593823     830.693583     830.668729
     1960.744500     842.915576     842.998201
     1981.213949     855.343466     855.286628
     2001.651814     867.805538     867.814067
