   9.9999997764825821E-003   16790984624809.703        8.0398398146558248E-002   41.526769999999999     
   1.9999999552965164E-002   33619984798497.324        6.6745866348865229E-002   37.220340000000000     
   2.9999999329447746E-002   50474462925482.812        5.3946334656830221E-002   29.706060000000001     
   3.9999999105930328E-002   67356269484344.031        5.6195340109387516E-002   20.459740000000000     
   4.9999997019767761E-002   84266458709616.781        7.7292490811144948E-002   16.003240000000002     
   5.9999998658895493E-002   101205364689710.30       0.10785352281760201        14.379690000000000     
   7.0000000298023224E-002   118175429982105.48       0.14172441929110366        13.762330000000000     
   7.9999998211860657E-002   135177634579469.41       0.17479613093161406        13.507700000000000     
   8.9999996125698090E-002   152209535924321.22       0.20466965534915149        13.388130000000000     
   9.9999994039535522E-002   169275751860895.25       0.23048354656680584        13.318360000000000     
  0.10999999940395355        186377277230232.38       0.25243650245434551        13.265770000000000     
  0.11999999731779099        203516220501404.22       0.27090682334655819        13.218520000000000     
  0.12999999523162842        220696056193866.88       0.28692802717497279        13.170949999999999     
  0.14000000059604645        237919056108803.12       0.30176792879075803        13.119230000000000     
  0.14999999105930328        255190565660760.88       0.31641882272607091        13.060980000000001     
  0.15999999642372131        272515440267954.28       0.33175777535039580        12.994630000000001     
  0.17000000178813934        289904162882246.62       0.34861077531877016        12.919810000000000     
  0.17999999225139618        307364009206772.44       0.36778234238949525        12.837850000000000     
  0.18999999761581421        324896434382158.62       0.39004475191044286        12.752020000000000     
  0.19999998807907104        342515039518754.62       0.41613840486837123        12.667080000000000     
  0.20999999344348907        360227130016442.44       0.44667761604403183        12.588509999999999     
  0.21999999880790710        378046247592076.56       0.48211922917776395        12.521400000000000     
  0.22999998927116394        395978539472386.94       0.52268851153395801        12.469530000000001     
  0.23999999463558197        414027747447557.12       0.56837491348347247        12.434860000000000     
  0.25000000000000000        432205364158864.88       0.61897154601522442        12.417500000000000     
  0.25999999046325684        450531197336884.56       0.67411931588338603        12.416110000000000     
  0.26999998092651367        469000673682503.06       0.73323678750162025        12.428369999999999     
  0.28000000119209290        487635263944154.19       0.79573469497227656        12.451499999999999     
  0.28999999165534973        506433008136503.81       0.86088383858339579        12.482600000000000     
  0.29999998211860657        525399132887109.50       0.92796304477047797        12.518950000000000     
  0.31000000238418579        544554188345233.19       0.99632103396187932        12.558180000000000     
  0.31999999284744263        563908508979000.50        1.0653003591251886        12.598280000000001     
  0.32999998331069946        583450275482911.25        1.1292981902505683        12.634650000000001     
  0.34000000357627869        603167193403505.38        1.1819000397171255        12.662739999999999     
  0.34999999403953552        623040791363845.62        1.2304127602035235        12.686030000000001     
  0.35999998450279236        643067565147728.38        1.2760215088538747        12.704920000000000     
  0.37000000476837158        663250900184367.12        1.3191837187390680        12.719609999999999     
  0.37999999523162842        683587054683578.38        1.3601610948787162        12.730320000000001     
  0.38999998569488525        704077513482736.75        1.3970447720670098        12.736910000000000     
  0.39999997615814209        724701191891125.75        1.4294348849468430        12.739920000000000     
  0.40999999642372131        745469731033760.62        1.4599498219902427        12.739940000000001     
  0.41999998688697815        766365372255643.38        1.4888826108230249        12.737140000000000     
  0.42999997735023499        787405814818277.25        1.5164080327263976        12.731669999999999     
  0.43999999761581421        808570270998420.38        1.5425830124773272        12.723720000000000     
  0.44999998807907104        829873470382826.88        1.5675069248335263        12.713450000000000     
  0.45999997854232788        851322362010409.00        1.5912701153635103        12.701020000000000     
  0.46999999880790710        872890218808427.38        1.6138574537325507        12.686660000000000     
  0.47999998927116394        894644927541639.50        1.6351146493913562        12.670680000000001     
  0.48999997973442078        916489736206729.75        1.6552898301290899        12.653130000000001     
  0.50000000000000000        938478752277621.25        1.6745237581659900        12.634069999999999     
  0.50999999046325684        960607046094231.00        1.6928752553023398        12.613590000000000     
  0.51999998092651367        982928131195531.75        1.7104004410194844        12.591790000000000     
  0.52999997138977051        1005354402176434.6        1.7271263611317786        12.568780000000000     
  0.53999996185302734        1027932126569525.9        1.7430730967427650        12.544700000000001     
  0.55000001192092896        1050631132479357.4        1.7582921579850093        12.519610000000000     
  0.56000000238418579        1073486699641944.9        1.7728286834402698        12.493580000000000     
  0.56999999284744263        1096514745513942.2        1.7866927934909393        12.466730000000000     
  0.57999998331069946        1119681415803212.8        1.7999201743486601        12.439130000000000     
  0.58999997377395630        1142976376041631.2        1.8125175924008377        12.410880000000001     
  0.59999996423721313        1166430392059594.2        1.8245430296433525        12.381990000000000     
  0.61000001430511475        1190040969330313.8        1.8359770758421468        12.352630000000000     
  0.62000000476837158        1213831390103819.5        1.8468779224770149        12.322760000000001     
  0.62999999523162842        1237706030853201.0        1.8572364051323369        12.292540000000001     
  0.63999998569488525        1261797101498274.2        1.8671016233740168        12.261930000000000     
  0.64999997615814209        1286039150407575.8        1.8764827566778359        12.231009999999999     
  0.65999996662139893        1310411389857864.0        1.8853911027583599        12.199850000000000     
  0.66999995708465576        1334898615114425.5        1.8938493714484292        12.168490000000000     
  0.68000000715255737        1359677462431317.8        1.9018914394815711        12.136900000000001     
  0.68999999761581421        1384446925576004.0        1.9094886054934241        12.105300000000000     
  0.69999998807907104        1409502784153463.2        1.9167094465297290        12.073499999999999     
  0.70999997854232788        1434661512264220.5        1.9235378729203900        12.041670000000000     
  0.71999996900558472        1460010893493850.0        1.9300015851096932        12.009790000000001     
  0.72999995946884155        1485442712894505.5        1.9361076285734911        11.977910000000000     
  0.74000000953674316        1511148811454959.2        1.9418833365680066        11.945990000000000     
  0.75000000000000000        1536872252915945.8        1.9473079082518998        11.914249999999999     
  0.75999999046325684        1562872824424489.5        1.9524392866078382        11.882440000000001     
  0.76999998092651367        1588961417092586.8        1.9572598536977668        11.850759999999999     
  0.77999997138977051        1615336642767437.5        1.9618060236919992        11.819060000000000     
  0.78999996185302734        1641789911494686.0        1.9660638799215873        11.787530000000000     
  0.79999995231628418        1668332745612358.2        1.9700446946887609        11.756190000000000     
  0.81000000238418579        1695096642318329.8        1.9737786557465593        11.724919999999999     
  0.81999999284744263        1722051073356183.8        1.9772643553596236        11.693800000000000     
  0.82999998331069946        1749191881181271.8        1.9805145907946919        11.662810000000000     
  0.83999997377395630        1776427718598320.8        1.9835399164180527        11.631970000000001     
  0.84999996423721313        1803875947153403.2        1.9863444579643406        11.601310000000000     
  0.85999995470046997        1831431559147401.8        1.9889331272681470        11.570910000000000     
  0.87000000476837158        1859205976776890.8        1.9913299426674738        11.540570000000001     
  0.87999999523162842        1887092172963924.5        1.9935260729425768        11.510520000000000     
  0.88999998569488525        1915212498308152.5        1.9955459643048150        11.480530000000000     
  0.89999997615814209        1943472279578583.2        1.9973802843798611        11.450850000000001     
  0.90999996662139893        1971927821808454.5        1.9990432615650675        11.421370000000000     
  0.91999995708465576        2000507377655834.8        2.0005426783749543        11.392080000000000     
  0.93000000715255737        2029266895792991.5        2.0018827600165281        11.363040000000000     
  0.93999999761581421        2058137360978763.5        2.0030692461552948        11.334260000000000     
  0.94999998807907104        2087288163460820.8        2.0041144714286947        11.305590000000000     
  0.95999997854232788        2116541597902196.0        2.0050180431019418        11.277180000000000     
  0.96999996900558472        2145955632353985.5        2.0057851725148379        11.249070000000000     
  0.97999995946884155        2175536443739667.0        2.0064254814065290        11.221100000000000     
  0.98999994993209839        2205354829105251.5        2.0069419729325597        11.193350000000001     
   1.0000000000000000        2235190082223409.5        2.0073371698714455        11.165990000000001     
   1.0099999904632568        2265276451038324.5        2.0076207100744949        11.138680000000001     
   1.0199999809265137        2295520331401915.5        2.0077938020768191        11.111720000000000     
   1.0299999713897705        2325978978643338.5        2.0078623582569337        11.084849999999999     
   1.0399999618530273        2356559501336452.0        2.0078299357454248        11.058350000000001     
   1.0499999523162842        2387359542386996.0        2.0077002238760149        11.031950000000000     
   1.0599999427795410        2418275994687692.0        2.0074779827681151        11.005850000000001     
   1.0699999332427979        2449313372144159.0        2.0071679642404647        10.980070000000000     
   1.0799999237060547        2480634412932629.5        2.0067701610605622        10.954350000000000     
   1.0900000333786011        2511972559047654.0        2.0062930362268445        10.929010000000000     
   1.1000000238418579        2543706503413196.5        2.0057341467920158        10.903750000000000     
   1.1100000143051147        2575326174694405.5        2.0051033531294973        10.878860000000000     
   1.1200000047683716        2607467796009461.5        2.0043951467930134        10.854010000000001     
   1.1299999952316284        2639430761691630.0        2.0036234587422754        10.829580000000000     
   1.1399999856948853        2671689269404798.5        2.0027826305558070        10.805289999999999     
   1.1499999761581421        2704161831273859.5        2.0018770785424840        10.781190000000000     
   1.1599999666213989        2736775274513003.0        2.0009127843029120        10.757360000000000     
   1.1699999570846558        2769581152675867.5        1.9998861122013525        10.733670000000000     
   1.1799999475479126        2802502966940925.0        1.9988142440905003        10.710430000000001     
   1.1899999380111694        2835761423535504.5        1.9977067876757111        10.687749999999999     
   1.1999999284744263        2868821743430845.5        1.9965690861983809        10.665670000000000     
   1.2099999189376831        2902484550939220.5        1.9953791326898229        10.643689999999999     
   1.2200000286102295        2936053041577573.5        1.9941560220481291        10.622140000000000     
   1.2300000190734863        2969875498800443.5        1.9928886828352836        10.600790000000000     
   1.2400000095367432        3003601025839513.0        1.9915911676482758        10.579820000000000     
   1.2500000000000000        3037785545807754.5        1.9902445919163601        10.558909999999999     
   1.2599999904632568        3072046802171505.0        1.9888660816423567        10.538290000000000     
   1.2699999809265137        3106501443754896.5        1.9874495330824484        10.517860000000001     
   1.2799999713897705        3140941593325514.0        1.9860032533874001        10.497700000000000     
   1.2899999618530273        3175757584932338.0        1.9845232209739494        10.477729999999999     
   1.2999999523162842        3210863416794643.5        1.9829945434506131        10.457739999999999     
   1.3099999427795410        3245642109286622.5        1.9814587946613296        10.438250000000000     
   1.3199999332427979        3280773361564778.0        1.9798847828217085        10.418830000000000     
   1.3299999237060547        3316411121568086.0        1.9782752619937070        10.399509999999999     
   1.3399999141693115        3351790876229220.0        1.9766511399784945        10.380520000000001     
   1.3500000238418579        3387468786235132.0        1.9749913547026894        10.361590000000000     
   1.3600000143051147        3423513748039994.5        1.9732991557914230        10.342760000000000     
   1.3700000047683716        3459496703036102.0        1.9715963781028500        10.324249999999999     
   1.3799999952316284        3495419314241314.0        1.9698772188664411        10.305970000000000     
   1.3899999856948853        3531910202406454.0        1.9681189332587619        10.287680000000000     
   1.3999999761581421        3568344785538357.0        1.9663467242707096        10.269620000000000     
