        0.010000      -0.089953       3.257068       1.993158      -0.796996       0.000000
        0.020000      -0.086367       6.349351       3.905606      -1.527108       0.000000
        0.030000       0.266068       9.288847       5.742048      -2.191836       0.000000
        0.040000       1.001305      12.088476       7.509250      -2.796242       0.000000
        0.050000       1.978244      14.761454       9.214605      -3.346082       0.000000
        0.060000       2.968519      17.320604      10.865626      -3.846838       0.000000
        0.070000       3.742380      19.778126      12.469805      -4.303440       0.000000
        0.080000       4.125094      22.144533      14.033934      -4.720068       0.000000
        0.090000       4.018764      24.428372      15.563864      -5.100187       0.000000
        0.100000       3.398488      26.636955      17.064958      -5.446742       0.000000
        0.110000       2.293979      28.776461      18.542093      -5.762369       0.000000
        0.120000       0.802567      30.852848      19.999104      -6.040785       0.000000
        0.130000      -0.988852      32.870266      21.439499      -6.283419       0.000000
        0.140000      -3.019016      34.829774      22.865751      -6.497737       0.000000
        0.150000      -5.218132      36.733917      24.281036      -6.687081       0.000000
        0.160000      -7.522557      38.582569      25.686558      -6.853508       0.000000
        0.170000      -9.879130      40.377113      27.084614      -6.998929       0.000000
        0.180000     -12.243998      42.117801      28.476630      -7.124842       0.000000
        0.190000     -14.581456      43.804024      29.863197      -7.232515       0.000000
        0.200000     -16.865018      45.436398      31.245789      -7.323271       0.000000
        0.210000     -19.074217      47.014767      32.625114      -7.398241       0.000000
        0.220000     -21.194695      48.539620      34.002247      -7.458589       0.000000
        0.230000     -23.214919      50.010834      35.377491      -7.505292       0.000000
        0.240000     -25.126571      51.428215      36.750855      -7.539283       0.000000
        0.250000     -26.925294      52.792511      38.122956      -7.561512       0.000000
        0.260000     -28.610485      54.105171      39.494950      -7.573009       0.000000
        0.270000     -30.178736      55.366263      40.866188      -7.574475       0.000000
        0.280000     -31.632704      56.576916      42.237366      -7.566735       0.000000
        0.290000     -32.972130      57.738350      43.608356      -7.550521       0.000000
        0.300000     -34.198785      58.851448      44.978863      -7.526494       0.000000
        0.310000     -35.318146      59.918419      46.350018      -7.495400       0.000000
        0.320000     -36.334143      60.940907      47.722073      -7.457846       0.000000
        0.330000     -37.008047      61.912462      49.038361      -7.392851      -0.046544
        0.340000     -37.068550      62.831239      50.226417      -7.275483      -0.199794
        0.350000     -36.933339      63.717806      51.376796      -7.142709      -0.385273
        0.360000     -36.681914      64.576919      52.504797      -7.001350      -0.590294
        0.370000     -36.350576      65.409311      53.615125      -6.854255      -0.809765
        0.380000     -35.960992      66.219508      54.713187      -6.703524      -1.041027
        0.390000     -35.463053      66.988029      55.757996      -6.551737      -1.315943
        0.400000     -34.857319      67.711467      56.737497      -6.401518      -1.647000
        0.410000     -34.239427      68.413446      57.703121      -6.251770      -1.989556
        0.420000     -33.620160      69.095991      58.659501      -6.102794      -2.339568
        0.430000     -33.005431      69.763535      59.611322      -5.954788      -2.695829
        0.440000     -32.398130      70.414229      60.556860      -5.808018      -3.056763
        0.450000     -31.800314      71.048097      61.496734      -5.662594      -3.421919
        0.460000     -31.214192      71.669395      62.434418      -5.518874      -3.791399
        0.470000     -30.649471      72.275843      63.368026      -5.380326      -4.163242
        0.480000     -30.176915      72.879002      64.308415      -5.271129      -4.531643
        0.490000     -29.734072      73.471118      65.248172      -5.171393      -4.899765
        0.500000     -29.305764      74.050884      66.186800      -5.075330      -5.269252
        0.510000     -28.886641      74.619010      67.124349      -4.980943      -5.640464
        0.520000     -28.475988      75.176435      68.061532      -4.887289      -6.013453
        0.530000     -28.069006      75.721330      68.996499      -4.793692      -6.388567
        0.540000     -27.666651      76.253265      69.928332      -4.699877      -6.764709
        0.550000     -27.266890      76.774189      70.858715      -4.605716      -7.142501
        0.560000     -26.873881      77.284486      71.788657      -4.511104      -7.522844
        0.570000     -26.485721      77.783816      72.716460      -4.416375      -7.904884
        0.580000     -26.100955      78.274763      73.644283      -4.321488      -8.288968
        0.590000     -25.722360      78.752434      74.568482      -4.226067      -8.674026
        0.600000     -25.348738      79.220544      75.492482      -4.130827      -9.061824
        0.610000     -24.980641      79.676984      76.412462      -4.035480      -9.450157
        0.620000     -24.621638      80.127020      77.333803      -3.940498      -9.841195
        0.630000     -24.265523      80.564767      78.251044      -3.845544     -10.232554
        0.640000     -23.918381      80.994735      79.168275      -3.751177     -10.626315
        0.650000     -23.576341      81.416652      80.085160      -3.657274     -11.021369
        0.660000     -23.243137      81.829373      80.999758      -3.564395     -11.418262
        0.670000     -22.915162      82.231899      81.912247      -3.471891     -11.815869
        0.680000     -22.597449      82.629388      82.826359      -3.380579     -12.216101
        0.690000     -22.284172      83.016244      83.735309      -3.289859     -12.615521
        0.700000     -21.979768      83.397758      84.646397      -3.200639     -13.017994
        0.710000     -21.683416      83.768752      85.553936      -3.112374     -13.421005
        0.720000     -21.393420      84.135524      86.462227      -3.025399     -13.825134
        0.730000     -21.109827      84.493365      87.368525      -2.939664     -14.230815
        0.740000     -20.836056      84.845093      88.275517      -2.855347     -14.637775
        0.750000     -20.566736      85.188505      89.177191      -2.772376     -15.043688
        0.760000     -20.305837      85.525529      90.080739      -2.691078     -15.452651
        0.770000     -20.050871      85.858303      90.983508      -2.611193     -15.861768
        0.780000     -19.805304      86.185832      91.888334      -2.532845     -16.273035
        0.790000     -19.564840      86.505258      92.789649      -2.456070     -16.684689
        0.800000     -19.328899      86.817764      93.688084      -2.380628     -17.095355
        0.810000     -19.102012      87.125236      94.587430      -2.307140     -17.508486
        0.820000     -18.879934      87.428736      95.486885      -2.235140     -17.921855
        0.830000     -18.664824      87.727401      96.386214      -2.164839     -18.336072
        0.840000     -18.455685      88.021338      97.286060      -2.096181     -18.752041
        0.850000     -18.250651      88.309087      98.184009      -2.029070     -19.168027
        0.860000     -18.051390      88.588853      99.077976      -1.963479     -19.582235
        0.870000     -17.858723      88.869354      99.977648      -1.899538     -20.000258
        0.880000     -17.669197      89.141003     100.871619      -1.836864     -20.415766
        0.890000     -17.486399      89.412082     101.771522      -1.776102     -20.834714
        0.900000     -17.307311      89.676759     102.666712      -1.716857     -21.252350
        0.910000     -17.134596      89.936416     103.560984      -1.659376     -21.670502
        0.920000     -16.963853      90.194047     104.456530      -1.603679     -22.090664
        0.930000     -16.798111      90.444701     105.349757      -1.549389     -22.510077
        0.940000     -16.636435      90.692444     106.241100      -1.496801     -22.929857
        0.950000     -16.480240      90.939809     107.137334      -1.445873     -23.352405
        0.960000     -16.325952      91.180824     108.030960      -1.396428     -23.773677
        0.970000     -16.176783      91.415497     108.920022      -1.348368     -24.195380
        0.980000     -16.029467      91.650461     109.813211      -1.302050     -24.619098
        0.990000     -15.887123      91.882122     110.706428      -1.256886     -25.042409
        1.000000     -15.746062      92.107698     111.592932      -1.213350     -25.464600
        1.010000     -15.609191      92.333395     112.486455      -1.171088     -25.889538
        1.020000     -15.475376      92.551976     113.373202      -1.130099     -26.313205
        1.030000     -15.344972      92.772775     114.267879      -1.090527     -26.739267
        1.040000     -15.215760      92.983729     115.153251      -1.052167     -27.163692
        1.050000     -15.090608      93.199670     116.046831      -1.015114     -27.590773
        1.060000     -14.967268      93.408653     116.935677      -0.979199     -28.016822
        1.070000     -14.846272      93.612804     117.819551      -0.944471     -28.441925
        1.080000     -14.728770      93.820135     118.712353      -0.910962     -28.870539
        1.090000     -14.611193      94.017897     119.595986      -0.878475     -29.295733
        1.100000     -14.499063      94.220190     120.487732      -0.847131     -29.724743
        1.110000     -14.385053      94.413638     121.371416      -0.816692     -30.151171
        1.120000     -14.276785      94.610185     122.263551      -0.787425     -30.580303
        1.130000     -14.168597      94.800701     123.146899      -0.759052     -31.007499
        1.140000     -14.061877      94.988478     124.032340      -0.731681     -31.436462
        1.150000     -13.958444      95.177512     124.920939      -0.705205     -31.865170
        1.160000     -13.855544      95.361945     125.804832      -0.679732     -32.293761
        1.170000     -13.755446      95.546319     126.693921      -0.655042     -32.724223
        1.180000     -13.655337      95.725223     127.569595      -0.631079     -33.159220
        1.190000     -13.552265      95.903101     128.426148      -0.607690     -33.618997
        1.200000     -13.449193      96.073330     129.262633      -0.584969     -34.085380
        1.210000     -13.349554      96.248990     130.102601      -0.562962     -34.560565
        1.220000     -13.247907      96.415388     130.929514      -0.541735     -35.037334
        1.230000     -13.149145      96.585492     131.757774      -0.521211     -35.518223
        1.240000     -13.051185      96.747022     132.574105      -0.501413     -35.999309
        1.250000     -12.954879      96.914185     133.398084      -0.482350     -36.486111
        1.260000     -12.858884      97.077829     134.215016      -0.463882     -36.973524
        1.270000     -12.765065      97.237640     135.030949      -0.446098     -37.463101
        1.280000     -12.671725      97.392134     135.841049      -0.428955     -37.952288
        1.290000     -12.582094      97.552181     136.651681      -0.412359     -38.443747
        1.300000     -12.492978      97.711461     137.470474      -0.396468     -38.942713
        1.310000     -12.402060      97.865048     138.272871      -0.381097     -39.435593
        1.320000     -12.313868      98.015994     139.079450      -0.366286     -39.930389
        1.330000     -12.229930      98.172231     139.889874      -0.352024     -40.429054
        1.340000     -12.143217      98.323043     140.690809      -0.338346     -40.926213
        1.350000     -12.059418      98.472554     141.496173      -0.325044     -41.425808
        1.360000     -11.978334      98.624019     142.304924      -0.312366     -41.928972
        1.370000     -11.896852      98.774352     143.105327      -0.300107     -42.429819
        1.380000     -11.815345      98.915579     143.899590      -0.288289     -42.928489
        1.390000     -11.735180      99.065026     144.705100      -0.276940     -43.432317
        1.400000     -11.658059      99.208123     145.502945      -0.265946     -43.936620
