        0.066667       0.996712       0.003290       0.003290       0.000000       0.000000       0.000000       0.000000       0.000000       0.000000       0.000000       0.000000       0.000000       0.000000       0.000000
        0.133333       0.991493       0.008502       0.008502       0.000000       0.000000       0.000000       0.000000       0.000000       0.000000       0.000000       0.000000       0.000000       0.000000       0.000000
        0.200000       0.985893       0.014110       0.014110       0.000000       0.000000       0.000000       0.000000       0.000000       0.000000       0.000000       0.000000       0.000000       0.000000       0.000000
        0.266667       0.980492       0.019505       0.019505       0.000000       0.000000       0.000000       0.000000       0.000000       0.000000       0.000000       0.000000       0.000000       0.000000       0.000000
        0.333333       0.975563       0.024435       0.024435       0.000000       0.000000       0.000000       0.000000       0.000000       0.000000       0.000000       0.000000       0.000000       0.000000       0.000000
        0.400000       0.971184       0.028822       0.028822       0.000000       0.000000       0.000000       0.000000       0.000000       0.000000       0.000000       0.000000       0.000000       0.000000       0.000000
        0.466667       0.967323       0.032672       0.032673       0.000000       0.000000       0.000000       0.000000       0.000000       0.000000       0.000000       0.000000       0.000000       0.000000       0.000000
        0.533333       0.963966       0.036036       0.036036       0.000000       0.000000       0.000000       0.000000       0.000000       0.000000       0.000000       0.000000       0.000000       0.000000       0.000000
        0.600000       0.961021       0.038970       0.038971       0.000000       0.000000       0.000000       0.000000       0.000000       0.000000       0.000000       0.000000       0.000000       0.000000       0.000000
        0.666667       0.958458       0.041545       0.041545       0.000000       0.000000       0.000000       0.000000       0.000000       0.000000       0.000000       0.000000       0.000000       0.000000       0.000000
        0.733333       0.956184       0.043818       0.043818       0.000000       0.000000       0.000000       0.000000       0.000000       0.000000       0.000000       0.000000       0.000000       0.000000       0.000000
        0.800000       0.953926       0.046081       0.045758       0.000323       0.000000       0.000000       0.000000       0.000000       0.000000       0.000000       0.000000       0.000000       0.000000       0.000000
        0.866667       0.951149       0.048855       0.047227       0.001628       0.000000       0.000000       0.000000       0.000000       0.000000       0.000000       0.000000       0.000000       0.000000       0.000000
        0.933333       0.948357       0.051646       0.048447       0.003199       0.000000       0.000000       0.000000       0.000000       0.000000       0.000000       0.000000       0.000000       0.000000       0.000000
        1.000000       0.945656       0.054352       0.049506       0.004846       0.000000       0.000000       0.000000       0.000000       0.000000       0.000000       0.000000       0.000000       0.000000       0.000000
        1.066667       0.943047       0.056953       0.050454       0.006499       0.000000       0.000000       0.000000       0.000000       0.000000       0.000000       0.000000       0.000000       0.000000       0.000000
        1.133333       0.940544       0.059450       0.051324       0.008126       0.000000       0.000000       0.000000       0.000000       0.000000       0.000000       0.000000       0.000000       0.000000       0.000000
        1.200000       0.938148       0.061859       0.052142       0.009717       0.000000       0.000000       0.000000       0.000000       0.000000       0.000000       0.000000       0.000000       0.000000       0.000000
        1.266667       0.935814       0.064185       0.052920       0.011264       0.000000       0.000000       0.000000       0.000000       0.000000       0.000000       0.000000       0.000000       0.000000       0.000000
        1.333333       0.933556       0.066443       0.053673       0.012770       0.000000       0.000000       0.000000       0.000000       0.000000       0.000000       0.000000       0.000000       0.000000       0.000000
        1.400000       0.931358       0.068642       0.054408       0.014234       0.000000       0.000000       0.000000       0.000000       0.000000       0.000000       0.000000       0.000000       0.000000       0.000000
        1.466667       0.929207       0.070786       0.055128       0.015658       0.000000       0.000000       0.000000       0.000000       0.000000       0.000000       0.000000       0.000000       0.000000       0.000000
        1.533333       0.927116       0.072885       0.055839       0.017045       0.000000       0.000000       0.000000       0.000000       0.000000       0.000000       0.000000       0.000000       0.000000       0.000000
        1.600000       0.925072       0.074935       0.056539       0.018396       0.000000       0.000000       0.000000       0.000000       0.000000       0.000000       0.000000       0.000000       0.000000       0.000000
        1.666667       0.923058       0.076941       0.057230       0.019710       0.000000       0.000000       0.000000       0.000000       0.000000       0.000000       0.000000       0.000000       0.000000       0.000000
        1.733333       0.921104       0.078903       0.057912       0.020991       0.000000       0.000000       0.000000       0.000000       0.000000       0.000000       0.000000       0.000000       0.000000       0.000000
        1.800000       0.919182       0.080816       0.058581       0.022235       0.000000       0.000000       0.000000       0.000000       0.000000       0.000000       0.000000       0.000000       0.000000       0.000000
        1.866667       0.917320       0.082685       0.059239       0.023447       0.000000       0.000000       0.000000       0.000000       0.000000       0.000000       0.000000       0.000000       0.000000       0.000000
        1.933333       0.910622       0.086189       0.059016       0.023981       0.000000       0.000000       0.000000       0.000000       0.000000       0.000000       0.000000       0.000000       0.000000       0.003193
        2.000000       0.885521       0.095994       0.055479       0.022023       0.000000       0.000000       0.000000       0.000000       0.000000       0.000000       0.000000       0.000000       0.000000       0.018495
        2.066667       0.859291       0.106114       0.051682       0.019845       0.000000       0.000000       0.000000       0.000000       0.000000       0.000000       0.000000       0.000000       0.000000       0.034587
        2.133333       0.833687       0.115966       0.047941       0.017690       0.000000       0.000000       0.000000       0.000000       0.000000       0.000000       0.000000       0.000000       0.000000       0.050338
        2.200000       0.809196       0.125392       0.044342       0.015626       0.000000       0.000000       0.000000       0.000000       0.000000       0.000000       0.000000       0.000000       0.000000       0.065420
        2.266667       0.785942       0.134335       0.040924       0.013686       0.000000       0.000000       0.000000       0.000000       0.000000       0.000000       0.000000       0.000000       0.000000       0.079730
        2.333333       0.764000       0.142793       0.037700       0.011882       0.000000       0.000000       0.000000       0.000000       0.000000       0.000000       0.000000       0.000000       0.000000       0.093216
        2.400000       0.743370       0.150762       0.034676       0.010222       0.000000       0.000000       0.000000       0.000000       0.000000       0.000000       0.000000       0.000000       0.000000       0.105870
        2.466667       0.723961       0.158214       0.031855       0.008707       0.000177       0.000000       0.000000       0.000000       0.000000       0.000000       0.000000       0.000000       0.000000       0.117651
        2.533333       0.703621       0.163323       0.029274       0.007362       0.006370       0.000000       0.000000       0.000000       0.000000       0.000000       0.000000       0.000000       0.000000       0.126683
        2.600000       0.683372       0.167129       0.026912       0.006171       0.015428       0.000000       0.000000       0.000000       0.000000       0.000000       0.000000       0.000000       0.000000       0.134052
        2.666666       0.663734       0.170128       0.024750       0.005121       0.025876       0.000000       0.000000       0.000000       0.000000       0.000000       0.000000       0.000000       0.000000       0.140254
        2.733333       0.644737       0.172501       0.022773       0.004198       0.037218       0.000000       0.000000       0.000000       0.000000       0.000000       0.000000       0.000000       0.000000       0.145525
        2.800000       0.626488       0.174360       0.020968       0.003395       0.049142       0.000000       0.000000       0.000000       0.000000       0.000000       0.000000       0.000000       0.000000       0.149990
        2.866666       0.608910       0.175788       0.019319       0.002697       0.061511       0.000000       0.000000       0.000000       0.000000       0.000000       0.000000       0.000000       0.000000       0.153778
        2.933333       0.592033       0.176843       0.017813       0.002097       0.074175       0.000000       0.000000       0.000000       0.000000       0.000000       0.000000       0.000000       0.000000       0.156932
        3.000000       0.575813       0.177576       0.016437       0.001586       0.087056       0.000000       0.000000       0.000000       0.000000       0.000000       0.000000       0.000000       0.000000       0.159547
        3.066666       0.560188       0.178016       0.015181       0.001154       0.100100       0.000000       0.000000       0.000000       0.000000       0.000000       0.000000       0.000000       0.000000       0.161685
        3.133333       0.545189       0.178215       0.014033       0.000796       0.113222       0.000000       0.000000       0.000000       0.000000       0.000000       0.000000       0.000000       0.000000       0.163376
        3.200000       0.530739       0.178182       0.012984       0.000505       0.126399       0.000000       0.000000       0.000000       0.000000       0.000000       0.000000       0.000000       0.000000       0.164689
        3.266666       0.516792       0.177943       0.012024       0.000277       0.139599       0.000000       0.000000       0.000000       0.000000       0.000000       0.000000       0.000000       0.000000       0.165646
        3.333333       0.503395       0.177545       0.011145       0.000111       0.152784       0.000000       0.000000       0.000000       0.000000       0.000000       0.000000       0.000000       0.000000       0.166279
        3.400000       0.490471       0.176982       0.010340       0.000011       0.165928       0.000000       0.000000       0.000000       0.000000       0.000000       0.000000       0.000000       0.000000       0.166637
        3.466666       0.478004       0.176294       0.009599       0.000000       0.179006       0.000000       0.000000       0.000000       0.000000       0.000007       0.000000       0.000000       0.000000       0.166684
        3.533333       0.466896       0.176331       0.008832       0.000000       0.189274       0.000000       0.000000       0.000000       0.000000       0.004259       0.000000       0.000000       0.000000       0.163254
        3.600000       0.456566       0.176664       0.008093       0.000000       0.198212       0.000000       0.000000       0.000000       0.000000       0.010256       0.000000       0.000000       0.000000       0.158304
        3.666667       0.446709       0.177076       0.007403       0.000000       0.206506       0.000000       0.000000       0.000000       0.000000       0.016900       0.000000       0.000000       0.000000       0.152778
        3.733333       0.437294       0.177557       0.006763       0.000000       0.214358       0.000000       0.000000       0.000000       0.000000       0.023888       0.000000       0.000000       0.000000       0.146914
        3.800000       0.428200       0.178060       0.006170       0.000000       0.221854       0.000000       0.000000       0.000000       0.000000       0.031076       0.000000       0.000000       0.000000       0.140805
        3.866666       0.419472       0.178569       0.005625       0.000000       0.228995       0.000000       0.000000       0.000000       0.000000       0.038366       0.000000       0.000000       0.000000       0.134595
        3.933333       0.411079       0.179114       0.005122       0.000000       0.235859       0.000000       0.000000       0.000000       0.000000       0.045677       0.000000       0.000000       0.000000       0.128306
        4.000000       0.402901       0.179648       0.004657       0.000000       0.242485       0.000000       0.000000       0.000000       0.000000       0.052992       0.000000       0.000000       0.000000       0.121982
        4.066667       0.395012       0.180172       0.004231       0.000000       0.248830       0.000000       0.000000       0.000000       0.000000       0.060269       0.000000       0.000000       0.000000       0.115680
        4.133333       0.387383       0.180734       0.003837       0.000000       0.255004       0.000000       0.000000       0.000000       0.000000       0.067504       0.000000       0.000000       0.000000       0.109375
        4.200000       0.379936       0.181284       0.003475       0.000000       0.260977       0.000000       0.000000       0.000000       0.000000       0.074643       0.000000       0.000000       0.000000       0.103146
        4.266666       0.372688       0.181837       0.003140       0.000000       0.266782       0.000000       0.000000       0.000000       0.000000       0.081716       0.000000       0.000000       0.000000       0.096977
        4.333333       0.365654       0.182393       0.002833       0.000000       0.272390       0.000000       0.000000       0.000000       0.000000       0.088665       0.000000       0.000000       0.000000       0.090900
        4.400000       0.358833       0.182959       0.002551       0.000000       0.277811       0.000000       0.000000       0.000000       0.000000       0.095469       0.000000       0.000000       0.000000       0.084941
        4.466666       0.352104       0.183513       0.002290       0.000000       0.283114       0.000000       0.000000       0.000000       0.000000       0.102177       0.000000       0.000000       0.000000       0.079052
        4.533333       0.345619       0.184091       0.002051       0.000000       0.288230       0.000000       0.000000       0.000000       0.000000       0.108757       0.000000       0.000000       0.000000       0.073269
        4.600000       0.339211       0.184668       0.001831       0.000000       0.293281       0.000000       0.000000       0.000000       0.000000       0.115204       0.000000       0.000000       0.000000       0.067654
        4.666666       0.332985       0.185259       0.001629       0.000000       0.298152       0.000000       0.000000       0.000000       0.000000       0.121484       0.000000       0.000000       0.000000       0.062141
        4.733333       0.326881       0.185840       0.001444       0.000000       0.302885       0.000000       0.000000       0.000000       0.000000       0.127617       0.000000       0.000000       0.000000       0.056790
        4.800000       0.320900       0.186439       0.001275       0.000000       0.307520       0.000000       0.000000       0.000000       0.000000       0.133618       0.000000       0.000000       0.000000       0.051563
        4.866666       0.314980       0.187031       0.001120       0.000000       0.312053       0.000000       0.000000       0.000000       0.000000       0.139435       0.000000       0.000000       0.000000       0.046488
        4.933333       0.309196       0.187651       0.000978       0.000000       0.316497       0.000000       0.000000       0.000000       0.000000       0.145118       0.000000       0.000000       0.000000       0.041576
        5.000000       0.303505       0.188267       0.000850       0.000000       0.320808       0.000000       0.000000       0.000000       0.000000       0.150606       0.000000       0.000000       0.000000       0.036831
        5.066666       0.297920       0.188905       0.000733       0.000000       0.325022       0.000000       0.000000       0.000000       0.000000       0.155888       0.000000       0.000000       0.000000       0.032281
        5.133333       0.292351       0.189544       0.000627       0.000000       0.329190       0.000000       0.000000       0.000000       0.000000       0.161042       0.000000       0.000000       0.000000       0.027875
        5.200000       0.286903       0.190213       0.000532       0.000000       0.333256       0.000000       0.000000       0.000000       0.000000       0.165975       0.000000       0.000000       0.000000       0.023694
        5.266666       0.281425       0.190455       0.000452       0.000000       0.336405       0.000000       0.000000       0.000000       0.001681       0.169955       0.000000       0.000000       0.000000       0.020043
        5.333333       0.275932       0.190132       0.000389       0.000000       0.338375       0.000000       0.000000       0.000000       0.005806       0.172663       0.000000       0.000000       0.000000       0.017069
        5.400000       0.270546       0.189599       0.000335       0.000000       0.339808       0.000000       0.000000       0.000000       0.010818       0.174816       0.000000       0.000000       0.000000       0.014434
        5.466666       0.265236       0.188909       0.000288       0.000000       0.340865       0.000000       0.000000       0.000000       0.016353       0.176578       0.000000       0.000000       0.000000       0.012065
        5.533333       0.259911       0.188114       0.000246       0.000000       0.341726       0.000000       0.000000       0.000000       0.022333       0.177969       0.000000       0.000000       0.000000       0.009907
        5.600000       0.254768       0.187292       0.000210       0.000000       0.342368       0.000000       0.000000       0.000000       0.028538       0.179090       0.000000       0.000000       0.000000       0.007972
        5.666666       0.249580       0.186362       0.000178       0.000000       0.342872       0.000000       0.000000       0.000000       0.035035       0.179971       0.000000       0.000000       0.000000       0.006218
        5.733333       0.244499       0.185394       0.000150       0.000000       0.343202       0.000000       0.000000       0.000000       0.041650       0.180596       0.000000       0.000000       0.000000       0.004655
        5.800000       0.239479       0.184392       0.000125       0.000000       0.343407       0.000000       0.000000       0.000000       0.048422       0.181022       0.000000       0.000000       0.000000       0.003267
        5.866666       0.234550       0.183380       0.000103       0.000000       0.343512       0.000000       0.000000       0.000000       0.055265       0.181200       0.000000       0.000000       0.000000       0.002084
        5.933333       0.229576       0.182319       0.000084       0.000000       0.343568       0.000000       0.000000       0.000000       0.062317       0.181154       0.000000       0.000000       0.000000       0.001095
        6.000000       0.224663       0.181256       0.000067       0.000000       0.343512       0.000000       0.000000       0.000000       0.069432       0.180838       0.000000       0.000000       0.000000       0.000347
        6.066666       0.219704       0.180175       0.000052       0.000000       0.343364       0.000000       0.000000       0.000000       0.076652       0.180109       0.000000       0.000000       0.000000       0.000000
        6.133333       0.214653       0.179056       0.000039       0.000000       0.343181       0.000000       0.000000       0.000000       0.084061       0.179038       0.000000       0.000000       0.000000       0.000000
        6.200000       0.209740       0.177929       0.000029       0.000000       0.342934       0.000000       0.000000       0.000000       0.091454       0.177910       0.000000       0.000000       0.000000       0.000000
        6.266666       0.204918       0.176774       0.000021       0.000000       0.342641       0.000000       0.000000       0.000000       0.098882       0.176759       0.000000       0.000000       0.000000       0.000000
        6.333333       0.200264       0.175620       0.000014       0.000000       0.342271       0.000000       0.000000       0.000000       0.106217       0.175592       0.000000       0.000000       0.000000       0.000000
        6.400000       0.195702       0.174442       0.000010       0.000000       0.341876       0.000000       0.000000       0.000000       0.113558       0.174423       0.000000       0.000000       0.000000       0.000000
        6.466666       0.191200       0.173226       0.000006       0.000000       0.341446       0.000000       0.000000       0.000000       0.120915       0.173236       0.000000       0.000000       0.000000       0.000000
        6.533333       0.186852       0.172030       0.000003       0.000000       0.340965       0.000000       0.000000       0.000000       0.128170       0.172006       0.000000       0.000000       0.000000       0.000000
        6.599999       0.182655       0.170822       0.000002       0.000000       0.340405       0.000000       0.000000       0.000000       0.135286       0.170825       0.000000       0.000000       0.000000       0.000000
        6.666666       0.178520       0.169614       0.000001       0.000000       0.339859       0.000000       0.000000       0.000000       0.142448       0.169609       0.000000       0.000000       0.000000       0.000000
        6.733333       0.174446       0.168372       0.000000       0.000000       0.339267       0.000000       0.000000       0.000000       0.149552       0.168355       0.000000       0.000000       0.000000       0.000000
        6.800000       0.170479       0.167121       0.000000       0.000000       0.338637       0.000000       0.000000       0.000000       0.156571       0.167118       0.000000       0.000000       0.000000       0.000000
        6.866666       0.166634       0.165893       0.000000       0.000000       0.338005       0.000000       0.000000       0.000000       0.163535       0.165896       0.000000       0.000000       0.000000       0.000000
        6.933333       0.162865       0.164665       0.000000       0.000000       0.337357       0.000000       0.000000       0.000000       0.170493       0.164677       0.000000       0.000000       0.000000       0.000000
        6.999999       0.159172       0.163426       0.000000       0.000000       0.336676       0.000000       0.000000       0.000000       0.177350       0.163412       0.000000       0.000000       0.000000       0.000000
        7.066666       0.155540       0.162159       0.000000       0.000000       0.335968       0.000000       0.000000       0.000000       0.184145       0.162162       0.000000       0.000000       0.000000       0.000000
        7.133333       0.151970       0.160909       0.000000       0.000000       0.335288       0.000000       0.000000       0.000000       0.190990       0.160894       0.000000       0.000000       0.000000       0.000000
        7.199999       0.148567       0.159679       0.000000       0.000000       0.334534       0.000000       0.000000       0.000000       0.197558       0.159658       0.000000       0.000000       0.000000       0.000000
        7.266667       0.145195       0.158439       0.000000       0.000000       0.333802       0.000000       0.000000       0.000000       0.204205       0.158438       0.000000       0.000000       0.000000       0.000000
        7.333333       0.141655       0.156483       0.000000       0.000000       0.332905       0.000000       0.000000       0.000000       0.210070       0.158043       0.000774       0.000000       0.000000       0.000000
        7.400000       0.138206       0.154246       0.000000       0.000000       0.331987       0.000000       0.000000       0.000000       0.215432       0.158242       0.001983       0.000000       0.000000       0.000000
        7.466666       0.134804       0.151852       0.000000       0.000000       0.330959       0.000000       0.000000       0.000000       0.220351       0.158575       0.003369       0.000000       0.000000       0.000000
        7.533333       0.131340       0.149293       0.000000       0.000000       0.329988       0.000000       0.000000       0.000000       0.225339       0.159150       0.004938       0.000000       0.000000       0.000000
        7.600000       0.128044       0.146752       0.000000       0.000000       0.328970       0.000000       0.000000       0.000000       0.229941       0.159806       0.006527       0.000000       0.000000       0.000000
