   9.9999997764825821E-003   16798813429866.195       0.18545328662073393        63.232939999999999     
   1.9999999552965164E-002   33648619887262.504       0.14710037330610556        55.813699999999997     
   2.9999999329447746E-002   50536217311883.852       0.12728362936875481        50.013919999999999     
   3.9999999105930328E-002   67458366902207.344       0.11711995223519704        46.258820000000000     
   4.9999997019767761E-002   84415528957819.031       0.11023232881974977        43.390630000000002     
   5.9999998658895493E-002   101407146664703.53       0.10311047964048671        39.877879999999998     
   7.0000000298023224E-002   118429597019667.33        9.5707274434438050E-002   33.951810000000002     
   7.9999998211860657E-002   135485886818393.55        9.5999292847610621E-002   25.803709999999999     
   8.9999996125698090E-002   152571628366440.84       0.11333958085349907        19.369980000000002     
   9.9999994039535522E-002   169693199040332.31       0.14837808633646582        15.975450000000000     
  0.10999999940395355        186846990685248.06       0.19907926758584304        14.424020000000001     
  0.11999999731779099        204037918112897.44       0.26299387168739463        13.774030000000000     
  0.12999999523162842        221268876756160.47       0.33637119999389492        13.555429999999999     
  0.14000000059604645        238543400527988.19       0.41807070486165870        13.540060000000000     
  0.14999999105930328        255868423618919.03       0.50640524183639957        13.625019999999999     
  0.15999999642372131        273248771750419.81       0.59958467817468175        13.757400000000001     
  0.17000000178813934        290692463044312.25       0.69617809942556985        13.908820000000000     
  0.17999999225139618        308214227087350.31       0.79485247343050891        14.063580000000000     
  0.18999999761581421        325809728154400.69       0.89437384040477974        14.212800000000000     
  0.19999998807907104        343498269131330.62       0.99385009514382427        14.351870000000000     
  0.20999999344348907        361287274205012.06        1.0924734769016722        14.478350000000001     
  0.21999999880790710        379182148183487.69        1.1895707485143541        14.591220000000000     
  0.22999998927116394        397202936371312.00        1.2846832916202531        14.690340000000001     
  0.23999999463558197        415350678154646.94        1.3773722291552621        14.775990000000000     
  0.25000000000000000        433634965582931.06        1.4672194414557089        14.848649999999999     
  0.25999999046325684        452075428206254.00        1.5541120593036866        14.909160000000000     
  0.26999998092651367        470665621830410.75        1.6377589573674325        14.958230000000000     
  0.28000000119209290        489433372307797.56        1.7181229076890037        14.996740000000001     
  0.28999999165534973        508369889401157.94        1.7925648683780835        15.024550000000000     
  0.29999998211860657        527448624218237.75        1.8550325156803209        15.041350000000000     
  0.31000000238418579        546626189810957.12        1.9143636375280160        15.050750000000001     
  0.31999999284744263        565922898754597.88        1.9722613673111999        15.053210000000000     
  0.32999998331069946        585336078341886.25        2.0298341889487412        15.048890000000000     
  0.34000000357627869        604880398766080.88        2.0877756532454312        15.037789999999999     
  0.34999999403953552        624563581181528.75        2.1467060564173033        15.019840000000000     
  0.35999998450279236        644390555248313.12        2.2068306910082529        14.995110000000000     
  0.37000000476837158        664370229990680.00        2.2678205677405106        14.963970000000000     
  0.37999999523162842        684488944904785.25        2.3215415676365780        14.931609999999999     
  0.38999998569488525        704765052580576.00        2.3708480183140801        14.897290000000000     
  0.39999997615814209        725178062262286.00        2.4172303901104875        14.860390000000001     
  0.40999999642372131        745744069587053.50        2.4609207350728339        14.821020000000001     
  0.41999998688697815        766426963309933.25        2.5023077956136532        14.779140000000000     
  0.42999997735023499        787275921244765.25        2.5415827625203233        14.734800000000000     
  0.43999999761581421        808249486732056.38        2.5789308861882034        14.688060000000000     
  0.44999998807907104        829369813545432.62        2.6145438679586168        14.638909999999999     
  0.45999997854232788        850652937928537.25        2.6484468232673515        14.587560000000000     
  0.46999999880790710        872061560766525.62        2.6806779787307384        14.534200000000000     
  0.47999998927116394        893625675774360.62        2.7111864535624797        14.479200000000001     
  0.48999997973442078        915340769046424.00        2.7397887916290684        14.423190000000000     
  0.50000000000000000        937203158186027.12        2.7664840050854469        14.366550000000000     
  0.50999999046325684        959212724406180.25        2.7910889479394214        14.310060000000000     
  0.51999998092651367        981352956315280.00        2.8135681794160727        14.254270000000000     
  0.52999997138977051        1003637811384645.8        2.8310204003334900        14.207549999999999     
  0.53999996185302734        1026021319049166.1        2.8455876298842608        14.165440000000000     
  0.55000001192092896        1048535017254673.2        2.8582398762824419        14.125800000000000     
  0.56000000238418579        1071199812511398.8        2.8693851467926850        14.087780000000000     
  0.56999999284744263        1093996698900950.4        2.8791442558370917        14.051390000000000     
  0.57999998331069946        1116876736183468.0        2.8877321898229904        14.016270000000000     
  0.58999997377395630        1139848358235238.2        2.8953122371753954        13.982130000000000     
  0.59999996423721313        1162951833845854.8        2.9019523415372048        13.949050000000000     
  0.61000001430511475        1186099735790713.0        2.9077639504302244        13.916900000000000     
  0.62000000476837158        1209419760084011.0        2.9128829271604904        13.885260000000001     
  0.62999999523162842        1232824123140174.5        2.9173306856137224        13.854350000000000     
  0.63999998569488525        1256388492271802.8        2.9211891013330784        13.823990000000000     
  0.64999997615814209        1280003939809110.0        2.9244947854067567        13.794240000000000     
  0.65999996662139893        1303657636757181.8        2.9273097637829015        13.764970000000000     
  0.66999995708465576        1327486900876401.8        2.9296550569701454        13.736370000000001     
  0.68000000715255737        1351361660412773.2        2.9315889583955337        13.708220000000001     
  0.68999999761581421        1375461758869083.0        2.9331484939176331        13.680380000000000     
  0.69999998807907104        1399549147117467.5        2.9343473672880811        13.653160000000000     
  0.70999997854232788        1423720517767748.0        2.9352222551238403        13.626420000000000     
  0.71999996900558472        1448044410913126.0        2.9358018240345403        13.600059999999999     
  0.72999995946884155        1472442427140233.8        2.9361066434887886        13.574190000000000     
  0.74000000953674316        1497010783910932.0        2.9361593692852228        13.548470000000000     
  0.75000000000000000        1521580684912499.8        2.9359767156891139        13.523190000000000     
  0.75999999046325684        1546198338284028.0        2.9355728531021810        13.498049999999999     
  0.76999998092651367        1571053090487499.2        2.9349606587284325        13.473080000000000     
  0.77999997138977051        1595925304378493.5        2.9341462032483916        13.448110000000000     
  0.78999996185302734        1620834817384332.2        2.9331875094718756        13.424289999999999     
  0.79999995231628418        1645961829368772.5        2.9321017686450128        13.401400000000001     
  0.81000000238418579        1671111886029263.2        2.9308657101784985        13.378650000000000     
  0.81999999284744263        1696244124641261.2        2.9294716674380439        13.355810000000000     
  0.82999998331069946        1721571411490759.8        2.9278903431649232        13.332409999999999     
  0.83999997377395630        1746851302331267.2        2.9261100482526161        13.308339999999999     
  0.84999996423721313        1772395731798397.2        2.9241189652190775        13.283500000000000     
  0.85999995470046997        1797807832558720.8        2.9219256319546014        13.258030000000000     
  0.87000000476837158        1823346560250333.0        2.9195131127603058        13.231760000000000     
  0.87999999523162842        1848807244889546.8        2.9168858680480318        13.204739999999999     
  0.88999998569488525        1874611580290690.2        2.9140256190514711        13.176819999999999     
  0.89999997615814209        1900318866721043.8        2.9109783626110639        13.148429999999999     
  0.90999996662139893        1925908672818334.8        2.9077326363294835        13.119429999999999     
  0.91999995708465576        1951731301415931.2        2.9042823573652932        13.089750000000000     
  0.93000000715255737        1977548228238009.5        2.9007742952732931        13.060580000000000     
  0.93999999761581421        2003567805664945.5        2.8972203468128459        13.031920000000000     
  0.94999998807907104        2029466457936110.2        2.8936867543945635        13.004200000000001     
  0.95999997854232788        2055567285664172.8        2.8901461299260829        12.977119999999999     
  0.96999996900558472        2081855796836358.8        2.8866270639323028        12.950839999999999     
  0.97999995946884155        2107993448531306.2        2.8831545281017150        12.925470000000001     
  0.98999994993209839        2134013263532221.8        2.8797578389107485        12.901170000000000     
   1.0000000000000000        2160335272635574.0        2.8763481606650072        12.877250000000000     
   1.0099999904632568        2186612855404684.5        2.8729964434802464        12.854179999999999     
   1.0199999809265137        2212893526635533.5        2.8696743802377949        12.831709999999999     
   1.0299999713897705        2239305813851248.8        2.8663548733516233        12.809650000000000     
   1.0399999618530273        2265924315281520.0        2.8630262580648642        12.787890000000001     
   1.0499999523162842        2292385542737095.5        2.8597343712575305        12.766719999999999     
   1.0599999427795410        2318907351557546.0        2.8564519184135864        12.745939999999999     
   1.0699999332427979        2345803576970324.0        2.8531194894295693        12.725149999999999     
   1.0799999237060547        2372168824538018.5        2.8498647257763356        12.705140000000000     
   1.0900000333786011        2399035115629328.5        2.8465318007292666        12.684939999999999     
   1.1000000238418579        2425823007307270.5        2.8430108350540730        12.663890000000000     
   1.1100000143051147        2452873180659025.5        2.8392865244317038        12.641930000000000     
   1.1200000047683716        2479147437392417.0        2.8355706308756488        12.620310000000000     
   1.1299999952316284        2506512158693563.5        2.8315797277594852        12.597379999999999     
   1.1399999856948853        2533142063674870.0        2.8276130601320388        12.574859999999999     
   1.1499999761581421        2560280852121128.5        2.8234853996122631        12.551700000000000     
   1.1599999666213989        2587340053284120.0        2.8192218633138406        12.528029999999999     
   1.1699999570846558        2614048832826754.0        2.8148626557847458        12.504090000000000     
   1.1799999475479126        2641593635204667.0        2.8102321229571592        12.478899999999999     
   1.1899999380111694        2668299801433522.5        2.8056206857502453        12.454060000000000     
   1.1999999284744263        2695674975989785.0        2.8007995694151013        12.428300000000000     
