   dentity  pressure  energy
   0.100000E-01   0.114375E-01   0.941885E+01
   0.200000E-01   0.289499E-01   0.188590E+02
   0.300000E-01   0.661772E-01   0.283135E+02
   0.400000E-01   0.141844E+00   0.377833E+02
   0.500000E-01   0.267473E+00   0.472690E+02
   0.600000E-01   0.443495E+00   0.567708E+02
   0.700000E-01   0.661017E+00   0.662901E+02
   0.800000E-01   0.906473E+00   0.758275E+02
   0.900000E-01   0.116655E+01   0.853823E+02
   0.100000E+00   0.143171E+01   0.949547E+02
   0.110000E+00   0.169831E+01   0.104548E+03
   0.120000E+00   0.196303E+01   0.114162E+03
   0.130000E+00   0.223265E+01   0.123799E+03
   0.140000E+00   0.252213E+01   0.133459E+03
   0.150000E+00   0.284730E+01   0.143148E+03
   0.160000E+00   0.322479E+01   0.152867E+03
   0.170000E+00   0.367276E+01   0.162621E+03
   0.180000E+00   0.420947E+01   0.172415E+03
   0.190000E+00   0.485271E+01   0.182250E+03
   0.200000E+00   0.562041E+01   0.192133E+03
   0.210000E+00   0.652941E+01   0.202068E+03
   0.220000E+00   0.759604E+01   0.212064E+03
   0.230000E+00   0.883502E+01   0.222123E+03
   0.240000E+00   0.102596E+02   0.232248E+03
   0.250000E+00   0.118823E+02   0.242444E+03
   0.260000E+00   0.137153E+02   0.252724E+03
   0.270000E+00   0.157670E+02   0.263085E+03
   0.280000E+00   0.180472E+02   0.273537E+03
   0.290000E+00   0.205620E+02   0.284082E+03
   0.300000E+00   0.233165E+02   0.294721E+03
   0.310000E+00   0.263176E+02   0.305466E+03
   0.320000E+00   0.295694E+02   0.316323E+03
   0.330000E+00   0.328249E+02   0.327285E+03
   0.340000E+00   0.357302E+02   0.338345E+03
   0.350000E+00   0.386486E+02   0.349492E+03
   0.360000E+00   0.416371E+02   0.360727E+03
   0.370000E+00   0.447162E+02   0.372049E+03
   0.380000E+00   0.478968E+02   0.383456E+03
   0.390000E+00   0.510095E+02   0.394948E+03
   0.400000E+00   0.539826E+02   0.406516E+03
   0.410000E+00   0.570299E+02   0.418169E+03
   0.420000E+00   0.601674E+02   0.429893E+03
   0.430000E+00   0.634038E+02   0.441690E+03
   0.440000E+00   0.667429E+02   0.453560E+03
   0.450000E+00   0.701853E+02   0.465507E+03
   0.460000E+00   0.737340E+02   0.477533E+03
   0.470000E+00   0.773829E+02   0.489648E+03
   0.480000E+00   0.810855E+02   0.501839E+03
   0.490000E+00   0.848829E+02   0.514110E+03
   0.500000E+00   0.887865E+02   0.526436E+03
   0.510000E+00   0.928006E+02   0.538871E+03
   0.520000E+00   0.969245E+02   0.551352E+03
   0.530000E+00   0.101163E+03   0.563941E+03
   0.540000E+00   0.105526E+03   0.576615E+03
   0.550000E+00   0.109990E+03   0.589346E+03
   0.560000E+00   0.114578E+03   0.602163E+03
   0.570000E+00   0.119282E+03   0.615086E+03
   0.580000E+00   0.124105E+03   0.628085E+03
   0.590000E+00   0.129035E+03   0.641139E+03
   0.600000E+00   0.134087E+03   0.654307E+03
   0.610000E+00   0.139250E+03   0.667559E+03
   0.620000E+00   0.144528E+03   0.680890E+03
   0.630000E+00   0.149915E+03   0.694284E+03
   0.640000E+00   0.155426E+03   0.707798E+03
   0.650000E+00   0.161050E+03   0.721408E+03
   0.660000E+00   0.166784E+03   0.735066E+03
   0.670000E+00   0.172621E+03   0.748811E+03
   0.680000E+00   0.178580E+03   0.762674E+03
   0.690000E+00   0.184648E+03   0.776635E+03
   0.700000E+00   0.190821E+03   0.790620E+03
   0.710000E+00   0.197123E+03   0.804780E+03
   0.720000E+00   0.203520E+03   0.818977E+03
   0.730000E+00   0.210029E+03   0.833254E+03
   0.740000E+00   0.216657E+03   0.847676E+03
   0.750000E+00   0.223375E+03   0.862116E+03
   0.760000E+00   0.230216E+03   0.876691E+03
   0.770000E+00   0.237165E+03   0.891349E+03
   0.780000E+00   0.244226E+03   0.906099E+03
   0.790000E+00   0.251394E+03   0.920931E+03
   0.800000E+00   0.258660E+03   0.935870E+03
   0.810000E+00   0.266046E+03   0.950870E+03
   0.820000E+00   0.273516E+03   0.965969E+03
   0.830000E+00   0.281111E+03   0.981189E+03
   0.840000E+00   0.288831E+03   0.996494E+03
   0.850000E+00   0.296631E+03   0.101190E+04
   0.860000E+00   0.304543E+03   0.102736E+04
   0.870000E+00   0.312576E+03   0.104296E+04
   0.880000E+00   0.320694E+03   0.105860E+04
   0.890000E+00   0.328936E+03   0.107435E+04
   0.900000E+00   0.337267E+03   0.109022E+04
   0.910000E+00   0.345723E+03   0.110617E+04
   0.920000E+00   0.354240E+03   0.112217E+04
   0.930000E+00   0.362908E+03   0.113833E+04
   0.940000E+00   0.371642E+03   0.115452E+04
   0.950000E+00   0.380507E+03   0.117084E+04
   0.960000E+00   0.389468E+03   0.118728E+04
   0.970000E+00   0.398524E+03   0.120376E+04
   0.980000E+00   0.407668E+03   0.122033E+04
   0.990000E+00   0.416937E+03   0.123702E+04
   0.100000E+01   0.426278E+03   0.125377E+04
   0.101000E+01   0.435795E+03   0.127073E+04
   0.102000E+01   0.445318E+03   0.128765E+04
   0.103000E+01   0.454988E+03   0.130471E+04
   0.104000E+01   0.464765E+03   0.132189E+04
   0.105000E+01   0.474641E+03   0.133915E+04
   0.106000E+01   0.484644E+03   0.135652E+04
   0.107000E+01   0.494699E+03   0.137393E+04
   0.108000E+01   0.504893E+03   0.139149E+04
   0.109000E+01   0.515121E+03   0.140907E+04
   0.110000E+01   0.525506E+03   0.142679E+04
   0.111000E+01   0.536010E+03   0.144469E+04
   0.112000E+01   0.546591E+03   0.146264E+04
   0.113000E+01   0.557262E+03   0.148064E+04
   0.114000E+01   0.568052E+03   0.149872E+04
