        0.065789       1.100000       0.955320       0.955320
        0.131579       1.100000       0.914722       0.914722
        0.197368       1.100000       0.877788       0.877788
        0.263158       1.100000       0.844073       0.844073
        0.328947       1.100000       0.813141       0.813141
        0.394737       1.100000       0.784587       0.784587
        0.460526       1.100000       0.758048       0.758048
        0.526316       1.100000       0.733216       0.733216
        0.592105       1.100000       0.709842       0.709842
        0.657895       1.100000       0.687709       0.687709
        0.723684       1.100000       0.666653       0.666653
        0.789474       1.100000       0.646522       0.646522
        0.855263       1.100000       0.627206       0.627206
        0.921053       1.100000       0.608636       0.608636
        0.986842       1.100000       0.590755       0.590755
        1.052632       1.100000       0.573519       0.573519
        1.118421       1.100000       0.556890       0.556890
        1.184211       1.100000       0.540844       0.540844
        1.250000       1.100000       0.525370       0.525370
        1.315789       1.100000       0.510448       0.510448
        1.381579       1.100000       0.496069       0.496069
        1.447368       1.100000       0.482218       0.482218
        1.513158       1.100000       0.468890       0.468890
        1.578947       1.100000       0.456082       0.456082
        1.644737       1.100000       0.443781       0.443781
        1.710526       1.100000       0.431969       0.431969
        1.776316       1.100000       0.420643       0.420643
        1.842105       1.100000       0.409790       0.409790
        1.907895       1.100000       0.399396       0.399396
        1.973684       1.100000       0.389452       0.389452
        2.039474       1.100000       0.379933       0.379933
        2.105263       1.100000       0.370824       0.370824
        2.171053       1.100000       0.362197       0.362197
        2.236842       1.100000       0.354053       0.354053
        2.302632       1.100000       0.346194       0.346194
        2.368421       1.100000       0.338585       0.338585
        2.434211       1.100000       0.331200       0.331200
        2.500000       1.100000       0.324003       0.324003
        2.565789       1.100000       0.317193       0.317193
        2.631579       1.100000       0.310814       0.310814
        2.697368       1.100000       0.304597       0.304597
        2.763158       1.100000       0.298544       0.298544
        2.828947       1.100000       0.292632       0.292632
        2.894737       1.100000       0.286854       0.286854
        2.960526       1.100000       0.281208       0.281208
        3.026316       1.100000       0.275683       0.275683
        3.092105       1.100000       0.270247       0.270247
        3.157895       1.100000       0.264855       0.264855
        3.223684       1.100000       0.259531       0.259531
        3.289474       1.100000       0.254316       0.254316
        3.355263       1.100000       0.249184       0.249184
        3.421053       1.100000       0.244181       0.244181
        3.486842       1.100000       0.239258       0.239258
        3.552631       1.100000       0.234421       0.234421
        3.618421       1.100000       0.229710       0.229710
        3.684211       1.100000       0.225082       0.225082
        3.750000       1.100000       0.220537       0.220537
        3.815789       1.100000       0.216084       0.216084
        3.881579       1.100000       0.211755       0.211755
        3.947368       1.100000       0.207474       0.207474
        4.013158       1.100000       0.203294       0.203294
        4.078948       1.100000       0.199210       0.199210
        4.144737       1.100000       0.195213       0.195213
        4.210526       1.100000       0.191266       0.191266
        4.276316       1.100000       0.187409       0.187409
        4.342105       1.100000       0.183635       0.183635
        4.407895       1.100000       0.179954       0.179954
        4.473684       1.100000       0.176308       0.176308
        4.539474       1.100000       0.172743       0.172743
        4.605263       1.100000       0.169271       0.169271
        4.671053       1.100000       0.165829       0.165829
        4.736842       1.100000       0.162477       0.162477
        4.802631       1.100000       0.159181       0.159181
        4.868421       1.100000       0.155932       0.155932
        4.934211       1.100000       0.152784       0.152784
        5.000000       1.100000       0.149666       0.149666
        5.065790       1.100000       0.146595       0.146595
        5.131579       1.100000       0.143590       0.143590
        5.197368       1.100000       0.140615       0.140615
        5.263158       1.100000       0.137722       0.137722
        5.328948       1.100000       0.134862       0.134862
        5.394737       1.100000       0.132077       0.132077
        5.460526       1.100000       0.129308       0.129308
        5.526316       1.100000       0.126586       0.126586
        5.592105       1.100000       0.123921       0.123921
        5.657895       1.100000       0.121287       0.121287
        5.723684       1.100000       0.118717       0.118717
        5.789474       1.100000       0.116163       0.116163
        5.855263       1.100000       0.113671       0.113671
        5.921053       1.100000       0.111203       0.111203
        5.986842       1.100000       0.108786       0.108786
        6.052631       1.100000       0.106427       0.106427
        6.118421       1.100000       0.104049       0.104049
        6.184211       1.100000       0.101753       0.101753
        6.250000       1.100000       0.099461       0.099461
        6.315790       1.100000       0.097197       0.097197
        6.381579       1.100000       0.095001       0.095001
        6.447368       1.100000       0.092816       0.092816
        6.513158       1.100000       0.090682       0.090682
        6.578948       1.100000       0.088549       0.088549
        6.644737       1.100000       0.086429       0.086429
        6.710526       1.100000       0.084387       0.084387
        6.776316       1.100000       0.082344       0.082344
        6.842105       1.100000       0.080323       0.080323
        6.907895       1.100000       0.078350       0.078350
        6.973684       1.100000       0.076350       0.076350
        7.039473       1.100000       0.074429       0.074429
        7.105263       1.100000       0.072500       0.072500
        7.171053       1.100000       0.070629       0.070629
        7.236842       1.100000       0.068775       0.068775
        7.302632       1.100000       0.066887       0.066887
        7.368421       1.100000       0.065059       0.065059
        7.434211       1.100000       0.063274       0.063274
        7.500000       1.100000       0.061487       0.061487
