        0.010000     250.691100
        0.020000     252.620849
        0.030000     254.299426
        0.040000     255.221227
        0.050000     255.292163
        0.060000     254.531586
        0.070000     252.992585
        0.080000     250.733441
        0.090000     247.809109
        0.100000     244.263580
        0.110000     240.137949
        0.120000     235.575171
        0.130000     230.621225
        0.140000     225.230200
        0.150000     219.408263
        0.160000     213.164028
        0.170000     206.511559
        0.180000     199.467119
        0.190000     192.049957
        0.200000     184.277132
        0.210000     176.169365
        0.220000     167.745574
        0.230000     159.029091
        0.240000     150.043923
        0.250000     140.813180
        0.260000     131.353912
        0.270000     121.696100
        0.280000     111.855339
        0.290000     101.859303
        0.300000      91.729042
        0.310000      81.479274
        0.320000      71.127705
        0.330000      62.683481
        0.340000      55.581853
        0.350000      48.965749
        0.360000      42.671698
        0.370000      36.630610
        0.380000      30.806625
        0.390000      25.738750
        0.400000      22.733085
        0.410000      20.124031
        0.420000      17.738632
        0.430000      15.523296
        0.440000      13.450295
        0.450000      11.502325
        0.460000       9.664685
        0.470000       7.934900
        0.480000       6.301675
        0.490000       4.757387
        0.500000       3.300117
        0.510000       1.923955
        0.520000       0.624604
        0.530000      -0.546423
        0.540000      -1.507200
        0.550000      -2.360309
        0.560000      -3.144148
        0.570000      -3.864242
        0.580000      -4.529298
        0.590000      -5.151344
        0.600000      -5.729630
        0.610000      -6.272292
        0.620000      -6.775061
        0.630000      -7.246632
        0.640000      -7.686489
        0.650000      -8.094156
        0.660000      -8.476042
        0.670000      -8.827896
        0.680000      -9.156857
        0.690000      -9.456538
        0.700000      -9.737626
        0.710000      -9.995109
        0.720000     -10.230792
        0.730000     -10.442283
        0.740000     -10.634356
        0.750000     -10.809132
        0.760000     -10.968490
        0.770000     -11.103562
        0.780000     -11.225476
        0.790000     -11.324686
        0.800000     -11.410625
        0.810000     -11.486092
        0.820000     -11.536472
        0.830000     -11.583259
        0.840000     -11.609706
        0.850000     -11.616858
        0.860000     -11.615214
        0.870000     -11.603967
        0.880000     -11.574579
        0.890000     -11.533703
        0.900000     -11.471446
        0.910000     -11.404120
        0.920000     -11.318399
        0.930000     -11.229293
        0.940000     -11.127655
        0.950000     -11.022350
        0.960000     -10.906875
        0.970000     -10.780675
        0.980000     -10.650964
        0.990000     -10.511781
        1.000000     -10.365941
        1.010000     -10.210616
        1.020000     -10.049947
        1.030000      -9.883929
        1.040000      -9.711408
        1.050000      -9.535652
        1.060000      -9.342594
        1.070000      -9.148719
        1.080000      -8.956015
        1.090000      -8.749367
        1.100000      -8.550228
        1.110000      -8.334038
        1.120000      -8.110278
        1.130000      -7.882926
        1.140000      -7.645865
        1.150000      -7.413616
        1.160000      -7.176332
        1.170000      -6.932347
        1.180000      -6.674464
        1.190000      -6.436328
        1.200000      -6.327194
        1.210000      -6.280128
        1.220000      -6.277122
        1.230000      -6.289549
        1.240000      -6.327318
        1.250000      -6.369581
        1.260000      -6.429698
        1.270000      -6.488399
        1.280000      -6.568924
        1.290000      -6.649760
        1.300000      -6.738787
        1.310000      -6.834601
        1.320000      -6.944703
        1.330000      -7.048213
        1.340000      -7.153065
        1.350000      -7.273027
        1.360000      -7.393430
        1.370000      -7.516368
        1.380000      -7.647238
        1.390000      -7.778128
        1.400000      -7.905230
