        0.010000       0.996956       0.003037       0.003037       0.000000       0.000000       0.000000       0.000000       0.000000       0.000000       0.000000
        0.020000       0.992058       0.007948       0.007948       0.000000       0.000000       0.000000       0.000000       0.000000       0.000000       0.000000
        0.030000       0.986595       0.013401       0.013401       0.000000       0.000000       0.000000       0.000000       0.000000       0.000000       0.000000
        0.040000       0.981178       0.018821       0.018821       0.000000       0.000000       0.000000       0.000000       0.000000       0.000000       0.000000
        0.050000       0.976067       0.023935       0.023935       0.000000       0.000000       0.000000       0.000000       0.000000       0.000000       0.000000
        0.060000       0.971367       0.028627       0.028627       0.000000       0.000000       0.000000       0.000000       0.000000       0.000000       0.000000
        0.070000       0.967125       0.032869       0.032869       0.000000       0.000000       0.000000       0.000000       0.000000       0.000000       0.000000
        0.080000       0.963326       0.036677       0.036677       0.000000       0.000000       0.000000       0.000000       0.000000       0.000000       0.000000
        0.090000       0.959908       0.040085       0.040085       0.000000       0.000000       0.000000       0.000000       0.000000       0.000000       0.000000
        0.100000       0.956856       0.043139       0.043139       0.000000       0.000000       0.000000       0.000000       0.000000       0.000000       0.000000
        0.110000       0.954109       0.045887       0.045887       0.000000       0.000000       0.000000       0.000000       0.000000       0.000000       0.000000
        0.120000       0.950996       0.049000       0.048133       0.000868       0.000000       0.000000       0.000000       0.000000       0.000000       0.000000
        0.130000       0.947533       0.052469       0.049905       0.002564       0.000000       0.000000       0.000000       0.000000       0.000000       0.000000
        0.140000       0.944145       0.055862       0.051409       0.004454       0.000000       0.000000       0.000000       0.000000       0.000000       0.000000
        0.150000       0.940895       0.059107       0.052722       0.006384       0.000000       0.000000       0.000000       0.000000       0.000000       0.000000
        0.160000       0.937813       0.062182       0.053892       0.008290       0.000000       0.000000       0.000000       0.000000       0.000000       0.000000
        0.170000       0.934898       0.065098       0.054955       0.010143       0.000000       0.000000       0.000000       0.000000       0.000000       0.000000
        0.180000       0.932137       0.067868       0.055935       0.011934       0.000000       0.000000       0.000000       0.000000       0.000000       0.000000
        0.190000       0.929497       0.070503       0.056846       0.013657       0.000000       0.000000       0.000000       0.000000       0.000000       0.000000
        0.200000       0.926979       0.073017       0.057703       0.015314       0.000000       0.000000       0.000000       0.000000       0.000000       0.000000
        0.210000       0.924568       0.075424       0.058517       0.016907       0.000000       0.000000       0.000000       0.000000       0.000000       0.000000
        0.220000       0.922264       0.077734       0.059295       0.018440       0.000000       0.000000       0.000000       0.000000       0.000000       0.000000
        0.230000       0.920052       0.079954       0.060039       0.019915       0.000000       0.000000       0.000000       0.000000       0.000000       0.000000
        0.240000       0.917915       0.082086       0.060754       0.021333       0.000000       0.000000       0.000000       0.000000       0.000000       0.000000
        0.250000       0.915855       0.084137       0.061440       0.022697       0.000000       0.000000       0.000000       0.000000       0.000000       0.000000
        0.260000       0.913887       0.086113       0.062102       0.024012       0.000000       0.000000       0.000000       0.000000       0.000000       0.000000
        0.270000       0.911980       0.088012       0.062737       0.025276       0.000000       0.000000       0.000000       0.000000       0.000000       0.000000
        0.280000       0.910164       0.089841       0.063349       0.026493       0.000000       0.000000       0.000000       0.000000       0.000000       0.000000
        0.290000       0.908409       0.091597       0.063934       0.027662       0.000000       0.000000       0.000000       0.000000       0.000000       0.000000
        0.300000       0.906715       0.093280       0.064493       0.028786       0.000000       0.000000       0.000000       0.000000       0.000000       0.000000
        0.310000       0.905098       0.094895       0.065029       0.029866       0.000000       0.000000       0.000000       0.000000       0.000000       0.000000
        0.320000       0.903557       0.096446       0.065541       0.030905       0.000000       0.000000       0.000000       0.000000       0.000000       0.000000
        0.330000       0.895927       0.096772       0.065380       0.031393       0.007294       0.000000       0.000000       0.000000       0.000000       0.000000
        0.340000       0.884483       0.096340       0.064809       0.031531       0.019183       0.000000       0.000000       0.000000       0.000000       0.000000
        0.350000       0.872063       0.095700       0.064139       0.031561       0.032227       0.000000       0.000000       0.000000       0.000000       0.000000
        0.360000       0.859276       0.094965       0.063432       0.031534       0.045759       0.000000       0.000000       0.000000       0.000000       0.000000
        0.370000       0.846336       0.094185       0.062713       0.031472       0.059487       0.000000       0.000000       0.000000       0.000000       0.000000
        0.380000       0.833382       0.093381       0.061995       0.031385       0.073226       0.000000       0.000000       0.000000       0.000000       0.000000
        0.390000       0.820000       0.093152       0.060948       0.031014       0.085668       0.000000       0.000000       0.000000       0.000000       0.001187
        0.400000       0.805199       0.094801       0.058827       0.029762       0.093802       0.000000       0.000000       0.000000       0.000000       0.006211
        0.410000       0.790550       0.096655       0.056637       0.028435       0.101201       0.000000       0.000000       0.000000       0.000000       0.011584
        0.420000       0.776237       0.098558       0.054475       0.027113       0.108236       0.000000       0.000000       0.000000       0.000000       0.016968
        0.430000       0.762276       0.100454       0.052371       0.025819       0.115014       0.000000       0.000000       0.000000       0.000000       0.022260
        0.440000       0.748665       0.102317       0.050334       0.024565       0.121581       0.000000       0.000000       0.000000       0.000000       0.027421
        0.450000       0.735420       0.104148       0.048366       0.023352       0.127986       0.000000       0.000000       0.000000       0.000000       0.032432
        0.460000       0.722557       0.105936       0.046470       0.022183       0.134241       0.000000       0.000000       0.000000       0.000000       0.037289
        0.470000       0.709999       0.107673       0.044644       0.021057       0.140353       0.000000       0.000000       0.000000       0.000000       0.041976
        0.480000       0.697777       0.109362       0.042885       0.019975       0.146344       0.000000       0.000000       0.000000       0.000000       0.046507
        0.490000       0.685905       0.110999       0.041194       0.018936       0.152203       0.000000       0.000000       0.000000       0.000000       0.050875
        0.500000       0.674324       0.112596       0.039564       0.017937       0.157975       0.000000       0.000000       0.000000       0.000000       0.055099
        0.510000       0.663063       0.114141       0.037996       0.016978       0.163621       0.000000       0.000000       0.000000       0.000000       0.059161
        0.520000       0.652092       0.115637       0.036487       0.016058       0.169163       0.000000       0.000000       0.000000       0.000000       0.063084
        0.530000       0.641273       0.117135       0.035013       0.015159       0.174616       0.000000       0.000000       0.000238       0.000000       0.066727
        0.540000       0.630455       0.118699       0.033540       0.014257       0.179944       0.000000       0.000000       0.001066       0.000000       0.069843
        0.550000       0.619789       0.120251       0.032104       0.013378       0.185193       0.000000       0.000000       0.002044       0.000000       0.072719
        0.560000       0.609398       0.121765       0.030718       0.012534       0.190338       0.000000       0.000000       0.003079       0.000000       0.075443
        0.570000       0.599236       0.123231       0.029380       0.011724       0.195390       0.000000       0.000000       0.004110       0.000000       0.078031
        0.580000       0.589333       0.124670       0.028089       0.010946       0.200379       0.000000       0.000000       0.005111       0.000000       0.080511
        0.590000       0.579674       0.126047       0.026850       0.010206       0.205274       0.000000       0.000000       0.006077       0.000000       0.082918
        0.600000       0.570305       0.127394       0.025658       0.009499       0.210083       0.000000       0.000000       0.006991       0.000000       0.085232
        0.610000       0.561150       0.128690       0.024515       0.008826       0.214835       0.000000       0.000000       0.007855       0.000000       0.087497
        0.620000       0.552238       0.129940       0.023417       0.008187       0.219481       0.000000       0.000000       0.008652       0.000000       0.089678
        0.630000       0.543571       0.131152       0.022363       0.007578       0.224056       0.000000       0.000000       0.009395       0.000000       0.091822
        0.640000       0.535133       0.132335       0.021351       0.007001       0.228578       0.000000       0.000000       0.010076       0.000000       0.093907
        0.650000       0.526909       0.133470       0.020380       0.006453       0.232997       0.000000       0.000000       0.010693       0.000000       0.095938
        0.660000       0.518898       0.134574       0.019450       0.005934       0.237362       0.000000       0.000000       0.011256       0.000000       0.097936
        0.670000       0.511086       0.135636       0.018558       0.005443       0.241632       0.000000       0.000000       0.011755       0.000000       0.099880
        0.680000       0.503502       0.136679       0.017703       0.004979       0.245842       0.000000       0.000000       0.012205       0.000000       0.101782
        0.690000       0.496071       0.137682       0.016883       0.004540       0.249979       0.000000       0.000000       0.012592       0.000000       0.103647
        0.700000       0.488838       0.138669       0.016096       0.004126       0.254083       0.000000       0.000000       0.012938       0.000000       0.105496
        0.710000       0.481789       0.139612       0.015344       0.003737       0.258074       0.000000       0.000000       0.013233       0.000000       0.107303
        0.720000       0.474892       0.140538       0.014622       0.003370       0.262035       0.000000       0.000000       0.013480       0.000000       0.109079
        0.730000       0.468193       0.141443       0.013930       0.003025       0.265894       0.000000       0.000000       0.013678       0.000000       0.110796
        0.740000       0.461617       0.142323       0.013265       0.002701       0.269725       0.000000       0.000000       0.013834       0.000000       0.112515
        0.750000       0.455223       0.143176       0.012631       0.002399       0.273460       0.000000       0.000000       0.013955       0.000000       0.114185
        0.760000       0.448967       0.144011       0.012023       0.002116       0.277162       0.000000       0.000000       0.014044       0.000000       0.115849
        0.770000       0.442863       0.144833       0.011439       0.001852       0.280783       0.000000       0.000000       0.014086       0.000000       0.117459
        0.780000       0.436897       0.145624       0.010881       0.001608       0.284332       0.000000       0.000000       0.014103       0.000000       0.119048
        0.790000       0.431053       0.146406       0.010346       0.001381       0.287831       0.000000       0.000000       0.014078       0.000000       0.120602
        0.800000       0.425346       0.147185       0.009831       0.001170       0.291306       0.000000       0.000000       0.014029       0.000000       0.122150
        0.810000       0.419792       0.147933       0.009342       0.000979       0.294673       0.000000       0.000000       0.013963       0.000000       0.123656
        0.820000       0.414314       0.148673       0.008871       0.000802       0.298013       0.000000       0.000000       0.013853       0.000000       0.125129
        0.830000       0.408989       0.149401       0.008422       0.000643       0.301303       0.000000       0.000000       0.013740       0.000000       0.126599
        0.840000       0.403755       0.150111       0.007991       0.000499       0.304526       0.000000       0.000000       0.013594       0.000000       0.128041
        0.850000       0.398613       0.150812       0.007577       0.000372       0.307703       0.000000       0.000000       0.013418       0.000000       0.129428
        0.860000       0.393608       0.151508       0.007182       0.000260       0.310823       0.000000       0.000000       0.013231       0.000000       0.130820
        0.870000       0.388710       0.152193       0.006805       0.000165       0.313895       0.000000       0.000000       0.013033       0.000000       0.132177
        0.880000       0.383873       0.152863       0.006442       0.000088       0.316932       0.000000       0.000000       0.012809       0.000000       0.133525
        0.890000       0.379158       0.153527       0.006096       0.000030       0.319896       0.000000       0.000000       0.012572       0.000000       0.134849
        0.900000       0.374519       0.154198       0.005763       0.000000       0.322838       0.000000       0.000000       0.012307       0.000000       0.136110
        0.910000       0.369987       0.154861       0.005446       0.000000       0.325733       0.000000       0.000000       0.012040       0.000000       0.137384
        0.920000       0.365517       0.155511       0.005142       0.000000       0.328578       0.000000       0.000000       0.011752       0.000000       0.138627
        0.930000       0.361153       0.156154       0.004853       0.000000       0.331375       0.000000       0.000000       0.011465       0.000000       0.139841
        0.940000       0.356865       0.156790       0.004576       0.000000       0.334126       0.000000       0.000000       0.011168       0.000000       0.141040
        0.950000       0.352684       0.157421       0.004314       0.000000       0.336821       0.000000       0.000000       0.010873       0.000000       0.142226
        0.960000       0.348534       0.158021       0.004063       0.000000       0.339479       0.000000       0.000000       0.010570       0.000000       0.143395
        0.970000       0.344475       0.158629       0.003824       0.000000       0.342100       0.000000       0.000000       0.010260       0.000000       0.144557
        0.980000       0.340523       0.159225       0.003598       0.000000       0.344630       0.000000       0.000000       0.009954       0.000000       0.145675
        0.990000       0.336617       0.159814       0.003381       0.000000       0.347152       0.000000       0.000000       0.009642       0.000000       0.146790
        1.000000       0.332771       0.160392       0.003175       0.000000       0.349642       0.000000       0.000000       0.009330       0.000000       0.147894
        1.010000       0.328987       0.160962       0.002979       0.000000       0.352084       0.000000       0.000000       0.009014       0.000000       0.148983
        1.020000       0.325294       0.161532       0.002793       0.000000       0.354470       0.000000       0.000000       0.008700       0.000000       0.150023
        1.030000       0.321663       0.162094       0.002617       0.000000       0.356820       0.000000       0.000000       0.008387       0.000000       0.151072
        1.040000       0.318092       0.162628       0.002450       0.000000       0.359075       0.000000       0.000000       0.008076       0.000000       0.152094
        1.050000       0.314568       0.163176       0.002291       0.000000       0.361381       0.000000       0.000000       0.007768       0.000000       0.153134
        1.060000       0.311104       0.163725       0.002139       0.000000       0.363619       0.000000       0.000000       0.007449       0.000000       0.154128
        1.070000       0.307701       0.164256       0.001996       0.000000       0.365803       0.000000       0.000000       0.007138       0.000000       0.155103
        1.080000       0.304344       0.164765       0.001861       0.000000       0.367948       0.000000       0.000000       0.006838       0.000000       0.156079
        1.090000       0.301064       0.165299       0.001732       0.000000       0.370068       0.000000       0.000000       0.006530       0.000000       0.157022
        1.100000       0.297844       0.165817       0.001611       0.000000       0.372158       0.000000       0.000000       0.006240       0.000000       0.157978
        1.110000       0.294640       0.166319       0.001496       0.000000       0.374205       0.000000       0.000000       0.005941       0.000000       0.158902
        1.120000       0.291496       0.166833       0.001387       0.000000       0.376234       0.000000       0.000000       0.005642       0.000000       0.159811
        1.130000       0.288399       0.167344       0.001284       0.000000       0.378244       0.000000       0.000000       0.005350       0.000000       0.160701
        1.140000       0.285332       0.167827       0.001188       0.000000       0.380173       0.000000       0.000000       0.005057       0.000000       0.161577
        1.150000       0.282356       0.168334       0.001097       0.000000       0.382100       0.000000       0.000000       0.004778       0.000000       0.162449
        1.160000       0.279396       0.168817       0.001011       0.000000       0.383996       0.000000       0.000000       0.004503       0.000000       0.163310
        1.170000       0.276497       0.169293       0.000931       0.000000       0.385816       0.000000       0.000000       0.004232       0.000000       0.164135
        1.180000       0.273613       0.169783       0.000855       0.000000       0.387671       0.000000       0.000000       0.003958       0.000000       0.164958
        1.190000       0.270805       0.170235       0.000785       0.000000       0.389431       0.000000       0.000000       0.003710       0.000074       0.165743
        1.200000       0.268242       0.170433       0.000730       0.000000       0.390610       0.000000       0.000000       0.003581       0.001006       0.166111
        1.210000       0.265800       0.170512       0.000682       0.000000       0.391539       0.000000       0.000000       0.003507       0.002298       0.166302
        1.220000       0.263496       0.170545       0.000640       0.000000       0.392310       0.000000       0.000000       0.003471       0.003765       0.166414
        1.230000       0.261177       0.170500       0.000600       0.000000       0.393021       0.000000       0.000000       0.003448       0.005381       0.166474
        1.240000       0.258995       0.170450       0.000565       0.000000       0.393599       0.000000       0.000000       0.003447       0.007046       0.166449
        1.250000       0.256844       0.170379       0.000531       0.000000       0.394136       0.000000       0.000000       0.003449       0.008804       0.166402
        1.260000       0.254738       0.170285       0.000500       0.000000       0.394638       0.000000       0.000000       0.003466       0.010607       0.166312
        1.270000       0.252632       0.170147       0.000471       0.000000       0.395075       0.000000       0.000000       0.003482       0.012454       0.166182
        1.280000       0.250633       0.170022       0.000444       0.000000       0.395461       0.000000       0.000000       0.003515       0.014319       0.166066
        1.290000       0.248665       0.169877       0.000419       0.000000       0.395783       0.000000       0.000000       0.003548       0.016198       0.165911
        1.300000       0.246696       0.169718       0.000395       0.000000       0.396147       0.000000       0.000000       0.003587       0.018128       0.165735
        1.310000       0.244789       0.169543       0.000372       0.000000       0.396415       0.000000       0.000000       0.003632       0.020032       0.165539
        1.320000       0.242958       0.169388       0.000351       0.000000       0.396678       0.000000       0.000000       0.003688       0.021958       0.165369
        1.330000       0.241112       0.169214       0.000331       0.000000       0.396939       0.000000       0.000000       0.003738       0.023898       0.165134
        1.340000       0.239311       0.169026       0.000312       0.000000       0.397122       0.000000       0.000000       0.003789       0.025824       0.164904
        1.350000       0.237526       0.168832       0.000294       0.000000       0.397352       0.000000       0.000000       0.003852       0.027779       0.164685
        1.360000       0.235817       0.168639       0.000278       0.000000       0.397471       0.000000       0.000000       0.003914       0.029676       0.164443
        1.370000       0.234093       0.168447       0.000262       0.000000       0.397669       0.000000       0.000000       0.003979       0.031632       0.164192
        1.380000       0.232430       0.168239       0.000247       0.000000       0.397769       0.000000       0.000000       0.004049       0.033533       0.163957
        1.390000       0.230766       0.168039       0.000233       0.000000       0.397924       0.000000       0.000000       0.004120       0.035473       0.163701
        1.400000       0.229118       0.167833       0.000219       0.000000       0.398057       0.000000       0.000000       0.004186       0.037412       0.163431
