   9.9999997764825821E-003   16790984624809.703        8.0398398146558248E-002   41.526769999999999     
   1.9999999552965164E-002   33619984798497.324        6.6745866348865229E-002   37.220340000000000     
   2.9999999329447746E-002   50474462925482.812        5.3946334656830221E-002   29.706060000000001     
   3.9999999105930328E-002   67356269484344.031        5.6195340109387516E-002   20.459740000000000     
   4.9999997019767761E-002   84266458709616.781        7.7292490811144948E-002   16.003240000000002     
   5.9999998658895493E-002   101205364689710.30       0.10785352281760201        14.379690000000000     
   7.0000000298023224E-002   118175429982105.48       0.14172441929110366        13.762330000000000     
   7.9999998211860657E-002   135177634579469.41       0.17479613093161406        13.507700000000000     
   8.9999996125698090E-002   152209535924321.22       0.20466965534915149        13.388130000000000     
   9.9999994039535522E-002   169275751860895.25       0.23048354656680584        13.318360000000000     
  0.10999999940395355        186377277230232.38       0.25243650245434551        13.265770000000000     
  0.11999999731779099        203516220501404.22       0.27090682334655819        13.218520000000000     
  0.12999999523162842        220696056193866.88       0.28692802717497279        13.170949999999999     
  0.14000000059604645        237919056108803.12       0.30176792879075803        13.119230000000000     
  0.14999999105930328        255190565660760.88       0.31641882272607091        13.060980000000001     
  0.15999999642372131        272515440267954.28       0.33175777535039580        12.994630000000001     
  0.17000000178813934        289904162882246.62       0.34861077531877016        12.919810000000000     
  0.17999999225139618        307364009206772.44       0.36778234238949525        12.837850000000000     
  0.18999999761581421        324896434382158.62       0.39004475191044286        12.752020000000000     
  0.19999998807907104        342515039518754.62       0.41613840486837123        12.667080000000000     
  0.20999999344348907        360227130016442.44       0.44667761604403183        12.588509999999999     
  0.21999999880790710        378046247592076.56       0.48211922917776395        12.521400000000000     
  0.22999998927116394        395978539472386.94       0.52268851153395801        12.469530000000001     
  0.23999999463558197        414027747447557.12       0.56837491348347247        12.434860000000000     
  0.25000000000000000        432205364158864.88       0.61897154601522442        12.417500000000000     
  0.25999999046325684        450531197336884.56       0.67411931588338603        12.416110000000000     
  0.26999998092651367        469000673682503.06       0.73323678750162025        12.428369999999999     
  0.28000000119209290        487635263944154.19       0.79573469497227656        12.451499999999999     
  0.28999999165534973        506433008136503.81       0.86088383858339579        12.482600000000000     
  0.29999998211860657        525399132887109.50       0.92796304477047797        12.518950000000000     
  0.31000000238418579        544554188345233.19       0.99632103396187932        12.558180000000000     
  0.31999999284744263        563908508979000.50        1.0653003591251886        12.598280000000001     
  0.32999998331069946        583438277996926.00        1.1236866245338297        12.631320000000001     
  0.34000000357627869        603137853016987.38        1.1743854527307482        12.657980000000000     
  0.34999999403953552        622985436626528.12        1.2216784101548459        12.680130000000000     
  0.35999998450279236        642985958485631.62        1.2663392251654482        12.697990000000001     
  0.37000000476837158        663142744630016.25        1.3087431635396731        12.711760000000000     
  0.37999999523162842        683429424347912.75        1.3490551323827507        12.721620000000000     
  0.38999998569488525        703893037287342.12        1.3863969597639210        12.727650000000001     
  0.39999997615814209        724484227453979.38        1.4186420235483139        12.730100000000000     
  0.40999999642372131        745205786342088.25        1.4489883279039708        12.729630000000000     
  0.41999998688697815        766065969647470.75        1.4777570135547267        12.726410000000000     
  0.42999997735023499        787061629514892.75        1.5051385387075495        12.720570000000000     
  0.43999999761581421        808182015721764.00        1.5312158914536524        12.712289999999999     
  0.44999998807907104        829447737810840.75        1.5560690520051230        12.701730000000000     
  0.45999997854232788        850857013977274.00        1.5797612659139226        12.689060000000000     
  0.46999999880790710        872386740151517.88        1.6023604402077241        12.674429999999999     
  0.47999998927116394        894068513672899.88        1.6239388151611402        12.657999999999999     
  0.48999997973442078        915866104509484.50        1.6444941090237546        12.639939999999999     
  0.50000000000000000        937847696393503.88        1.6641366035486043        12.620350000000000     
  0.50999999046325684        959937800192844.12        1.6828647204060823        12.599380000000000     
  0.51999998092651367        982167241131397.38        1.7007182973399828        12.577170000000001     
  0.52999997138977051        1004584068546599.1        1.7177392392543203        12.553839999999999     
  0.53999996185302734        1027108695155182.0        1.7338698203789797        12.529620000000000     
  0.55000001192092896        1049800336271636.6        1.7492689401612789        12.504429999999999     
  0.56000000238418579        1072626325473726.4        1.7639241132787076        12.478450000000000     
  0.56999999284744263        1095581792494863.1        1.7779099643914993        12.451660000000000     
  0.57999998331069946        1118703798875911.9        1.7912513462487243        12.424160000000001     
  0.58999997377395630        1141989850090084.0        1.8039833793361009        12.395980000000000     
  0.59999996423721313        1165379127198523.5        1.8160841237750991        12.367310000000000     
  0.61000001430511475        1188993268078941.5        1.8276431290169308        12.338060000000000     
  0.62000000476837158        1212684026567878.0        1.8386382667459054        12.308380000000000     
  0.62999999523162842        1236559736400169.0        1.8491093224962045        12.278300000000000     
  0.63999998569488525        1260600916509462.8        1.8590596699637687        12.247920000000001     
  0.64999997615814209        1284759814525798.2        1.8685399361457982        12.217180000000001     
  0.65999996662139893        1309122551016890.5        1.8775518691433062        12.186180000000000     
  0.66999995708465576        1333569388696868.2        1.8860995805373155        12.155030000000000     
  0.68000000715255737        1358195357157693.0        1.8942142214453228        12.123699999999999     
  0.68999999761581421        1382963276071509.8        1.9019200971013230        12.092219999999999     
  0.69999998807907104        1407977084054526.2        1.9092292879919937        12.060610000000000     
  0.70999997854232788        1433067866007031.2        1.9161473012798562        12.028969999999999     
  0.71999996900558472        1458385055962383.8        1.9227062198945428        11.997230000000000     
  0.72999995946884155        1483749166778767.0        1.9288967298959823        11.965540000000001     
  0.74000000953674316        1509383993145249.8        1.9347605532098373        11.933770000000001     
  0.75000000000000000        1535101020108779.2        1.9402868695750997        11.902089999999999     
  0.75999999046325684        1561066430668297.0        1.9455032425623704        11.870430000000001     
  0.76999998092651367        1587119387239409.0        1.9504176954808847        11.838820000000000     
  0.77999997138977051        1613309661570905.0        1.9550307070042745        11.807370000000001     
  0.78999996185302734        1639658516533986.2        1.9593717888157749        11.775969999999999     
  0.79999995231628418        1666275711307368.0        1.9634509465163281        11.744630000000001     
  0.81000000238418579        1692944340847398.8        1.9672603704600249        11.713509999999999     
  0.81999999284744263        1719783073357040.0        1.9708268934769204        11.682490000000000     
  0.82999998331069946        1746883968753504.0        1.9741611558407388        11.651560000000000     
  0.83999997377395630        1774083338564638.0        1.9772618086027507        11.620839999999999     
  0.84999996423721313        1801418244331306.8        1.9801480626616521        11.590220000000000     
  0.85999995470046997        1828934062683671.5        1.9828165893496768        11.559860000000000     
  0.87000000476837158        1856614638591099.0        1.9852827616269382        11.529669999999999     
  0.87999999523162842        1884523047945253.2        1.9875614635674610        11.499580000000000     
  0.88999998569488525        1912517815441102.5        1.9896456932685946        11.469780000000000     
  0.89999997615814209        1940679241083854.0        1.9915565673064963        11.440080000000000     
  0.90999996662139893        1969071707422060.8        1.9932933899688374        11.410600000000001     
  0.91999995708465576        1997569537820354.2        1.9948628529317887        11.381360000000001     
  0.93000000715255737        2026270850332435.2        1.9962755897404596        11.352270000000001     
  0.93999999761581421        2055084535337009.8        1.9975310954897720        11.323490000000000     
  0.94999998807907104        2084088992247447.0        1.9986407314436589        11.294919999999999     
  0.95999997854232788        2113327697102068.0        1.9996131023164934        11.266439999999999     
  0.96999996900558472        2142696117349716.5        2.0004461443111281        11.238300000000001     
  0.97999995946884155        2172119892334682.5        2.0011485703298626        11.210419999999999     
  0.98999994993209839        2201827093077672.2        2.0017279923555922        11.182670000000000     
   1.0000000000000000        2231727441466323.2        2.0021872003637506        11.155160000000000     
   1.0099999904632568        2261792903771007.0        2.0025310600029593        11.127850000000000     
   1.0199999809265137        2291926074659963.0        2.0027636127089679        11.100830000000000     
   1.0299999713897705        2322291355327284.0        2.0028901747486274        11.074009999999999     
   1.0399999618530273        2352652834810927.0        2.0029148653624302        11.047520000000000     
   1.0499999523162842        2383480196869160.0        2.0028417338234288        11.021110000000000     
   1.0599999427795410        2414369565736147.0        2.0026740482763126        10.994910000000001     
   1.0699999332427979        2445303836085336.0        2.0024173684949216        10.969080000000000     
   1.0799999237060547        2476516067991011.5        2.0020731825566020        10.943370000000000     
   1.0900000333786011        2507785555225843.5        2.0016479646820358        10.918010000000001     
   1.1000000238418579        2539392159938158.0        2.0011412441261500        10.892770000000001     
   1.1100000143051147        2571059346015348.0        2.0005586853448518        10.867780000000000     
   1.1200000047683716        2602967194534179.0        1.9999011581128092        10.842960000000000     
   1.1299999952316284        2635056787147636.5        1.9991733236617841        10.818360000000000     
   1.1399999856948853        2667172275324903.0        1.9983794276884677        10.794040000000001     
   1.1499999761581421        2699597797545943.0        1.9975195719711569        10.769900000000000     
   1.1599999666213989        2732144244922753.5        1.9965996398650518        10.746020000000000     
   1.1699999570846558        2764667410049533.5        1.9956236776485285        10.722440000000001     
   1.1799999475479126        2797693756865748.5        1.9945794588656607        10.698820000000000     
   1.1899999380111694        2830733407824838.0        1.9934915717449462        10.675649999999999     
   1.1999999284744263        2863953139860693.5        1.9923733888682977        10.653130000000001     
   1.2099999189376831        2897315416284491.0        1.9912199102908261        10.631060000000000     
   1.2200000286102295        2930761793897174.0        1.9900333022748751        10.609430000000000     
   1.2300000190734863        2964609909109873.5        1.9888000828666499        10.587960000000001     
   1.2400000095367432        2998281031707545.0        1.9875360690173471        10.566890000000001     
   1.2500000000000000        3032389052854258.0        1.9862241324803607        10.545890000000000     
   1.2599999904632568        3066577849154138.0        1.9848818750487263        10.525230000000001     
   1.2699999809265137        3100977373574192.0        1.9834944861471073        10.504659999999999     
   1.2799999713897705        3135551514869475.0        1.9820770854694738        10.484360000000001     
   1.2899999618530273        3170032764738615.5        1.9806350918345017        10.464399999999999     
   1.2999999523162842        3205072075886548.0        1.9791472781894865        10.444450000000000     
   1.3099999427795410        3239959102113363.0        1.9776350676197694        10.424780000000000     
   1.3199999332427979        3275082514450181.5        1.9761014020209777        10.405410000000000     
   1.3299999237060547        3310549221187960.0        1.9745188112686489        10.385980000000000     
   1.3399999141693115        3345758397731523.0        1.9729305374594714        10.367000000000001     
   1.3500000238418579        3381655826094865.5        1.9712961645895808        10.347970000000000     
   1.3600000143051147        3417136549697458.5        1.9696530507144592        10.329300000000000     
   1.3700000047683716        3453248744938633.0        1.9679748154549155        10.310680000000000     
   1.3799999952316284        3489222909697484.0        1.9662788834460059        10.292299999999999     
   1.3899999856948853        3525732328633056.5        1.9645473743801272        10.273940000000000     
   1.3999999761581421        3562228680999734.5        1.9628049110275338        10.255860000000000     
