   9.9999997764825821E-003   16781864011237.490        4.3184401655757557E-002   30.523399999999999     
   1.9999999552965164E-002   33584827561565.117        3.6957545431859501E-002   27.675590000000000     
   2.9999999329447746E-002   50402782401233.961        3.0469203935046246E-002   22.722660000000001     
   3.9999999105930328E-002   67242226549803.727        3.1500312383362435E-002   16.204670000000000     
   4.9999997019767761E-002   84112080167801.062        4.4080754795951409E-002   12.812550000000000     
   5.9999998658895493E-002   101021319097154.20        6.5075283543613333E-002   11.598580000000000     
   7.0000000298023224E-002   117977471463351.31        9.3058497506147933E-002   11.240320000000001     
   7.9999998211860657E-002   134992104149538.91       0.12728492854786125        11.226979999999999     
   8.9999996125698090E-002   152071163929401.47       0.16706453400617474        11.360820000000000     
   9.9999994039535522E-002   169219313192294.53       0.21170918578969672        11.556660000000001     
  0.10999999940395355        186449232449395.50       0.26048827289835513        11.774350000000000     
  0.11999999731779099        203756986881662.16       0.31022256164033357        11.983090000000001     
  0.12999999523162842        221152079448290.66       0.36101291054764562        12.176819999999999     
  0.14000000059604645        238638177697595.78       0.41300978695039642        12.354649999999999     
  0.14999999105930328        256214687694627.69       0.46611405871429085        12.516730000000001     
  0.15999999642372131        273888528781551.12       0.52020513054798390        12.663869999999999     
  0.17000000178813934        291663279416438.38       0.57513538470385439        12.797060000000000     
  0.17999999225139618        309546660753636.25       0.63075833374838119        12.917320000000000     
  0.18999999761581421        327540513991489.00       0.68690349853839705        13.025570000000000     
  0.19999998807907104        345641720971510.44       0.74338665136500415        13.122640000000001     
  0.20999999344348907        363872613647811.44       0.80008475941344859        13.209390000000001     
  0.21999999880790710        382221313321396.81       0.85677249163537894        13.286420000000000     
  0.22999998927116394        400699579904271.75       0.91329467640246664        13.354419999999999     
  0.23999999463558197        419318787250724.19       0.96948674355690545        13.413950000000000     
  0.25000000000000000        438066076669091.81        1.0251184996539313        13.465490000000001     
  0.25999999046325684        456960097716797.00        1.0800540697562093        13.509570000000000     
  0.26999998092651367        475999424949960.38        1.1341047352462508        13.546620000000001     
  0.28000000119209290        495188839544927.50        1.1871132589511806        13.577080000000000     
  0.28999999165534973        514532320865861.69        1.2389217432015895        13.601360000000000     
  0.29999998211860657        534034887663088.44        1.2894045723546470        13.619880000000000     
  0.31000000238418579        553702093228388.00        1.3384437413881269        13.633010000000001     
  0.31999999284744263        573517544957146.88        1.3789308230003789        13.639939999999999     
  0.32999998331069946        593456060007495.62        1.4093812149510896        13.642049999999999     
  0.34000000357627869        613515619000604.88        1.4357278708091772        13.640820000000000     
  0.34999999403953552        633678106920507.25        1.4591934813943526        13.636659999999999     
  0.35999998450279236        653917865777372.88        1.4803679032517523        13.629870000000000     
  0.37000000476837158        674269343798288.00        1.4996779280581984        13.620690000000000     
  0.37999999523162842        694702903629259.62        1.5173603638207387        13.609349999999999     
  0.38999998569488525        715233393644031.62        1.5336328926557066        13.596030000000001     
  0.39999997615814209        735865387141717.25        1.5475907874104251        13.582030000000000     
  0.40999999642372131        756562297729411.25        1.5576319013944446        13.570090000000000     
  0.41999998688697815        777286885685764.00        1.5664205127947974        13.557890000000000     
  0.42999997735023499        798117015882688.75        1.5743666075366454        13.545040000000000     
  0.43999999761581421        818956649038809.38        1.5815858498271693        13.531510000000001     
  0.44999998807907104        839909129835384.25        1.5882046351819026        13.517189999999999     
  0.45999997854232788        860901285486602.62        1.5942635336027804        13.502110000000000     
  0.46999999880790710        881918089438236.12        1.5998113157797675        13.486290000000000     
  0.47999998927116394        903023033336413.62        1.6049023813885923        13.469690000000000     
  0.48999997973442078        924198417919632.25        1.6095686528918414        13.452360000000001     
  0.50000000000000000        945382592740107.38        1.6138289205690926        13.434350000000000     
  0.50999999046325684        966632813126995.50        1.6177207076674942        13.415649999999999     
  0.51999998092651367        987980023091179.00        1.6212720016596001        13.396260000000000     
  0.52999997138977051        1009347426843654.4        1.6244966473357736        13.376260000000000     
  0.53999996185302734        1030780044653612.9        1.6274171118620926        13.355660000000000     
  0.55000001192092896        1052242359211059.4        1.6300511560664082        13.334510000000000     
  0.56000000238418579        1073789131318361.5        1.6324215803569926        13.312770000000000     
  0.56999999284744263        1095420479762509.1        1.6345416185748249        13.290500000000000     
  0.57999998331069946        1117070477764079.0        1.6364213109521661        13.267790000000000     
  0.58999997377395630        1138757656093503.8        1.6380787175882037        13.244600000000000     
  0.59999996423721313        1160557206915422.5        1.6395283640875333        13.220960000000000     
  0.61000001430511475        1182368992797306.2        1.6407803316318124        13.196899999999999     
  0.62000000476837158        1204265473803025.5        1.6418458459661385        13.172480000000000     
  0.62999999523162842        1226141879807443.0        1.6427349618436600        13.147729999999999     
  0.63999998569488525        1248167601058229.5        1.6434615217186339        13.122590000000001     
  0.64999997615814209        1270200924676373.0        1.6440324512249678        13.097130000000000     
  0.65999996662139893        1292354460728347.2        1.6444572058457241        13.071370000000000     
  0.66999995708465576        1314482932725441.8        1.6447434408339214        13.045380000000000     
  0.68000000715255737        1336691110792793.8        1.6448999930791184        13.019180000000000     
  0.68999999761581421        1358977569486523.8        1.6449346340549089        12.992670000000000     
  0.69999998807907104        1381340289427802.5        1.6448538900614604        12.965940000000000     
  0.70999997854232788        1403745891472453.8        1.6446648065207898        12.939050000000000     
  0.71999996900558472        1426119421029818.2        1.6443747484001354        12.912070000000000     
  0.72999995946884155        1448647967609069.5        1.6439873338990820        12.884810000000000     
  0.74000000953674316        1471173544513572.0        1.6435116888137871        12.857540000000000     
  0.75000000000000000        1493812206632508.2        1.6429496625552302        12.830050000000000     
  0.75999999046325684        1516475101297394.5        1.6423083661695839        12.802490000000001     
  0.76999998092651367        1539212119044010.5        1.6415918146089581        12.774830000000000     
  0.77999997138977051        1562054500850713.5        1.6408099184566367        12.747270000000000     
  0.78999996185302734        1584895576000527.0        1.6400538321431846        12.722619999999999     
  0.79999995231628418        1607790461656788.5        1.6392802609415804        12.699130000000000     
  0.81000000238418579        1630723240362844.8        1.6384738828463734        12.676240000000000     
  0.81999999284744263        1653655425133951.2        1.6376353731625832        12.653890000000001     
  0.82999998331069946        1676854524271478.5        1.6367500646121100        12.631670000000000     
  0.83999997377395630        1699876393219998.2        1.6358317760730772        12.609880000000000     
  0.84999996423721313        1723061356705721.2        1.6348689208649128        12.588210000000000     
  0.85999995470046997        1746158061457910.5        1.6338701852176873        12.566800000000001     
  0.87000000476837158        1769520373919631.2        1.6328255742161708        12.545430000000000     
  0.87999999523162842        1792738478975551.0        1.6317465407304361        12.524279999999999     
  0.88999998569488525        1816090219395166.0        1.6306267917071970        12.503220000000001     
  0.89999997615814209        1839401097090237.5        1.6294706792100189        12.482279999999999     
  0.90999996662139893        1862649374041605.0        1.6282841458640227        12.461550000000001     
  0.91999995708465576        1886203408705107.2        1.6270461910318881        12.440630000000001     
  0.93000000715255737        1909657068362100.5        1.6257817286080138        12.419940000000000     
  0.93999999761581421        1933168339709220.5        1.6244844319399194        12.399330000000001     
  0.94999998807907104        1956659060907079.0        1.6231502475068000        12.378720000000000     
  0.95999997854232788        1980433207862961.5        1.6217827943112948        12.358160000000000     
  0.96999996900558472        2004075501259998.0        1.6203813715850890        12.337600000000000     
  0.97999995946884155        2027706747466968.8        1.6189606830423311        12.317250000000000     
  0.98999994993209839        2051426371194463.8        1.6174995262300680        12.296790000000000     
   1.0000000000000000        2075391646417178.0        1.6160063869454651        12.276310000000000     
   1.0099999904632568        2099275671338766.0        1.6144892180096795        12.255920000000000     
   1.0199999809265137        2123052312821437.5        1.6129517823704489        12.235650000000000     
   1.0299999713897705        2147057262898795.8        1.6113764162553994        12.215249999999999     
   1.0399999618530273        2171071715935350.0        1.6097772263472436        12.194889999999999     
   1.0499999523162842        2195082605362206.2        1.6081493010428649        12.174490000000000     
   1.0599999427795410        2219210618761154.2        1.6065031743543035        12.154190000000000     
   1.0699999332427979        2243143583922601.8        1.6048545153974023        12.134140000000000     
   1.0799999237060547        2267409390229894.0        1.6031655350843301        12.113880000000000     
   1.0900000333786011        2291463042973132.0        1.6014748825529841        12.093870000000001     
   1.1000000238418579        2315625742173146.0        1.5997669441823783        12.073910000000000     
   1.1100000143051147        2340145990212914.0        1.5980242427701088        12.053780000000000     
   1.1200000047683716        2364406807466628.0        1.5962905603891964        12.033980000000000     
   1.1299999952316284        2388785936562333.5        1.5945325521446359        12.014120000000000     
   1.1399999856948853        2413101395831425.0        1.5927766516850235        11.994490000000001     
   1.1499999761581421        2437582919312469.0        1.5909987724222401        11.974800000000000     
   1.1599999666213989        2462119559956850.0        1.5892080870677558        11.955170000000001     
   1.1699999570846558        2486513418639309.5        1.5874164441267198        11.935700000000001     
   1.1799999475479126        2511364844807062.0        1.5856073177679741        11.916219999999999     
   1.1899999380111694        2535910750836659.5        1.5837959167091322        11.896879999999999     
   1.1999999284744263        2560643390014460.5        1.5819702304733929        11.877540000000000     
   1.2099999189376831        2585328989544241.5        1.5801485267566417        11.858390000000000     
   1.2200000286102295        2610030506530675.0        1.5783249166395925        11.839359999999999     
   1.2300000190734863        2634764571152355.5        1.5764887828973340        11.820340000000000     
   1.2400000095367432        2659556603825132.5        1.5746470830132038        11.801399999999999     
   1.2500000000000000        2684534181776213.5        1.5728002555751943        11.782530000000000     
   1.2599999904632568        2709608927485075.5        1.5709378227116280        11.763620000000000     
   1.2699999809265137        2734310206897529.0        1.5691025199336732        11.745110000000000     
   1.2799999713897705        2759543652024966.0        1.5672390546257364        11.726419999999999     
   1.2899999618530273        2784634552764460.5        1.5653703321991326        11.707789999999999     
   1.2999999523162842        2809735431611112.0        1.5635208652343557        11.689460000000000     
   1.3099999427795410        2834953434429854.5        1.5616570919306549        11.671080000000000     
   1.3199999332427979        2860167398490939.0        1.5598012906496606        11.652880000000000     
   1.3299999237060547        2885312228523872.5        1.5579359309339351        11.634679999999999     
   1.3399999141693115        2910570381345219.0        1.5560846813593312        11.616709999999999     
   1.3500000238418579        2935872247778868.0        1.5542200222346629        11.598699999999999     
   1.3600000143051147        2961141804151250.0        1.5523706327550981        11.580909999999999     
   1.3700000047683716        2986424189518546.5        1.5505234824263179        11.563230000000001     
   1.3799999952316284        3012047255973024.0        1.5486533961891911        11.545410000000000     
   1.3899999856948853        3037437262353217.0        1.5468054299165808        11.527880000000000     
   1.3999999761581421        3063051538570438.0        1.5449545319461406        11.510389999999999     
   1.4099999666213989        3088446058856249.0        1.5431107543902842        11.493040000000001     
   1.4199999570846558        3114359915862127.5        1.5412445961912131        11.475550000000000     
   1.4299999475479126        3139987733796203.5        1.5394109881183193        11.458430000000000     
   1.4399999380111694        3165711769192140.0        1.5375640662484813        11.441260000000000     
   1.4499999284744263        3191049509296754.0        1.5357519294377397        11.424469999999999     
   1.4599999189376831        3217038677254262.0        1.5339041689985558        11.407410000000000     
   1.4699999094009399        3242928539288171.0        1.5320711778661045        11.390549999999999     
   1.4800000190734863        3268709592439284.0        1.5302562288093753        11.373910000000000     
   1.4900000095367432        3294570232873664.5        1.5284347241778100        11.357270000000000     
   1.5000000000000000        3320388822713602.0        1.5266360586506011        11.340890000000000     
   1.5099999904632568        3346474683280931.0        1.5248238974221149        11.324439999999999     
   1.5199999809265137        3372271891462677.5        1.5230229760058231        11.308149999999999     
   1.5299999713897705        3398578933405295.5        1.5212112909134041        11.291820000000000     
   1.5399999618530273        3424421755791183.5        1.5194306340858252        11.275810000000000     
   1.5499999523162842        3450588629085659.0        1.5176366791779299        11.259729999999999     
   1.5599999427795410        3477009706538631.0        1.5158510689042541        11.243770000000000     
   1.5699999332427979        3503234547884202.5        1.5140728988176104        11.227930000000001     
   1.5799999237060547        3529765146941910.0        1.5122829907640345        11.212030000000000     
   1.5899999141693115        3555846731177600.0        1.5105307614992205        11.196510000000000     
   1.5999999046325684        3581950172219442.0        1.5087802561149595        11.181050000000001     
   1.6100000143051147        3608228942858451.5        1.5070302305149308        11.165630000000000     
   1.6200000047683716        3635149638391159.5        1.5052558207509441        11.150050000000000     
   1.6299999952316284        3661277074404971.5        1.5035160100532357        11.134810000000000     
   1.6399999856948853        3687744241210044.0        1.5017931206451203        11.119750000000000     
   1.6499999761581421        3714719341184149.0        1.5000383624213702        11.104460000000000     
   1.6599999666213989        3740936817736344.5        1.4983280576346523        11.089589999999999     
   1.6699999570846558        3767241008791204.5        1.4966288449211835        11.074859999999999     
   1.6799999475479126        3794302110546034.0        1.4949028216123674        11.059930000000000     
   1.6899999380111694        3820713447465830.0        1.4932071122443378        11.045299999999999     
   1.6999999284744263        3847982426453075.5        1.4914768974604660        11.030410000000000     
   1.7099999189376831        3874255970464528.0        1.4898177864566393        11.016170000000001     
   1.7199999094009399        3901348669558685.5        1.4883131714461286        11.003290000000000     
   1.7300000190734863        3928132047331009.0        1.4879227820870551        10.999950000000000     
   1.7400000095367432        3955119263578090.0        1.4876431740782461        10.997560000000000     
   1.7500000000000000        3981843010281458.5        1.4874197292781350        10.995660000000001     
   1.7599999904632568        4009421548164517.0        1.4872207849588308        10.993980000000001     
   1.7699999809265137        4037150232802875.5        1.4870510994020041        10.992540000000000     
   1.7799999713897705        4064969195553596.0        1.4869173334437353        10.991410000000000     
   1.7899999618530273        4092657017467410.5        1.4868180033469403        10.990580000000000     
   1.7999999523162842        4120536799156986.5        1.4867298526418435        10.989839999999999     
   1.8099999427795410        4148923088571715.5        1.4866555708166485        10.989210000000000     
   1.8199999332427979        4177042344833034.5        1.4866175829765458        10.988899999999999     
   1.8299999237060547        4204362877373918.5        1.4865972370031564        10.988730000000000     
   1.8399999141693115        4233561194651957.0        1.4865279823528257        10.988149999999999     
   1.8499999046325684        4261678550321435.5        1.4865123694669473        10.988020000000001     
   1.8600000143051147        4289973611327882.0        1.4864771508611281        10.987730000000001     
   1.8700000047683716        4318611729161309.0        1.4864281592067694        10.987330000000000     
   1.8799999952316284        4348067101485602.0        1.4863446505043767        10.986640000000000     
   1.8899999856948853        4376431534094179.5        1.4863110528272809        10.986370000000001     
   1.8999999761581421        4404959892748891.5        1.4863265031406294        10.986490000000000     
   1.9099999666213989        4434720310063379.0        1.4863716038080155        10.986860000000000     
   1.9199999570846558        4463806017274943.5        1.4864471006893780        10.987480000000000     
   1.9299999475479126        4492241722077492.5        1.4865849451383937        10.988630000000001     
   1.9399999380111694        4521328379584976.0        1.4867216523576028        10.989770000000000     
   1.9499999284744263        4550864527062435.0        1.4868390874636628        10.990750000000000     
   1.9599999189376831        4580417779866449.0        1.4869794743211457        10.991930000000000     
   1.9699999094009399        4609780973486539.0        1.4871056172978108        10.993000000000000     
   1.9799998998641968        4638905167682847.0        1.4872326426957732        10.994080000000000     
   1.9900000095367432        4667953338205586.0        1.4873338029626140        10.994930000000000     
   2.0000000000000000        4698352829526013.0        1.4873562506819147        10.995120000000000     
