        0.067568       2.885117       1.580445      -0.598592
        0.135135       5.661342       3.158127      -1.191327
        0.202703       8.339626       4.730396      -1.775606
        0.270270      10.927112       6.294619      -2.349367
        0.337838      13.429500       7.848328      -2.910961
        0.405405      15.851483       9.389199      -3.459075
        0.472973      18.196854      10.915009      -3.992675
        0.540541      20.469423      12.424159      -4.511148
        0.608108      22.671639      13.914683      -5.013934
        0.675676      24.806108      15.385371      -5.500824
        0.743243      26.875204      16.835091      -5.971431
        0.810811      28.883024      18.262312      -6.401822
        0.878378      30.831133      19.666859      -6.801459
        0.945946      32.720030      21.048135      -7.177350
        1.013513      34.549961      22.405376      -7.532569
        1.081081      36.321949      23.738575      -7.869420
        1.148649      38.036501      25.047573      -8.189678
        1.216216      39.694496      26.332636      -8.494940
        1.283784      41.296224      27.593725      -8.786516
        1.351351      42.841511      28.830546      -9.065603
        1.418919      44.332223      30.044457      -9.333518
        1.486486      45.768288      31.235254      -9.591225
        1.554054      47.150211      32.403309      -9.839736
        1.621622      48.479485      33.549690     -10.080047
        1.689189      49.755702      34.673821     -10.312845
        1.756757      50.980816      35.777092     -10.539082
        1.824324      52.155521      36.859692     -10.759432
        1.891892      53.281303      37.922443     -10.974624
        1.959459      54.358670      38.965229     -11.185057
        2.027027      55.389858      39.989323     -11.391531
        2.094595      56.376161      40.995138     -11.594482
        2.162162      57.292046      41.919396     -11.746958
        2.229730      58.139194      42.746104     -11.836412
        2.297297      58.948671      43.533171     -11.904216
        2.364865      59.726883      44.291332     -11.958512
        2.432432      60.476670      45.025072     -12.003000
        2.500000      61.203576      45.740361     -12.040061
        2.567568      61.906482      46.436876     -12.070876
        2.635135      62.588651      47.117722     -12.096639
        2.702703      63.237047      47.761326     -12.119574
        2.770270      63.822305      48.323142     -12.143609
        2.837838      64.385066      48.862816     -12.167307
        2.905405      64.933143      49.390445     -12.190689
        2.972973      65.464975      49.905810     -12.213251
        3.040540      65.985847      50.414030     -12.235279
        3.108108      66.494780      50.914329     -12.256981
        3.175676      66.990375      51.406076     -12.277622
        3.243243      67.477960      51.893216     -12.298490
        3.310811      67.954654      52.374041     -12.318538
        3.378378      68.420277      52.848218     -12.337630
        3.445946      68.877203      53.317650     -12.356467
        3.513513      69.325326      53.782403     -12.375039
        3.581081      69.764644      54.242441     -12.392784
        3.648648      70.195032      54.697615     -12.409664
        3.716216      70.616561      55.148023     -12.426065
        3.783784      71.033124      55.596426     -12.442709
        3.851351      71.439805      56.039609     -12.457849
        3.918919      71.838323      56.478240     -12.472366
        3.986486      72.230101      56.913649     -12.486416
        4.054054      72.615144      57.345868     -12.500078
        4.121622      72.993355      57.774832     -12.512798
        4.189189      73.364365      58.199942     -12.524923
        4.256757      73.728540      58.621512     -12.536367
        4.324324      74.086192      59.040155     -12.547205
        4.391892      74.439889      59.457767     -12.557094
        4.459459      74.786395      59.871022     -12.567054
        4.527027      75.127099      60.281627     -12.575480
        4.594595      75.459243      60.687308     -12.582876
        4.662162      75.788448      61.092715     -12.590393
        4.729730      76.113558      61.496509     -12.596329
        4.797297      76.431806      61.896656     -12.601829
        4.864865      76.743199      62.292396     -12.606236
        4.932432      77.052178      62.688759     -12.610204
        5.000000      77.353432      63.079757     -12.613000
        5.067568      77.651313      63.469944     -12.615392
        5.135135      77.944661      63.857989     -12.616754
        5.202703      78.234153      64.244312     -12.617033
        5.270270      78.517030      64.626236     -12.612300
        5.337838      78.784723      64.984109     -12.549849
        5.405405      79.044555      65.331758     -12.463187
        5.472973      79.299820      65.674434     -12.362153
        5.540540      79.546501      66.008623     -12.252561
        5.608108      79.793752      66.343861     -12.135166
        5.675675      80.034524      66.672905     -12.010600
        5.743243      80.271158      66.999635     -11.881841
        5.810810      80.503295      67.322475     -11.747046
        5.878378      80.734054      67.644916     -11.609159
        5.945946      80.962055      67.964900     -11.467251
        6.013513      81.185385      68.281786     -11.320977
        6.081081      81.405468      68.596886     -11.172036
        6.148648      81.621834      68.908788     -11.020325
        6.216216      81.839982      69.224006     -10.864477
        6.283784      82.052229      69.534310     -10.706628
        6.351351      82.259362      69.841128     -10.546585
        6.418919      82.465746      70.149072     -10.381303
        6.486486      82.672114      70.455718     -10.216658
        6.554054      82.878405      70.764204     -10.047874
        6.621621      83.075044      71.065035      -9.878308
        6.689189      83.272007      71.368236      -9.704751
        6.756757      83.471178      71.672779      -9.529850
        6.824324      83.665769      71.974636      -9.352985
        6.891892      83.852424      72.271588      -9.173815
        6.959459      84.045757      72.574393      -8.991434
        7.027027      84.233742      72.873504      -8.806524
        7.094594      84.418126      73.172510      -8.619169
        7.162162      84.601967      73.469973      -8.431721
        7.229729      84.779110      73.761316      -8.243292
        7.297297      84.961288      74.058987      -8.052986
        7.364865      85.135680      74.349698      -7.861812
        7.432432      85.311061      74.641374      -7.670795
        7.500000      85.487566      74.935531      -7.475714
        7.567568      85.655381      75.221735      -7.283302
        7.635135      85.826710      75.511550      -7.087713
        7.702703      85.992991      75.796129      -6.893597
        7.770270      86.159543      76.082443      -6.697613
        7.837838      86.322768      76.366534      -6.500382
        7.905405      86.485330      76.649949      -6.303535
        7.972973      86.651060      76.934413      -6.106974
        8.040540      86.807395      77.213504      -5.908517
        8.108108      86.968623      77.495756      -5.708538
        8.175675      87.127171      77.775016      -5.509574
        8.243243      87.278331      78.049068      -5.311405
        8.310811      87.433174      78.326282      -5.111122
        8.378378      87.582728      78.599868      -4.909273
        8.445946      87.737821      78.876831      -4.709943
        8.513513      87.888672      79.152078      -4.507167
        8.581081      88.031974      79.419434      -4.306912
        8.648648      88.182546      79.693295      -4.105833
        8.716216      88.328299      79.964941      -3.901908
        8.783783      88.470414      80.230873      -3.700522
        8.851351      88.616118      80.500494      -3.498956
        8.918918      88.759672      80.767367      -3.297866
        8.986486      88.897807      81.032755      -3.093131
        9.054053      89.034039      81.293787      -2.891737
        9.121622      89.174628      81.559416      -2.687827
        9.189189      89.311202      81.820543      -2.486948
        9.256757      89.444166      82.078548      -2.284276
        9.324324      89.581485      82.342239      -2.081303
        9.391892      89.716096      82.601390      -1.877619
        9.459459      89.844521      82.856559      -1.675343
        9.527027      89.975396      83.112837      -1.471957
        9.594594      90.113005      83.375539      -1.269237
        9.662162      90.238136      83.626385      -1.066265
        9.729729      90.370270      83.883464      -0.862169
        9.797297      90.492877      84.131747      -0.661870
        9.864864      90.619431      84.385344      -0.458506
        9.932432      90.749804      84.639709      -0.255848
       10.000000      90.867486      84.884404      -0.053288
       10.067568      90.995281      85.136241       0.148846
       10.135135      91.115407      85.380802       0.347619
       10.202703      91.237677      85.627608       0.549911
       10.270270      91.357472      85.873593       0.752190
       10.337838      91.477269      86.119181       0.954513
       10.405405      91.599186      86.363220       1.154214
       10.472973      91.716493      86.606203       1.357363
       10.540540      91.836368      86.849014       1.555397
       10.608108      91.953580      87.090488       1.756115
       10.675675      92.075541      87.335363       1.958452
       10.743243      92.188710      87.572076       2.156455
       10.810810      92.300322      87.807912       2.356791
       10.878378      92.415287      88.045576       2.555185
       10.945946      92.534388      88.287507       2.756907
       11.013513      92.645061      88.523036       2.958169
       11.081081      92.752241      88.752606       3.155055
       11.148648      92.871112      88.993201       3.354458
       11.216216      92.983467      89.226152       3.552563
       11.283783      93.088494      89.453717       3.749300
       11.351351      93.201501      89.687314       3.947772
       11.418918      93.308742      89.916868       4.145183
       11.486486      93.420328      90.151288       4.344917
       11.554053      93.524326      90.374062       4.539880
       11.621621      93.690545      90.598950       4.702655
       11.689189      94.309616      90.794875       4.871193
       11.756757      94.944897      90.981935       5.028163
       11.824324      95.581853      91.165993       5.177259
       11.891892      96.225200      91.349344       5.322214
       11.959459      96.869851      91.531299       5.465422
       12.027027      97.519077      91.712460       5.607875
       12.094594      98.160765      91.886436       5.746080
       12.162162      98.802347      92.059804       5.889182
       12.229729      99.442135      92.230103       6.027993
       12.297297     100.084296      92.397482       6.167348
       12.364864     100.705244      92.555374       6.308128
       12.432432     101.338570      92.727116       6.444387
       12.499999     101.958706      92.882615       6.587117
       12.567568     102.571505      93.040055       6.730126
       12.635135     103.181195      93.201112       6.866405
       12.702703     103.788781      93.365339       7.009408
       12.770270     104.386481      93.517230       7.152023
       12.837838     104.997558      93.666918       7.299067
       12.905405     105.636800      93.824592       7.445563
       12.972973     106.267830      93.975121       7.592712
       13.040540     106.902345      94.116045       7.748567
       13.108108     107.537546      94.260605       7.895498
       13.175675     108.181663      94.412013       8.054873
       13.243243     108.819560      94.557121       8.205063
       13.310810     109.447142      94.700022       8.360354
       13.378378     110.067545      94.840117       8.516580
       13.445946     110.678704      94.980375       8.672807
       13.513513     111.295065      95.133472       8.826205
