 dentity  pressure  energy
   0.100000E-01   0.121122E-01   0.942514E+01
   0.200000E-01   0.311156E-01   0.188722E+02
   0.300000E-01   0.720226E-01   0.283345E+02
   0.400000E-01   0.154135E+00   0.378113E+02
   0.500000E-01   0.287048E+00   0.473032E+02
   0.600000E-01   0.467149E+00   0.568108E+02
   0.700000E-01   0.681016E+00   0.663342E+02
   0.800000E-01   0.911774E+00   0.758726E+02
   0.900000E-01   0.114498E+01   0.854262E+02
   0.100000E+00   0.137237E+01   0.949959E+02
   0.110000E+00   0.159300E+01   0.104585E+03
   0.120000E+00   0.180823E+01   0.114192E+03
   0.130000E+00   0.202883E+01   0.123818E+03
   0.140000E+00   0.227358E+01   0.133469E+03
   0.150000E+00   0.256149E+01   0.143148E+03
   0.160000E+00   0.291246E+01   0.152857E+03
   0.170000E+00   0.334688E+01   0.162599E+03
   0.180000E+00   0.388539E+01   0.172384E+03
   0.190000E+00   0.454750E+01   0.182214E+03
   0.200000E+00   0.535081E+01   0.192090E+03
   0.210000E+00   0.631635E+01   0.202025E+03
   0.220000E+00   0.745774E+01   0.212022E+03
   0.230000E+00   0.879177E+01   0.222085E+03
   0.240000E+00   0.103293E+02   0.232220E+03
   0.250000E+00   0.120854E+02   0.242435E+03
   0.260000E+00   0.140700E+02   0.252735E+03
   0.270000E+00   0.162916E+02   0.263122E+03
   0.280000E+00   0.187584E+02   0.273606E+03
   0.290000E+00   0.214758E+02   0.284185E+03
   0.300000E+00   0.244514E+02   0.294878E+03
   0.310000E+00   0.276861E+02   0.305676E+03
   0.320000E+00   0.311842E+02   0.316590E+03
   0.330000E+00   0.345808E+02   0.327617E+03
   0.340000E+00   0.371041E+02   0.338743E+03
   0.350000E+00   0.395988E+02   0.349938E+03
   0.360000E+00   0.421803E+02   0.361209E+03
   0.370000E+00   0.448690E+02   0.372555E+03
   0.380000E+00   0.477031E+02   0.383973E+03
   0.390000E+00   0.506715E+02   0.395479E+03
   0.400000E+00   0.537974E+02   0.407059E+03
   0.410000E+00   0.570642E+02   0.418711E+03
   0.420000E+00   0.604851E+02   0.430455E+03
   0.430000E+00   0.640553E+02   0.442283E+03
   0.440000E+00   0.677038E+02   0.454190E+03
   0.450000E+00   0.714445E+02   0.466185E+03
   0.460000E+00   0.752905E+02   0.478256E+03
   0.470000E+00   0.791393E+02   0.490191E+03
   0.480000E+00   0.800512E+02   0.496493E+03
   0.490000E+00   0.811011E+02   0.502948E+03
   0.500000E+00   0.821507E+02   0.509434E+03
   0.510000E+00   0.832560E+02   0.515935E+03
   0.520000E+00   0.844939E+02   0.522612E+03
   0.530000E+00   0.857494E+02   0.529286E+03
   0.540000E+00   0.871416E+02   0.536169E+03
   0.550000E+00   0.884853E+02   0.542906E+03
   0.560000E+00   0.900332E+02   0.549966E+03
   0.570000E+00   0.915996E+02   0.557059E+03
   0.580000E+00   0.932441E+02   0.564173E+03
   0.590000E+00   0.950004E+02   0.571469E+03
   0.600000E+00   0.967026E+02   0.578622E+03
   0.610000E+00   0.985399E+02   0.585945E+03
   0.620000E+00   0.100438E+03   0.593308E+03
   0.630000E+00   0.102386E+03   0.600721E+03
   0.640000E+00   0.104371E+03   0.608131E+03
   0.650000E+00   0.106508E+03   0.615713E+03
   0.660000E+00   0.108601E+03   0.623189E+03
   0.670000E+00   0.110854E+03   0.630826E+03
   0.680000E+00   0.113117E+03   0.638501E+03
   0.690000E+00   0.115464E+03   0.646209E+03
   0.700000E+00   0.117833E+03   0.653924E+03
   0.710000E+00   0.120263E+03   0.661677E+03
   0.720000E+00   0.122772E+03   0.669452E+03
   0.730000E+00   0.125406E+03   0.677424E+03
   0.740000E+00   0.127958E+03   0.685267E+03
   0.750000E+00   0.130670E+03   0.693274E+03
   0.760000E+00   0.133462E+03   0.701333E+03
   0.770000E+00   0.136159E+03   0.709249E+03
   0.780000E+00   0.139031E+03   0.717329E+03
   0.790000E+00   0.142058E+03   0.725660E+03
   0.800000E+00   0.145056E+03   0.733816E+03
   0.810000E+00   0.148038E+03   0.742020E+03
   0.820000E+00   0.151107E+03   0.750251E+03
   0.830000E+00   0.154316E+03   0.758664E+03
   0.840000E+00   0.157490E+03   0.766932E+03
   0.850000E+00   0.160815E+03   0.775417E+03
   0.860000E+00   0.164167E+03   0.783940E+03
   0.870000E+00   0.167588E+03   0.792460E+03
   0.880000E+00   0.171048E+03   0.801049E+03
   0.890000E+00   0.174714E+03   0.809802E+03
   0.900000E+00   0.178289E+03   0.818439E+03
   0.910000E+00   0.182031E+03   0.827270E+03
   0.920000E+00   0.185798E+03   0.836147E+03
   0.930000E+00   0.189679E+03   0.845069E+03
   0.940000E+00   0.193703E+03   0.854141E+03
   0.950000E+00   0.197949E+03   0.863469E+03
   0.960000E+00   0.202396E+03   0.873006E+03
   0.970000E+00   0.207018E+03   0.882744E+03
   0.980000E+00   0.211608E+03   0.892340E+03
   0.990000E+00   0.216346E+03   0.902174E+03
   0.100000E+01   0.221032E+03   0.911825E+03
   0.101000E+01   0.225916E+03   0.921726E+03
   0.102000E+01   0.230729E+03   0.931489E+03
   0.103000E+01   0.235697E+03   0.941450E+03
   0.104000E+01   0.240615E+03   0.951307E+03
   0.105000E+01   0.245707E+03   0.961329E+03
   0.106000E+01   0.250738E+03   0.971269E+03
   0.107000E+01   0.255971E+03   0.981422E+03
   0.108000E+01   0.261086E+03   0.991396E+03
   0.109000E+01   0.266384E+03   0.100154E+04
   0.110000E+01   0.271634E+03   0.101161E+04
   0.111000E+01   0.277075E+03   0.102193E+04
   0.112000E+01   0.282417E+03   0.103205E+04
   0.113000E+01   0.287975E+03   0.104242E+04
   0.114000E+01   0.293482E+03   0.105263E+04
   0.115000E+01   0.299139E+03   0.106310E+04
   0.116000E+01   0.304681E+03   0.107337E+04
   0.117000E+01   0.310490E+03   0.108390E+04
   0.118000E+01   0.316114E+03   0.109428E+04
   0.119000E+01   0.321882E+03   0.110471E+04
   0.120000E+01   0.327777E+03   0.111530E+04
   0.121000E+01   0.333630E+03   0.112578E+04
   0.122000E+01   0.339699E+03   0.113654E+04
   0.123000E+01   0.345591E+03   0.114708E+04
   0.124000E+01   0.351616E+03   0.115767E+04
   0.125000E+01   0.357649E+03   0.116830E+04
   0.126000E+01   0.363732E+03   0.117898E+04
   0.127000E+01   0.369702E+03   0.118990E+04
   0.128000E+01   0.375660E+03   0.120088E+04
   0.129000E+01   0.381548E+03   0.121186E+04
   0.130000E+01   0.387404E+03   0.122289E+04
   0.131000E+01   0.393301E+03   0.123390E+04
   0.132000E+01   0.399250E+03   0.124507E+04
   0.133000E+01   0.405186E+03   0.125618E+04
   0.134000E+01   0.411250E+03   0.126734E+04
   0.135000E+01   0.417239E+03   0.127857E+04
   0.136000E+01   0.423286E+03   0.128981E+04
   0.137000E+01   0.429351E+03   0.130110E+04
   0.138000E+01   0.435363E+03   0.131223E+04
   0.139000E+01   0.440665E+03   0.132263E+04
   0.140000E+01   0.445491E+03   0.133264E+04
