        0.065789       0.996956       0.003037       0.003037       0.000000       0.000000       0.000000       0.000000       0.000000       0.000000       0.000000       0.000000       0.000000       0.000000       0.000000       0.000000
        0.131579       0.992058       0.007948       0.007948       0.000000       0.000000       0.000000       0.000000       0.000000       0.000000       0.000000       0.000000       0.000000       0.000000       0.000000       0.000000
        0.197368       0.986595       0.013401       0.013401       0.000000       0.000000       0.000000       0.000000       0.000000       0.000000       0.000000       0.000000       0.000000       0.000000       0.000000       0.000000
        0.263158       0.981178       0.018821       0.018821       0.000000       0.000000       0.000000       0.000000       0.000000       0.000000       0.000000       0.000000       0.000000       0.000000       0.000000       0.000000
        0.328947       0.976067       0.023935       0.023935       0.000000       0.000000       0.000000       0.000000       0.000000       0.000000       0.000000       0.000000       0.000000       0.000000       0.000000       0.000000
        0.394737       0.971367       0.028627       0.028627       0.000000       0.000000       0.000000       0.000000       0.000000       0.000000       0.000000       0.000000       0.000000       0.000000       0.000000       0.000000
        0.460526       0.967125       0.032869       0.032869       0.000000       0.000000       0.000000       0.000000       0.000000       0.000000       0.000000       0.000000       0.000000       0.000000       0.000000       0.000000
        0.526316       0.963326       0.036677       0.036677       0.000000       0.000000       0.000000       0.000000       0.000000       0.000000       0.000000       0.000000       0.000000       0.000000       0.000000       0.000000
        0.592105       0.959923       0.040085       0.040085       0.000000       0.000000       0.000000       0.000000       0.000000       0.000000       0.000000       0.000000       0.000000       0.000000       0.000000       0.000000
        0.657895       0.956856       0.043139       0.043139       0.000000       0.000000       0.000000       0.000000       0.000000       0.000000       0.000000       0.000000       0.000000       0.000000       0.000000       0.000000
        0.723684       0.954109       0.045887       0.045887       0.000000       0.000000       0.000000       0.000000       0.000000       0.000000       0.000000       0.000000       0.000000       0.000000       0.000000       0.000000
        0.789474       0.950996       0.049001       0.048133       0.000868       0.000000       0.000000       0.000000       0.000000       0.000000       0.000000       0.000000       0.000000       0.000000       0.000000       0.000000
        0.855263       0.947533       0.052469       0.049905       0.002564       0.000000       0.000000       0.000000       0.000000       0.000000       0.000000       0.000000       0.000000       0.000000       0.000000       0.000000
        0.921053       0.944130       0.055862       0.051409       0.004454       0.000000       0.000000       0.000000       0.000000       0.000000       0.000000       0.000000       0.000000       0.000000       0.000000       0.000000
        0.986842       0.940895       0.059107       0.052722       0.006384       0.000000       0.000000       0.000000       0.000000       0.000000       0.000000       0.000000       0.000000       0.000000       0.000000       0.000000
        1.052632       0.937813       0.062182       0.053893       0.008290       0.000000       0.000000       0.000000       0.000000       0.000000       0.000000       0.000000       0.000000       0.000000       0.000000       0.000000
        1.118421       0.906776       0.076415       0.051426       0.008181       0.000000       0.000000       0.000000       0.000000       0.000000       0.000000       0.000000       0.000000       0.000000       0.016807       0.000000
        1.184211       0.867516       0.093771       0.047773       0.007298       0.000000       0.000000       0.000000       0.000000       0.000000       0.000000       0.000000       0.000000       0.000000       0.038697       0.000000
        1.250000       0.829872       0.110302       0.044151       0.006328       0.000000       0.000000       0.000000       0.000000       0.000000       0.000000       0.000000       0.000000       0.000000       0.059820       0.000000
        1.315789       0.794655       0.125681       0.040668       0.005354       0.000000       0.000000       0.000000       0.000000       0.000000       0.000000       0.000000       0.000000       0.000000       0.079658       0.000000
        1.381579       0.762062       0.139849       0.037360       0.004413       0.000000       0.000000       0.000000       0.000000       0.000000       0.000000       0.000000       0.000000       0.000000       0.098079       0.000000
        1.447368       0.732079       0.152847       0.034238       0.003529       0.000000       0.000000       0.000000       0.000000       0.000000       0.000000       0.000000       0.000000       0.000000       0.115075       0.000000
        1.513158       0.704567       0.164741       0.031309       0.002719       0.000000       0.000000       0.000000       0.000000       0.000000       0.000000       0.000000       0.000000       0.000000       0.130708       0.000000
        1.578947       0.679390       0.175591       0.028573       0.001993       0.000000       0.000000       0.000000       0.000000       0.000000       0.000000       0.000000       0.000000       0.000000       0.145030       0.000000
        1.644737       0.656380       0.185496       0.026027       0.001361       0.000000       0.000000       0.000000       0.000000       0.000000       0.000000       0.000000       0.000000       0.000000       0.158113       0.000000
        1.710526       0.635414       0.194545       0.023666       0.000831       0.000000       0.000000       0.000000       0.000000       0.000000       0.000000       0.000000       0.000000       0.000000       0.170042       0.000000
        1.776316       0.616310       0.202798       0.021487       0.000411       0.000000       0.000000       0.000000       0.000000       0.000000       0.000000       0.000000       0.000000       0.000000       0.180893       0.000000
        1.842105       0.598915       0.210338       0.019481       0.000114       0.000000       0.000000       0.000000       0.000000       0.000000       0.000000       0.000000       0.000000       0.000000       0.190741       0.000000
        1.907895       0.583138       0.217254       0.017636       0.000000       0.000000       0.000000       0.000000       0.000000       0.000000       0.000000       0.000000       0.000000       0.000000       0.199621       0.000000
        1.973684       0.568794       0.223583       0.015950       0.000000       0.000000       0.000000       0.000000       0.000000       0.000000       0.000000       0.000000       0.000000       0.000000       0.207638       0.000000
        2.039474       0.555748       0.229339       0.014421       0.000000       0.000000       0.000000       0.000000       0.000000       0.000000       0.000000       0.000000       0.000000       0.000000       0.214925       0.000000
        2.105263       0.543907       0.234571       0.013038       0.000000       0.000000       0.000000       0.000000       0.000000       0.000000       0.000000       0.000000       0.000000       0.000000       0.221536       0.000000
        2.171053       0.533134       0.239330       0.011790       0.000000       0.000000       0.000000       0.000000       0.000000       0.000000       0.000000       0.000000       0.000000       0.000000       0.227544       0.000000
        2.236842       0.523354       0.243670       0.010666       0.000000       0.000000       0.000000       0.000000       0.000000       0.000000       0.000000       0.000000       0.000000       0.000000       0.232995       0.000000
        2.302632       0.514458       0.247594       0.009656       0.000000       0.000000       0.000000       0.000000       0.000000       0.000000       0.000000       0.000000       0.000000       0.000000       0.237946       0.000000
        2.368421       0.504936       0.250427       0.008744       0.000000       0.000000       0.000000       0.000000       0.000000       0.000000       0.000000       0.000000       0.000000       0.002957       0.241679       0.000000
        2.434211       0.494942       0.252240       0.007923       0.000000       0.000000       0.000000       0.000000       0.000000       0.000000       0.000000       0.000000       0.000000       0.008514       0.244317       0.000000
        2.500000       0.485222       0.253509       0.007186       0.000000       0.000000       0.000000       0.000000       0.000000       0.000000       0.000000       0.000000       0.000000       0.014974       0.246315       0.000000
        2.565789       0.475975       0.254386       0.006525       0.000000       0.000000       0.000000       0.000000       0.000000       0.000000       0.000000       0.000000       0.000000       0.021771       0.247863       0.000000
        2.631579       0.467171       0.254866       0.005931       0.000000       0.000531       0.000000       0.000000       0.000000       0.000000       0.000000       0.000000       0.000000       0.028518       0.248933       0.000000
        2.697368       0.457176       0.253613       0.005378       0.000000       0.006772       0.000000       0.000000       0.000000       0.000000       0.000000       0.000000       0.000000       0.034210       0.248226       0.000000
        2.763158       0.447151       0.251715       0.004879       0.000000       0.014997       0.000000       0.000000       0.000000       0.000000       0.000000       0.000000       0.000000       0.039303       0.246826       0.000000
        2.828947       0.437370       0.249483       0.004432       0.000000       0.024152       0.000000       0.000000       0.000000       0.000000       0.000000       0.000000       0.000000       0.043936       0.245061       0.000000
        2.894737       0.427940       0.247069       0.004033       0.000000       0.033837       0.000000       0.000000       0.000000       0.000000       0.000000       0.000000       0.000000       0.048147       0.243033       0.000000
        2.960526       0.418861       0.244508       0.003676       0.000000       0.043836       0.000000       0.000000       0.000000       0.000000       0.000000       0.000000       0.000000       0.051958       0.240823       0.000000
        3.026316       0.410133       0.241853       0.003358       0.000000       0.054065       0.000000       0.000000       0.000000       0.000000       0.000000       0.000000       0.000000       0.055424       0.238503       0.000000
        3.092105       0.401802       0.239163       0.003074       0.000000       0.064405       0.000000       0.000000       0.000000       0.000000       0.000000       0.000000       0.000000       0.058538       0.236083       0.000000
        3.157895       0.393776       0.236420       0.002820       0.000000       0.074840       0.000000       0.000000       0.000000       0.000000       0.000000       0.000000       0.000000       0.061355       0.233593       0.000000
        3.223684       0.386116       0.233666       0.002594       0.000000       0.085263       0.000000       0.000000       0.000000       0.000000       0.000000       0.000000       0.000000       0.063872       0.231082       0.000000
        3.289474       0.378761       0.230906       0.002392       0.000000       0.095669       0.000000       0.000000       0.000000       0.000000       0.000000       0.000000       0.000000       0.066119       0.228523       0.000000
        3.355263       0.371696       0.228154       0.002210       0.000000       0.106082       0.000000       0.000000       0.000000       0.000000       0.000000       0.000000       0.000000       0.068133       0.225951       0.000000
        3.421053       0.364937       0.225411       0.002048       0.000000       0.116380       0.000000       0.000000       0.000000       0.000000       0.000000       0.000000       0.000002       0.069897       0.223374       0.000000
        3.486842       0.358101       0.222276       0.001910       0.000000       0.126579       0.000000       0.000000       0.000000       0.000000       0.000000       0.000000       0.000616       0.071450       0.220981       0.000000
        3.552631       0.351402       0.218951       0.001791       0.000000       0.136591       0.000000       0.000000       0.000000       0.000000       0.000000       0.000000       0.001568       0.072772       0.218722       0.000000
        3.618421       0.344841       0.215541       0.001686       0.000000       0.146525       0.000000       0.000000       0.000000       0.000000       0.000000       0.000000       0.002658       0.073912       0.216504       0.000000
        3.684211       0.338524       0.212137       0.001593       0.000000       0.156322       0.000000       0.000000       0.000000       0.000000       0.000000       0.000000       0.003787       0.074873       0.214339       0.000000
        3.750000       0.332420       0.208769       0.001510       0.000000       0.166029       0.000000       0.000000       0.000000       0.000000       0.000000       0.000000       0.004921       0.075675       0.212170       0.000000
        3.815789       0.326500       0.205423       0.001435       0.000000       0.175639       0.000000       0.000000       0.000000       0.000000       0.000000       0.000000       0.006040       0.076342       0.210019       0.000000
        3.881579       0.320869       0.202173       0.001368       0.000000       0.185092       0.000000       0.000000       0.000000       0.000000       0.000000       0.000000       0.007101       0.076869       0.207914       0.000000
        3.947368       0.315422       0.198982       0.001308       0.000000       0.194453       0.000000       0.000000       0.000000       0.000000       0.000000       0.000000       0.008116       0.077271       0.205785       0.000000
        4.013158       0.310143       0.195837       0.001253       0.000000       0.203719       0.000000       0.000000       0.000000       0.000000       0.000000       0.000000       0.009079       0.077572       0.203670       0.000000
        4.078948       0.305092       0.192791       0.001204       0.000000       0.212838       0.000000       0.000000       0.000000       0.000000       0.000000       0.000000       0.009978       0.077771       0.201572       0.000000
        4.144737       0.300255       0.189840       0.001159       0.000000       0.221782       0.000000       0.000000       0.000000       0.000000       0.000000       0.000000       0.010806       0.077869       0.199480       0.000000
        4.210526       0.295555       0.186931       0.001119       0.000000       0.230627       0.000000       0.000000       0.000000       0.000000       0.000000       0.000000       0.011574       0.077887       0.197400       0.000000
        4.276316       0.291039       0.184120       0.001082       0.000000       0.239366       0.000000       0.000000       0.000000       0.000000       0.000000       0.000000       0.012291       0.077836       0.195323       0.000000
        4.342105       0.286659       0.181363       0.001048       0.000000       0.248023       0.000000       0.000000       0.000000       0.000000       0.000000       0.000000       0.012949       0.077717       0.193259       0.000000
        4.407895       0.282463       0.178697       0.001018       0.000000       0.256536       0.000000       0.000000       0.000000       0.000000       0.000000       0.000000       0.013554       0.077549       0.191238       0.000000
        4.473684       0.278404       0.176096       0.000990       0.000000       0.264893       0.000000       0.000000       0.000000       0.000000       0.000000       0.000000       0.014096       0.077309       0.189213       0.000000
        4.539474       0.274498       0.173577       0.000964       0.000000       0.273133       0.000000       0.000000       0.000000       0.000000       0.000000       0.000000       0.014590       0.077024       0.187207       0.000000
        4.605263       0.270821       0.171657       0.000926       0.000000       0.279578       0.000000       0.000000       0.000000       0.000000       0.001402       0.000000       0.015236       0.076706       0.184557       0.000000
        4.671053       0.267387       0.170375       0.000876       0.000000       0.284194       0.000000       0.000000       0.000000       0.000000       0.004318       0.000000       0.016062       0.076373       0.181256       0.000000
        4.736842       0.264046       0.169262       0.000825       0.000000       0.288356       0.000000       0.000000       0.000000       0.000000       0.007568       0.000000       0.016922       0.076015       0.177807       0.000000
        4.802631       0.260887       0.168292       0.000777       0.000000       0.292106       0.000000       0.000000       0.000000       0.000000       0.010903       0.000000       0.017761       0.075633       0.174385       0.000000
        4.868421       0.257805       0.167405       0.000729       0.000000       0.295703       0.000000       0.000000       0.000000       0.000000       0.014340       0.000000       0.018606       0.075235       0.170939       0.000000
        4.934211       0.254784       0.166560       0.000684       0.000000       0.299115       0.000000       0.000000       0.000000       0.000000       0.017823       0.000000       0.019428       0.074799       0.167491       0.000000
        5.000000       0.251900       0.165807       0.000642       0.000000       0.302348       0.000000       0.000000       0.000000       0.000000       0.021284       0.000000       0.020230       0.074351       0.164099       0.000000
        5.065790       0.249092       0.165095       0.000601       0.000000       0.305454       0.000000       0.000000       0.000000       0.000000       0.024744       0.000000       0.021013       0.073886       0.160754       0.000000
        5.131579       0.246361       0.164425       0.000563       0.000000       0.308433       0.000000       0.000000       0.000000       0.000000       0.028166       0.000000       0.021776       0.073409       0.157458       0.000000
        5.197368       0.243690       0.163683       0.000529       0.000000       0.311161       0.000000       0.000000       0.000000       0.000000       0.031612       0.000160       0.022446       0.072887       0.154313       0.000000
        5.263158       0.240959       0.162827       0.000498       0.000000       0.313835       0.000000       0.000000       0.000000       0.000000       0.035137       0.000490       0.023089       0.072359       0.151266       0.000000
        5.328948       0.238365       0.161991       0.000470       0.000000       0.316286       0.000000       0.000000       0.000000       0.000000       0.038590       0.000884       0.023668       0.071825       0.148381       0.000000
        5.394737       0.235756       0.161118       0.000444       0.000000       0.318685       0.000000       0.000000       0.000000       0.000000       0.042058       0.001335       0.024221       0.071264       0.145512       0.000000
        5.460526       0.233253       0.160283       0.000419       0.000000       0.320965       0.000000       0.000000       0.000000       0.000000       0.045501       0.001813       0.024733       0.070696       0.142737       0.000000
        5.526316       0.230766       0.159446       0.000396       0.000000       0.323220       0.000000       0.000000       0.000000       0.000000       0.048922       0.002329       0.025237       0.070127       0.139999       0.000000
        5.592105       0.228371       0.158632       0.000374       0.000000       0.325317       0.000000       0.000000       0.000000       0.000000       0.052277       0.002846       0.025689       0.069536       0.137337       0.000000
        5.657895       0.225975       0.157809       0.000354       0.000000       0.327420       0.000000       0.000000       0.000000       0.000000       0.055645       0.003390       0.026133       0.068938       0.134693       0.000000
        5.723684       0.223717       0.157041       0.000335       0.000000       0.329351       0.000000       0.000000       0.000000       0.000000       0.058907       0.003918       0.026527       0.068335       0.132156       0.000000
        5.789474       0.221504       0.156308       0.000316       0.000000       0.331294       0.000000       0.000000       0.000000       0.000000       0.062140       0.004468       0.026923       0.067742       0.129659       0.000069
        5.855263       0.219398       0.156224       0.000293       0.000000       0.333369       0.000000       0.000000       0.000000       0.000000       0.063588       0.005422       0.027809       0.067417       0.126830       0.004183
        5.921053       0.217384       0.156374       0.000269       0.000000       0.335420       0.000000       0.000000       0.000000       0.000000       0.064361       0.006545       0.028838       0.067173       0.123958       0.009698
        5.986842       0.215401       0.156465       0.000247       0.000000       0.337387       0.000000       0.000000       0.000000       0.000000       0.065223       0.007662       0.029789       0.066879       0.121168       0.014957
        6.052631       0.213463       0.156545       0.000226       0.000000       0.339319       0.000000       0.000000       0.000000       0.000000       0.066153       0.008786       0.030694       0.066558       0.118448       0.019969
        6.118421       0.211647       0.156661       0.000208       0.000000       0.341129       0.000000       0.000000       0.000000       0.000000       0.066976       0.009910       0.031568       0.066253       0.115878       0.025005
        6.184211       0.209816       0.156728       0.000190       0.000000       0.342951       0.000000       0.000000       0.000000       0.000000       0.067968       0.011023       0.032377       0.065883       0.113302       0.029673
        6.250000       0.208000       0.156780       0.000174       0.000000       0.344706       0.000000       0.000000       0.000000       0.000000       0.068901       0.012145       0.033160       0.065500       0.110779       0.034372
        6.315790       0.206276       0.156833       0.000159       0.000000       0.346418       0.000000       0.000000       0.000000       0.000000       0.069952       0.013229       0.033882       0.065100       0.108364       0.038719
        6.381579       0.204628       0.156900       0.000146       0.000000       0.347970       0.000000       0.000000       0.000000       0.000013       0.070882       0.014287       0.034558       0.064687       0.106027       0.042976
        6.447368       0.203041       0.156893       0.000134       0.000000       0.349242       0.000000       0.000000       0.000000       0.000622       0.071577       0.015273       0.035161       0.064278       0.103868       0.047022
        6.513158       0.201454       0.156812       0.000123       0.000000       0.350354       0.000000       0.000000       0.000000       0.001581       0.072160       0.016215       0.035711       0.063857       0.101800       0.050863
        6.578948       0.199989       0.156778       0.000113       0.000000       0.351290       0.000000       0.000000       0.000000       0.002684       0.072537       0.017126       0.036231       0.063454       0.099848       0.054749
        6.644737       0.198524       0.156680       0.000104       0.000000       0.352184       0.000000       0.000000       0.000000       0.003930       0.072980       0.017993       0.036702       0.063036       0.097965       0.058316
        6.710526       0.197136       0.156608       0.000096       0.000000       0.352967       0.000000       0.000000       0.000000       0.005244       0.073326       0.018829       0.037139       0.062613       0.096145       0.061813
        6.776316       0.195702       0.156450       0.000089       0.000000       0.353736       0.000000       0.000000       0.000000       0.006667       0.073762       0.019625       0.037527       0.062162       0.094352       0.065005
        6.842105       0.194359       0.156335       0.000082       0.000000       0.354418       0.000000       0.000000       0.000000       0.008103       0.074087       0.020405       0.037905       0.061733       0.092649       0.068254
        6.907895       0.193062       0.156231       0.000075       0.000000       0.355058       0.000000       0.000000       0.000000       0.009601       0.074426       0.021155       0.038249       0.061292       0.090980       0.071324
        6.973684       0.191826       0.156156       0.000069       0.000000       0.355603       0.000000       0.000000       0.000000       0.011080       0.074635       0.021889       0.038578       0.060856       0.089362       0.074451
        7.039473       0.190605       0.156045       0.000064       0.000000       0.356104       0.000000       0.000000       0.000000       0.012599       0.074913       0.022580       0.038870       0.060414       0.087802       0.077292
        7.105263       0.189369       0.155915       0.000059       0.000000       0.356642       0.000000       0.000000       0.000000       0.014177       0.075202       0.023268       0.039149       0.059962       0.086246       0.080080
        7.171053       0.188240       0.155817       0.000054       0.000000       0.357074       0.000000       0.000000       0.000000       0.015725       0.075493       0.023902       0.039392       0.059522       0.084787       0.082705
        7.236842       0.187126       0.155735       0.000050       0.000000       0.357501       0.000000       0.000000       0.000000       0.017271       0.075688       0.024548       0.039641       0.059089       0.083347       0.085394
        7.302632       0.186043       0.155658       0.000046       0.000000       0.357920       0.000000       0.000000       0.000000       0.018876       0.075962       0.025163       0.039859       0.058641       0.081925       0.087924
        7.368421       0.184944       0.155561       0.000042       0.000000       0.358314       0.000000       0.000000       0.000000       0.020483       0.076182       0.025777       0.040071       0.058192       0.080520       0.090408
        7.434211       0.183830       0.155425       0.000038       0.000000       0.358702       0.000000       0.000000       0.000000       0.022125       0.076461       0.026355       0.040246       0.057719       0.079121       0.092741
        7.500000       0.182869       0.155374       0.000035       0.000000       0.359008       0.000000       0.000000       0.000000       0.023679       0.076668       0.026909       0.040421       0.057294       0.077843       0.095033
