   9.9999997764825821E-003   16790984624809.703        8.0398398146558248E-002   41.526769999999999     
   1.9999999552965164E-002   33619981086403.883        6.6745849630203455E-002   37.220329999999997     
   2.9999999329447746E-002   50474466637576.258        5.3946285927862186E-002   29.705970000000001     
   3.9999999105930328E-002   67356269484344.031        5.6195222727143238E-002   20.459810000000001     
   4.9999997019767761E-002   84266458709616.781        7.7292400495839741E-002   16.003240000000002     
   5.9999998658895493E-002   101205349841336.56       0.10785340382399863        14.379690000000000     
   7.0000000298023224E-002   118175407709544.88       0.14172439731642411        13.762330000000000     
   7.9999998211860657E-002   135177634579469.41       0.17479622473392106        13.507700000000000     
   8.9999996125698090E-002   152211035610069.34       0.20466682618063758        13.388140000000000     
   9.9999994039535522E-002   169275692467400.25       0.23048208853356672        13.318350000000001     
  0.10999999940395355        186377202988363.66       0.25243523517553607        13.265760000000000     
  0.11999999731779099        203516250198151.69       0.27090542608027990        13.218510000000000     
  0.12999999523162842        220696085890614.34       0.28692706629465242        13.170930000000000     
  0.14000000059604645        237917244607206.41       0.30176079305874509        13.119230000000000     
  0.14999999105930328        255190565660760.88       0.31641662519227304        13.060960000000000     
  0.15999999642372131        272515291784216.81       0.33175547190870175        12.994610000000000     
  0.17000000178813934        289885453931329.31       0.33317938000275099        12.988040000000000     
  0.17999999225139618        307257249399553.50       0.32966718748557033        13.003840000000000     
  0.18999999761581421        324631331517334.38       0.32612667650741350        13.019360000000001     
  0.19999998807907104        342011679648835.12       0.32406245910274561        13.028330000000000     
  0.20999999344348907        359401560436279.50       0.32417181211997875        13.027520000000001     
  0.21999999880790710        376811338044540.75       0.32455224394783549        13.017270000000000     
  0.22999998927116394        394252891172614.06       0.32469298236388389        12.984220000000001     
  0.23999999463558197        411722181062841.00       0.32454026183231410        12.911989999999999     
  0.25000000000000000        429237738485654.06       0.32474139346547443        12.785420000000000     
  0.25999999046325684        446815154233484.38       0.32673993081813091        12.596240000000000     
  0.26999998092651367        464459654933889.75       0.33259064246743941        12.349860000000000     
  0.28000000119209290        482192384671081.62       0.34452725051378930        12.067080000000001     
  0.28999999165534973        500015778578354.06       0.36439136725653826        11.780580000000000     
  0.29999998211860657        517948397122886.88       0.39319888573763045        11.523470000000000     
  0.31000000238418579        536005385645898.88       0.43106074757757462        11.318030000000000     
  0.31999999284744263        554181042371872.38       0.47731638275718985        11.172300000000000     
  0.32999998331069946        572513438531086.88       0.53110933508026625        11.082560000000001     
  0.34000000357627869        591003286845482.12       0.59117269022137375        11.040050000000001     
  0.34999999403953552        609634491677919.75       0.65620821619976444        11.034070000000000     
  0.35999998450279236        628460804141352.62       0.72231013028750302        11.053290000000001     
  0.37000000476837158        647452052340333.00       0.78861962301678712        11.087660000000000     
  0.37999999523162842        666627954915193.12       0.85583714580598436        11.131430000000000     
  0.38999998569488525        686001697221817.50       0.92376489218727720        11.180669999999999     
  0.39999997615814209        705568943535072.88       0.99108174737496801        11.231769999999999     
  0.40999999642372131        725314132759275.50        1.0499485000841231        11.276680000000001     
  0.41999998688697815        745224317112520.75        1.1048367007745363        11.317500000000001     
  0.42999997735023499        765342794452646.00        1.1571293962336384        11.354630000000000     
  0.43999999761581421        785630662040442.12        1.2070358699537556        11.387930000000001     
  0.44999998807907104        806063390362484.00        1.2546806655701876        11.417380000000000     
  0.45999997854232788        826705540147810.38        1.3002234385983125        11.443070000000001     
  0.46999999880790710        847512447488199.62        1.3437280867190415        11.465120000000001     
  0.47999998927116394        868532280508076.75        1.3852533928644628        11.483670000000000     
  0.48999997973442078        889693767013471.12        1.4247492820433425        11.498840000000000     
  0.50000000000000000        911028623130699.75        1.4623598867813579        11.510870000000001     
  0.50999999046325684        932612931926826.50        1.4982091717402375        11.519959999999999     
  0.51999998092651367        954310622904861.88        1.5322175574543195        11.526260000000001     
  0.52999997138977051        976248501176579.12        1.5643123188565389        11.529980000000000     
  0.53999996185302734        998310690033280.75        1.5946323714674246        11.531310000000000     
  0.55000001192092896        1020596198431091.1        1.6233826814972370        11.530469999999999     
  0.56000000238418579        1043036961424768.1        1.6506033664461772        11.527600000000000     
  0.56999999284744263        1065691065852398.1        1.6764428073294451        11.522860000000000     
  0.57999998331069946        1088547820884885.4        1.7009147457077514        11.516400000000001     
  0.58999997377395630        1111549377258123.2        1.7240675475075324        11.508369999999999     
  0.59999996423721313        1134778529504108.5        1.7460638528086325        11.498849999999999     
  0.61000001430511475        1158217222000368.0        1.7668733444747233        11.488000000000000     
  0.62000000476837158        1181818177524901.0        1.7865506567580585        11.475940000000000     
  0.62999999523162842        1205537444891426.2        1.8051473930629411        11.462759999999999     
  0.63999998569488525        1229466252508225.8        1.8227385661175997        11.448570000000000     
  0.64999997615814209        1253619448749043.5        1.8393854194700741        11.433450000000001     
  0.65999996662139893        1278029343675146.5        1.8551533232150861        11.417430000000000     
  0.66999995708465576        1302592592605276.8        1.8700035726614179        11.400690000000001     
  0.68000000715255737        1327290902342982.0        1.8840193374931624        11.383270000000000     
  0.68999999761581421        1352210037095007.0        1.8972630235765842        11.365200000000000     
  0.69999998807907104        1377185595667259.0        1.9092595554409608        11.347320000000000     
  0.70999997854232788        1402475108253952.8        1.9201877785325139        11.329610000000001     
  0.71999996900558472        1428031772781047.5        1.9303880622635794        11.311660000000000     
  0.72999995946884155        1453547099435639.2        1.9398950603887193        11.293540000000000     
  0.74000000953674316        1479392653922295.8        1.9488306372938935        11.275080000000001     
  0.75000000000000000        1505440502652840.0        1.9572285729916765        11.256320000000001     
  0.75999999046325684        1531573521655179.5        1.9650778804110951        11.237370000000000     
  0.76999998092651367        1557900994960069.5        1.9724374594795631        11.218180000000000     
  0.77999997138977051        1584358540018956.2        1.9793278270386550        11.198790000000001     
  0.78999996185302734        1610866213187602.8        1.9857545221208213        11.179280000000000     
  0.79999995231628418        1637816367893818.5        1.9917729863410547        11.159580000000000     
  0.81000000238418579        1664669354842253.8        1.9973538688199941        11.139889999999999     
  0.81999999284744263        1691862904090880.2        2.0025905016961971        11.119960000000001     
  0.82999998331069946        1719141979972271.8        2.0074503703356492        11.100000000000000     
  0.83999997377395630        1746725982056868.5        2.0119865101564112        11.079900000000000     
  0.84999996423721313        1774274585618460.0        2.0161883061828512        11.059770000000000     
  0.85999995470046997        1802218631069599.8        2.0201045247788327        11.039490000000001     
  0.87000000476837158        1830031416896843.2        2.0237127492319082        11.019250000000000     
  0.87999999523162842        1858239763400625.2        2.0270579024923649        10.998900000000001     
  0.88999998569488525        1886595405771947.2        2.0299686732247850        10.979680000000000     
  0.89999997615814209        1915032179657406.0        2.0325932782466927        10.960860000000000     
  0.90999996662139893        1943718287434773.0        2.0350266814478841        10.941800000000001     
  0.91999995708465576        1972555848624328.0        2.0372478455027623        10.922739999999999     
  0.93000000715255737        2001316554631384.8        2.0392510386638452        10.903820000000000     
  0.93999999761581421        2030549082562528.5        2.0410939023126971        10.884550000000001     
  0.94999998807907104        2059805605465642.2        2.0427383112276245        10.865399999999999     
  0.95999997854232788        2089311581047654.2        2.0442131436307749        10.846130000000000     
  0.96999996900558472        2118565965784949.0        2.0455116991226365        10.826930000000001     
  0.97999995946884155        2148253447887607.2        2.0466469352087020        10.807740000000001     
  0.98999994993209839        2178174702786490.0        2.0476204159765121        10.788700000000000     
   1.0000000000000000        2208079089932799.2        2.0484437300353791        10.769720000000000     
   1.0099999904632568        2238336987161204.8        2.0491271818521470        10.750740000000000     
   1.0199999809265137        2268667819601440.0        2.0496764486667152        10.731719999999999     
   1.0299999713897705        2299367842006444.5        2.0500959655420039        10.712680000000001     
   1.0399999618530273        2330026051390986.0        2.0503879270725429        10.693809999999999     
   1.0499999523162842        2360942028543722.5        2.0505615511445447        10.674910000000001     
   1.0599999427795410        2391804313977001.0        2.0506204936782502        10.656020000000000     
   1.0699999332427979        2422624548815836.5        2.0505709982558793        10.637390000000000     
   1.0799999237060547        2454067465055997.5        2.0504161074379690        10.618570000000000     
   1.0900000333786011        2485300841045884.5        2.0501626553871732        10.599959999999999     
   1.1000000238418579        2516739005806447.5        2.0498129632077196        10.581329999999999     
   1.1100000143051147        2548633550182404.5        2.0493690868522640        10.562670000000001     
   1.1200000047683716        2580457772660310.0        2.0488415832485116        10.544219999999999     
   1.1299999952316284        2612751678896484.0        2.0482227344794723        10.525620000000000     
   1.1399999856948853        2644720821502130.5        2.0475304239821783        10.507289999999999     
