        0.065789      14.169111       0.625392       0.000000      19.053101     485.426230       0.995868       0.955320
        0.131579      13.872841       0.625392       0.000000      33.073181     478.053451       0.991946       0.914722
        0.197368      13.589703       0.625392       0.000000      45.058594     470.853645       0.988217       0.877788
        0.263158      13.323148       0.625392       0.000000      55.537476     463.809231       0.984665       0.844073
        0.328947      13.075017       0.625392       0.000000      64.815613     456.901742       0.981274       0.813141
        0.394737      12.845957       0.625392       0.000000      73.111389     450.112084       0.978028       0.784587
        0.460526      12.635780       0.625392       0.000000      80.594055     443.419279       0.974911       0.758048
        0.526316      12.443751       0.625392       0.000000      87.397827     436.803928       0.971909       0.733216
        0.592105      12.268804       0.625392       0.000000      93.629761     430.247260       0.969012       0.709840
        0.657895      12.109702       0.625392       0.000000      99.379211     423.733514       0.966210       0.687709
        0.723684      11.965142       0.625392       0.000000     104.720825     417.249059       0.963496       0.666653
        0.789474      11.833829       0.625392       0.000000     109.533081     410.749475       0.960862       0.646522
        0.855263      11.714519       0.625392       0.000000     113.859070     404.222406       0.958303       0.627206
        0.921053      11.606045       0.625392       0.000000     117.867004     397.681727       0.955817       0.608636
        0.986842      11.507329       0.625392       0.000000     121.627563     391.130405       0.953401       0.590755
        1.052632      11.417390       0.625392       0.000000     125.185303     384.568276       0.951056       0.573519
        1.118421      11.335338       0.625392       0.000000     125.761108     377.993917       0.948503       0.554492
        1.184211      11.260373       0.625392       0.000000     125.071106     371.392448       0.945891       0.534993
        1.250000      11.191778       0.625392       0.000000     124.041809     364.756998       0.943315       0.515827
        1.315789      11.128914       0.625392       0.000000     122.772095     358.093856       0.940787       0.497069
        1.381579      11.071208       0.625392       0.000000     121.305176     351.393822       0.938315       0.478788
        1.447368      11.018151       0.625392       0.000000     119.668701     344.668802       0.935906       0.461033
        1.513158      10.969290       0.625392       0.000000     117.887878     337.912483       0.933564       0.443819
        1.578947      10.924219       0.625392       0.000000     115.982422     331.131720       0.931297       0.427200
        1.644737      10.882580       0.625392       0.000000     113.970093     324.328194       0.929106       0.411183
        1.710526      10.844049       0.625392       0.000000     111.867737     317.506104       0.926996       0.395808
        1.776316      10.808341       0.625392       0.000000     109.694092     310.660319       0.924969       0.381081
        1.842105      10.775198       0.625392       0.000000     107.463318     303.805016       0.923026       0.366997
        1.907895      10.744392       0.625392       0.000000     105.180359     296.925610       0.921172       0.353602
        1.973684      10.715716       0.625392       0.000000     102.871582     290.040181       0.919402       0.340856
        2.039474      10.688985       0.625392       0.000000     100.566589     283.150582       0.917716       0.328743
        2.105263      10.664034       0.625392       0.000000      98.278381     276.263938       0.916115       0.317281
        2.171053      10.640714       0.625392       0.000000      96.017639     269.368568       0.914593       0.306411
        2.236842      10.618890       0.625392       0.000000      93.792542     262.483540       0.913149       0.296133
        2.302632      10.598440       0.625392       0.000000      91.614197     255.592658       0.911783       0.286438
        2.368421      10.579256       0.625392       0.000000      89.470886     248.625260       0.910419       0.276721
        2.434211      10.561236       0.625392       0.000000      87.372864     241.584089       0.909067       0.267056
        2.500000      10.544292       0.625392       0.000000      85.327942     234.513008       0.907758       0.257692
        2.565789      10.528342       0.625392       0.000000      83.347412     227.438794       0.906499       0.248701
        2.631579      10.513311       0.625392       0.000000      81.421814     220.416410       0.905303       0.240176
        2.697368      10.499131       0.625392       0.000000      79.461121     214.204038       0.904195       0.232324
        2.763158      10.485741       0.625392       0.000000      77.543213     208.318096       0.903148       0.224925
        2.828947      10.473085       0.625392       0.000000      75.691528     202.644809       0.902149       0.217871
        2.894737      10.461110       0.625392       0.000000      73.907593     197.126986       0.901195       0.211152
        2.960526      10.449771       0.625392       0.000000      72.200073     191.742141       0.900283       0.204733
        3.026316      10.439022       0.625392       0.000000      70.569824     186.483025       0.899405       0.198561
        3.092105      10.428826       0.625392       0.000000      69.014648     181.340020       0.898568       0.192678
        3.157895      10.419144       0.625392       0.000000      67.534424     176.307898       0.897758       0.186988
        3.223684      10.409944       0.625392       0.000000      66.132446     171.369532       0.896984       0.181554
        3.289474      10.401195       0.625392       0.000000      64.800293     166.525778       0.896238       0.176321
        3.355263      10.392869       0.625392       0.000000      63.537964     161.768096       0.895516       0.171253
        3.421053      10.384938       0.625392       0.000000      62.348511     157.093196       0.894825       0.166405
        3.486842      10.377379       0.625392       0.000000      61.301025     152.444414       0.894127       0.161489
        3.552631      10.370168       0.625392       0.000000      60.373535     147.857043       0.893446       0.156682
        3.618421      10.363286       0.625392       0.000000      59.531616     143.326772       0.892775       0.151936
        3.684211      10.356713       0.625392       0.000000      58.768433     138.848927       0.892127       0.147348
        3.750000      10.350430       0.625392       0.000000      58.066528     134.463432       0.891496       0.142882
        3.815789      10.344422       0.625392       0.000000      57.426025     130.136199       0.890879       0.138507
        3.881579      10.338672       0.625392       0.000000      56.844727     125.861107       0.890289       0.134330
        3.947368      10.333166       0.625392       0.000000      56.310059     121.663536       0.889714       0.130256
        4.013158      10.327891       0.625392       0.000000      55.824585     117.530873       0.889151       0.126265
        4.078948      10.322833       0.625392       0.000000      55.381592     113.470005       0.888609       0.122425
        4.144737      10.317983       0.625392       0.000000      54.978882     109.468453       0.888088       0.118735
        4.210526      10.313327       0.625392       0.000000      54.618408     105.501449       0.887578       0.115116
        4.276316      10.308857       0.625392       0.000000      54.287354     101.609745       0.887083       0.111602
        4.342105      10.304562       0.625392       0.000000      53.993042      97.789068       0.886598       0.108159
        4.407895      10.300434       0.625392       0.000000      53.730835      93.991437       0.886129       0.104829
        4.473684      10.296464       0.625392       0.000000      53.498657      90.261364       0.885674       0.101600
        4.539474      10.292644       0.625392       0.000000      53.292480      86.600765       0.885232       0.098460
        4.605263      10.288967       0.625392       0.000000      52.839233      83.268158       0.884825       0.095586
        4.671053      10.285426       0.625392       0.000000      52.115112      80.371136       0.884451       0.092965
        4.736842      10.282014       0.625392       0.000000      51.327881      77.586490       0.884086       0.090402
        4.802631      10.278725       0.625392       0.000000      50.527710      74.889034       0.883743       0.087996
        4.868421      10.275553       0.625392       0.000000      49.707031      72.261912       0.883403       0.085615
        4.934211      10.272493       0.625392       0.000000      48.882812      69.699227       0.883069       0.083272
        5.000000      10.269540       0.625392       0.000000      48.056152      67.170266       0.882750       0.081030
        5.065790      10.266689       0.625392       0.000000      47.233032      64.725816       0.882436       0.078827
        5.131579      10.263935       0.625392       0.000000      46.411743      62.296102       0.882128       0.076664
        5.197368      10.261274       0.625392       0.000000      45.653687      59.939795       0.881832       0.074579
        5.263158      10.258701       0.625392       0.000000      44.933472      57.616772       0.881520       0.072369
        5.328948      10.256214       0.625392       0.000000      44.257568      55.320633       0.881224       0.070281
        5.394737      10.253807       0.625392       0.000000      43.591187      53.063316       0.880923       0.068146
        5.460526      10.251479       0.625392       0.000000      42.945557      50.844080       0.880635       0.066103
        5.526316      10.249225       0.625392       0.000000      42.302612      48.642770       0.880343       0.064019
        5.592105      10.247042       0.625392       0.000000      41.682373      46.511289       0.880063       0.062034
        5.657895      10.244927       0.625392       0.000000      41.061768      44.365417       0.879779       0.060001
        5.723684      10.242879       0.625392       0.000000      40.466187      42.294565       0.879513       0.058111
        5.789474      10.240893       0.625392       0.000061      39.867554      40.232638       0.879246       0.056205
        5.855263      10.238967       0.625392       0.003723      38.996582      38.960596       0.878947       0.054049
        5.921053      10.237099       0.625392       0.008728      38.040283      38.031231       0.878644       0.051854
        5.986842      10.235287       0.625392       0.013611      37.113159      37.117498       0.878348       0.049707
        6.052631      10.233529       0.625392       0.018372      36.193726      36.190660       0.878059       0.047614
        6.118421      10.231822       0.625392       0.023254      35.299683      35.312050       0.877783       0.045621
        6.184211      10.230164       0.625392       0.027893      34.405029      34.412352       0.877509       0.043639
        6.250000      10.228554       0.625392       0.032654      33.513428      33.533080       0.877238       0.041668
        6.315790      10.226989       0.625392       0.037170      32.648071      32.635223       0.876979       0.039796
        6.381579      10.225469       0.625392       0.041687      31.798706      31.777536       0.876734       0.038028
        6.447368      10.223991       0.625392       0.046082      31.017090      31.014359       0.876495       0.036297
        6.513158      10.222554       0.625392       0.050354      30.269043      30.231935       0.876255       0.034563
        6.578948      10.221156       0.625392       0.054749      29.547852      29.549842       0.876030       0.032944
        6.644737      10.219797       0.625392       0.058899      28.852905      28.851010       0.875805       0.031315
        6.710526      10.218473       0.625392       0.063049      28.172852      28.184062       0.875591       0.029771
        6.776316      10.217186       0.625392       0.066956      27.509521      27.516490       0.875371       0.028175
        6.842105      10.215932       0.625392       0.070984      26.861816      26.867371       0.875160       0.026655
        6.907895      10.214711       0.625392       0.074890      26.221191      26.194620       0.874958       0.025197
        6.973684      10.213522       0.625392       0.078918      25.589355      25.605368       0.874764       0.023795
        7.039473      10.212363       0.625392       0.082703      24.978027      24.983641       0.874574       0.022424
        7.105263      10.211234       0.625392       0.086487      24.361694      24.385700       0.874377       0.020998
        7.171053      10.210134       0.625392       0.090149      23.779175      23.776844       0.874199       0.019714
        7.236842      10.209062       0.625392       0.093933      23.187378      23.167265       0.874018       0.018405
        7.302632      10.208016       0.625392       0.097595      22.601929      22.581135       0.873844       0.017150
        7.368421      10.206996       0.625392       0.101257      22.012573      22.012887       0.873666       0.015865
        7.434211      10.206001       0.625392       0.104797      21.432983      21.452454       0.873487       0.014564
        7.500000      10.205030       0.625392       0.108337      20.882080      20.866352       0.873327       0.013415
