        0.010000     250.114648
        0.020000     251.769501
        0.030000     253.362856
        0.040000     254.281559
        0.050000     254.341376
        0.060000     253.495014
        0.070000     251.753335
        0.080000     249.155434
        0.090000     245.754212
        0.100000     241.609058
        0.110000     236.781852
        0.120000     231.411283
        0.130000     225.644929
        0.140000     219.448013
        0.150000     212.849714
        0.160000     205.888733
        0.170000     198.603022
        0.180000     191.031308
        0.190000     183.209149
        0.200000     175.169673
        0.210000     166.943380
        0.220000     158.557567
        0.230000     150.034607
        0.240000     141.401224
        0.250000     132.676613
        0.260000     123.879258
        0.270000     115.022148
        0.280000     106.123995
        0.290000      97.197369
        0.300000      88.250317
        0.310000      79.296063
        0.320000      70.343724
        0.330000      61.398152
        0.340000      52.472943
        0.350000      43.750328
        0.360000      36.793087
        0.370000      30.478233
        0.380000      24.519461
        0.390000      18.817855
        0.400000      13.332675
        0.410000       8.024030
        0.420000       2.880180
        0.430000      -1.315335
        0.440000      -3.342696
        0.450000      -5.038638
        0.460000      -6.568564
        0.470000      -7.988031
        0.480000      -9.322294
        0.490000     -10.587581
        0.500000     -11.794034
        0.510000     -12.946973
        0.520000     -14.054084
        0.530000     -15.117320
        0.540000     -16.141744
        0.550000     -17.127854
        0.560000     -18.078241
        0.570000     -18.994335
        0.580000     -19.879184
        0.590000     -20.733336
        0.600000     -21.557540
        0.610000     -22.351899
        0.620000     -23.119569
        0.630000     -23.860522
        0.640000     -24.574867
        0.650000     -25.264568
        0.660000     -25.930330
        0.670000     -26.575785
        0.680000     -27.193706
        0.690000     -27.790490
        0.700000     -28.368910
        0.710000     -28.925784
        0.720000     -29.462742
        0.730000     -29.978101
        0.740000     -30.479018
        0.750000     -30.958113
        0.760000     -31.422507
        0.770000     -31.869688
        0.780000     -32.298708
        0.790000     -32.712846
        0.800000     -33.112659
        0.810000     -33.497328
        0.820000     -33.868477
        0.830000     -34.223971
        0.840000     -34.567967
        0.850000     -34.896411
        0.860000     -35.214815
        0.870000     -35.518300
        0.880000     -35.810838
        0.890000     -36.092159
        0.900000     -36.362128
        0.910000     -36.620359
        0.920000     -36.871432
        0.930000     -37.106336
        0.940000     -37.335200
        0.950000     -37.557051
        0.960000     -37.765806
        0.970000     -37.966702
        0.980000     -38.161130
        0.990000     -38.343772
        1.000000     -38.515759
        1.010000     -38.685776
        1.020000     -38.843113
        1.030000     -38.994995
        1.040000     -39.137340
        1.050000     -39.272941
        1.060000     -39.401587
        1.070000     -39.522045
        1.080000     -39.630926
        1.090000     -39.735142
        1.100000     -39.833041
        1.110000     -39.927248
        1.120000     -40.012635
        1.130000     -40.096802
        1.140000     -40.173006
        1.150000     -40.246303
        1.160000     -40.314023
        1.170000     -40.375629
        1.180000     -40.434775
        1.190000     -40.488316
        1.200000     -40.543195
        1.210000     -40.586688
        1.220000     -40.632564
        1.230000     -40.663102
        1.240000     -40.698331
        1.250000     -40.728101
        1.260000     -40.753094
        1.270000     -40.778005
        1.280000     -40.798219
        1.290000     -40.817128
        1.300000     -40.825883
        1.310000     -40.836441
        1.320000     -40.843744
        1.330000     -40.844730
        1.340000     -40.845153
        1.350000     -40.841816
        1.360000     -40.831236
        1.370000     -40.823969
        1.380000     -40.816053
        1.390000     -40.804051
        1.400000     -40.783562
