        0.010000       0.997185       0.002820       0.002820       0.000000       0.000000       0.000000       0.000000       0.000000       0.000000       0.000000
        0.020000       0.992638       0.007356       0.007356       0.000000       0.000000       0.000000       0.000000       0.000000       0.000000       0.000000
        0.030000       0.987572       0.012426       0.012426       0.000000       0.000000       0.000000       0.000000       0.000000       0.000000       0.000000
        0.040000       0.982475       0.017521       0.017521       0.000000       0.000000       0.000000       0.000000       0.000000       0.000000       0.000000
        0.050000       0.977608       0.022398       0.022398       0.000000       0.000000       0.000000       0.000000       0.000000       0.000000       0.000000
        0.060000       0.973061       0.026945       0.026945       0.000000       0.000000       0.000000       0.000000       0.000000       0.000000       0.000000
        0.070000       0.968880       0.031125       0.031125       0.000000       0.000000       0.000000       0.000000       0.000000       0.000000       0.000000
        0.080000       0.965065       0.034936       0.034936       0.000000       0.000000       0.000000       0.000000       0.000000       0.000000       0.000000
        0.090000       0.961601       0.038398       0.038398       0.000000       0.000000       0.000000       0.000000       0.000000       0.000000       0.000000
        0.100000       0.958458       0.041537       0.041536       0.000000       0.000000       0.000000       0.000000       0.000000       0.000000       0.000000
        0.110000       0.955620       0.044384       0.044384       0.000000       0.000000       0.000000       0.000000       0.000000       0.000000       0.000000
        0.120000       0.952629       0.047363       0.046818       0.000546       0.000000       0.000000       0.000000       0.000000       0.000000       0.000000
        0.130000       0.949150       0.050844       0.048712       0.002131       0.000000       0.000000       0.000000       0.000000       0.000000       0.000000
        0.140000       0.945732       0.054271       0.050300       0.003971       0.000000       0.000000       0.000000       0.000000       0.000000       0.000000
        0.150000       0.942482       0.057525       0.051660       0.005865       0.000000       0.000000       0.000000       0.000000       0.000000       0.000000
        0.160000       0.939430       0.060572       0.052841       0.007731       0.000000       0.000000       0.000000       0.000000       0.000000       0.000000
        0.170000       0.936592       0.063413       0.053879       0.009534       0.000000       0.000000       0.000000       0.000000       0.000000       0.000000
        0.180000       0.933952       0.066055       0.054796       0.011258       0.000000       0.000000       0.000000       0.000000       0.000000       0.000000
        0.190000       0.931496       0.068511       0.055615       0.012896       0.000000       0.000000       0.000000       0.000000       0.000000       0.000000
        0.200000       0.929207       0.070797       0.056349       0.014449       0.000000       0.000000       0.000000       0.000000       0.000000       0.000000
        0.210000       0.927071       0.072931       0.057012       0.015918       0.000000       0.000000       0.000000       0.000000       0.000000       0.000000
        0.220000       0.925072       0.074923       0.057615       0.017309       0.000000       0.000000       0.000000       0.000000       0.000000       0.000000
        0.230000       0.923210       0.076796       0.058169       0.018627       0.000000       0.000000       0.000000       0.000000       0.000000       0.000000
        0.240000       0.921455       0.078552       0.058676       0.019876       0.000000       0.000000       0.000000       0.000000       0.000000       0.000000
        0.250000       0.919792       0.080209       0.059147       0.021062       0.000000       0.000000       0.000000       0.000000       0.000000       0.000000
        0.260000       0.918221       0.081773       0.059585       0.022189       0.000000       0.000000       0.000000       0.000000       0.000000       0.000000
        0.270000       0.916740       0.083259       0.059996       0.023263       0.000000       0.000000       0.000000       0.000000       0.000000       0.000000
        0.280000       0.915321       0.084670       0.060382       0.024288       0.000000       0.000000       0.000000       0.000000       0.000000       0.000000
        0.290000       0.913979       0.086014       0.060746       0.025267       0.000000       0.000000       0.000000       0.000000       0.000000       0.000000
        0.300000       0.912697       0.087299       0.061094       0.026205       0.000000       0.000000       0.000000       0.000000       0.000000       0.000000
        0.310000       0.911461       0.088530       0.061426       0.027105       0.000000       0.000000       0.000000       0.000000       0.000000       0.000000
        0.320000       0.910286       0.089712       0.061743       0.027968       0.000000       0.000000       0.000000       0.000000       0.000000       0.000000
        0.330000       0.909157       0.090851       0.062050       0.028800       0.000000       0.000000       0.000000       0.000000       0.000000       0.000000
        0.340000       0.908058       0.091946       0.062345       0.029600       0.000000       0.000000       0.000000       0.000000       0.000000       0.000000
        0.350000       0.906441       0.092904       0.062575       0.030329       0.000655       0.000000       0.000000       0.000000       0.000000       0.000000
        0.360000       0.899620       0.092917       0.062288       0.030630       0.007453       0.000000       0.000000       0.000000       0.000000       0.000000
        0.370000       0.891289       0.092648       0.061856       0.030792       0.016064       0.000000       0.000000       0.000000       0.000000       0.000000
        0.380000       0.882347       0.092267       0.061375       0.030892       0.025382       0.000000       0.000000       0.000000       0.000000       0.000000
        0.390000       0.873131       0.091832       0.060876       0.030957       0.035048       0.000000       0.000000       0.000000       0.000000       0.000000
        0.400000       0.863762       0.091368       0.060372       0.030996       0.044865       0.000000       0.000000       0.000000       0.000000       0.000000
        0.410000       0.854362       0.090895       0.059873       0.031021       0.054749       0.000000       0.000000       0.000000       0.000000       0.000000
        0.420000       0.844963       0.090417       0.059383       0.031035       0.064614       0.000000       0.000000       0.000000       0.000000       0.000000
        0.430000       0.834450       0.090696       0.058495       0.030710       0.073354       0.000000       0.000000       0.001148       0.000000       0.000340
        0.440000       0.821419       0.092868       0.056571       0.029534       0.078947       0.000000       0.000000       0.004537       0.000000       0.002227
        0.450000       0.808372       0.095211       0.054583       0.028289       0.084093       0.000000       0.000000       0.008192       0.000000       0.004146
        0.460000       0.795509       0.097569       0.052614       0.027047       0.089023       0.000000       0.000000       0.011901       0.000000       0.006003
        0.470000       0.782906       0.099902       0.050691       0.025828       0.093813       0.000000       0.000000       0.015585       0.000000       0.007798
        0.480000       0.770607       0.102189       0.048821       0.024641       0.098484       0.000000       0.000000       0.019194       0.000000       0.009529
        0.490000       0.758598       0.104426       0.047011       0.023491       0.103073       0.000000       0.000000       0.022704       0.000000       0.011215
        0.500000       0.746895       0.106589       0.045262       0.022381       0.107560       0.000000       0.000000       0.026098       0.000000       0.012854
        0.510000       0.735481       0.108697       0.043573       0.021309       0.111987       0.000000       0.000000       0.029359       0.000000       0.014459
        0.520000       0.724388       0.110739       0.041945       0.020279       0.116335       0.000000       0.000000       0.032489       0.000000       0.016029
        0.530000       0.713570       0.112722       0.040376       0.019287       0.120632       0.000000       0.000000       0.035477       0.000000       0.017580
        0.540000       0.703041       0.114645       0.038865       0.018334       0.124875       0.000000       0.000000       0.038329       0.000000       0.019115
        0.550000       0.692772       0.116501       0.037413       0.017422       0.129057       0.000000       0.000000       0.041037       0.000000       0.020633
        0.560000       0.682777       0.118300       0.036013       0.016545       0.133185       0.000000       0.000000       0.043604       0.000000       0.022137
        0.570000       0.673042       0.120036       0.034669       0.015706       0.137251       0.000000       0.000000       0.046031       0.000000       0.023628
        0.580000       0.663567       0.121727       0.033374       0.014901       0.141285       0.000000       0.000000       0.048324       0.000000       0.025118
        0.590000       0.654320       0.123352       0.032131       0.014132       0.145256       0.000000       0.000000       0.050485       0.000000       0.026603
        0.600000       0.645287       0.124927       0.030934       0.013395       0.149194       0.000000       0.000000       0.052514       0.000000       0.028092
        0.610000       0.636497       0.126450       0.029784       0.012690       0.153070       0.000000       0.000000       0.054412       0.000000       0.029569
        0.620000       0.627937       0.127927       0.028678       0.012016       0.156903       0.000000       0.000000       0.056192       0.000000       0.031044
        0.630000       0.619560       0.129360       0.027613       0.011370       0.160710       0.000000       0.000000       0.057851       0.000000       0.032532
        0.640000       0.611412       0.130740       0.026591       0.010754       0.164443       0.000000       0.000000       0.059394       0.000000       0.034004
        0.650000       0.603447       0.132081       0.025607       0.010165       0.168145       0.000000       0.000000       0.060827       0.000000       0.035482
        0.660000       0.595665       0.133388       0.024659       0.009601       0.171824       0.000000       0.000000       0.062154       0.000000       0.036967
        0.670000       0.588097       0.134647       0.023748       0.009063       0.175439       0.000000       0.000000       0.063392       0.000000       0.038457
        0.680000       0.580681       0.135868       0.022872       0.008548       0.179007       0.000000       0.000000       0.064514       0.000000       0.039930
        0.690000       0.573433       0.137049       0.022028       0.008057       0.182533       0.000000       0.000000       0.065545       0.000000       0.041410
        0.700000       0.566368       0.138207       0.021215       0.007587       0.186038       0.000000       0.000000       0.066497       0.000000       0.042902
        0.710000       0.559456       0.139322       0.020434       0.007139       0.189484       0.000000       0.000000       0.067361       0.000000       0.044387
        0.720000       0.552696       0.140408       0.019680       0.006710       0.192898       0.000000       0.000000       0.068144       0.000000       0.045871
        0.730000       0.546074       0.141463       0.018954       0.006301       0.196270       0.000000       0.000000       0.068840       0.000000       0.047353
        0.740000       0.539619       0.142485       0.018256       0.005911       0.199592       0.000000       0.000000       0.069480       0.000000       0.048841
        0.750000       0.533287       0.143479       0.017583       0.005538       0.202873       0.000000       0.000000       0.070035       0.000000       0.050311
        0.760000       0.527122       0.144452       0.016935       0.005183       0.206113       0.000000       0.000000       0.070536       0.000000       0.051792
        0.770000       0.521065       0.145388       0.016310       0.004844       0.209308       0.000000       0.000000       0.070972       0.000000       0.053269
        0.780000       0.515129       0.146316       0.015706       0.004520       0.212491       0.000000       0.000000       0.071341       0.000000       0.054734
        0.790000       0.509315       0.147199       0.015126       0.004212       0.215598       0.000000       0.000000       0.071659       0.000000       0.056201
        0.800000       0.503654       0.148075       0.014565       0.003918       0.218676       0.000000       0.000000       0.071927       0.000000       0.057664
        0.810000       0.498070       0.148924       0.014024       0.003638       0.221731       0.000000       0.000000       0.072143       0.000000       0.059125
        0.820000       0.492638       0.149757       0.013503       0.003372       0.224727       0.000000       0.000000       0.072315       0.000000       0.060578
        0.830000       0.487297       0.150573       0.013000       0.003118       0.227699       0.000000       0.000000       0.072436       0.000000       0.062016
        0.840000       0.482048       0.151354       0.012515       0.002878       0.230617       0.000000       0.000000       0.072521       0.000000       0.063456
        0.850000       0.476906       0.152137       0.012045       0.002647       0.233529       0.000000       0.000000       0.072558       0.000000       0.064892
        0.860000       0.471870       0.152890       0.011593       0.002430       0.236376       0.000000       0.000000       0.072566       0.000000       0.066315
        0.870000       0.466942       0.153626       0.011157       0.002224       0.239169       0.000000       0.000000       0.072531       0.000000       0.067723
        0.880000       0.462090       0.154349       0.010735       0.002028       0.241949       0.000000       0.000000       0.072465       0.000000       0.069138
        0.890000       0.457344       0.155073       0.010327       0.001841       0.244712       0.000000       0.000000       0.072368       0.000000       0.070535
        0.900000       0.452660       0.155754       0.009935       0.001666       0.247403       0.000000       0.000000       0.072241       0.000000       0.071924
        0.910000       0.448097       0.156448       0.009555       0.001500       0.250078       0.000000       0.000000       0.072084       0.000000       0.073297
        0.920000       0.443611       0.157118       0.009188       0.001344       0.252712       0.000000       0.000000       0.071911       0.000000       0.074677
        0.930000       0.439186       0.157769       0.008834       0.001197       0.255297       0.000000       0.000000       0.071696       0.000000       0.076025
        0.940000       0.434837       0.158419       0.008491       0.001058       0.257887       0.000000       0.000000       0.071468       0.000000       0.077386
        0.950000       0.430580       0.159050       0.008162       0.000928       0.260419       0.000000       0.000000       0.071226       0.000000       0.078733
        0.960000       0.426384       0.159663       0.007843       0.000807       0.262905       0.000000       0.000000       0.070954       0.000000       0.080063
        0.970000       0.422310       0.160295       0.007534       0.000694       0.265376       0.000000       0.000000       0.070668       0.000000       0.081384
        0.980000       0.418251       0.160878       0.007238       0.000590       0.267790       0.000000       0.000000       0.070368       0.000000       0.082691
        0.990000       0.414284       0.161475       0.006951       0.000493       0.270191       0.000000       0.000000       0.070044       0.000000       0.083989
        1.000000       0.410362       0.162067       0.006671       0.000404       0.272587       0.000000       0.000000       0.069696       0.000000       0.085282
        1.010000       0.406532       0.162645       0.006404       0.000323       0.274927       0.000000       0.000000       0.069353       0.000000       0.086571
        1.020000       0.402748       0.163203       0.006145       0.000250       0.277217       0.000000       0.000000       0.068982       0.000000       0.087833
        1.030000       0.399040       0.163759       0.005896       0.000185       0.279479       0.000000       0.000000       0.068606       0.000000       0.089087
        1.040000       0.395393       0.164325       0.005653       0.000127       0.281742       0.000000       0.000000       0.068211       0.000000       0.090320
        1.050000       0.391792       0.164865       0.005420       0.000079       0.283952       0.000000       0.000000       0.067807       0.000000       0.091559
        1.060000       0.388252       0.165408       0.005195       0.000039       0.286150       0.000000       0.000000       0.067393       0.000000       0.092784
        1.070000       0.384758       0.165943       0.004977       0.000011       0.288321       0.000000       0.000000       0.066966       0.000000       0.093990
        1.080000       0.381310       0.166476       0.004766       0.000000       0.290474       0.000000       0.000000       0.066518       0.000000       0.095200
        1.090000       0.377968       0.167027       0.004562       0.000000       0.292591       0.000000       0.000000       0.066069       0.000000       0.096380
        1.100000       0.374626       0.167531       0.004367       0.000000       0.294654       0.000000       0.000000       0.065612       0.000000       0.097545
        1.110000       0.371346       0.168049       0.004178       0.000000       0.296729       0.000000       0.000000       0.065154       0.000000       0.098721
        1.120000       0.368126       0.168556       0.003996       0.000000       0.298739       0.000000       0.000000       0.064684       0.000000       0.099870
        1.130000       0.364952       0.169063       0.003820       0.000000       0.300755       0.000000       0.000000       0.064219       0.000000       0.101012
        1.140000       0.361809       0.169559       0.003650       0.000000       0.302746       0.000000       0.000000       0.063743       0.000000       0.102160
        1.150000       0.358727       0.170036       0.003488       0.000000       0.304668       0.000000       0.000000       0.063271       0.000000       0.103275
        1.160000       0.355690       0.170514       0.003332       0.000000       0.306578       0.000000       0.000000       0.062794       0.000000       0.104398
        1.170000       0.352699       0.170994       0.003181       0.000000       0.308472       0.000000       0.000000       0.062311       0.000000       0.105494
        1.180000       0.349739       0.171472       0.003035       0.000000       0.310372       0.000000       0.000000       0.061830       0.000000       0.106600
        1.190000       0.346809       0.171922       0.002895       0.000000       0.312208       0.000000       0.000000       0.061345       0.000000       0.107682
        1.200000       0.343971       0.172389       0.002761       0.000000       0.314020       0.000000       0.000000       0.060874       0.000000       0.108765
        1.210000       0.341148       0.172849       0.002631       0.000000       0.315814       0.000000       0.000000       0.060385       0.000000       0.109824
        1.220000       0.338356       0.173290       0.002507       0.000000       0.317587       0.000000       0.000000       0.059909       0.000000       0.110894
        1.230000       0.335594       0.173739       0.002386       0.000000       0.319337       0.000000       0.000000       0.059407       0.000000       0.111930
        1.240000       0.332863       0.174159       0.002272       0.000000       0.321049       0.000000       0.000000       0.058924       0.000000       0.112969
        1.250000       0.330208       0.174602       0.002161       0.000000       0.322740       0.000000       0.000000       0.058439       0.000000       0.113990
        1.260000       0.327568       0.175029       0.002055       0.000000       0.324410       0.000000       0.000000       0.057950       0.000000       0.115004
        1.270000       0.324959       0.175447       0.001953       0.000000       0.326063       0.000000       0.000000       0.057470       0.000000       0.116023
        1.280000       0.322395       0.175878       0.001855       0.000000       0.327714       0.000000       0.000000       0.056988       0.000000       0.117031
        1.290000       0.319862       0.176281       0.001761       0.000000       0.329301       0.000000       0.000000       0.056512       0.000000       0.118017
        1.300000       0.317360       0.176711       0.001670       0.000000       0.330920       0.000000       0.000000       0.056021       0.000000       0.118997
        1.310000       0.314888       0.177113       0.001584       0.000000       0.332482       0.000000       0.000000       0.055544       0.000000       0.119984
        1.320000       0.312447       0.177506       0.001501       0.000000       0.334014       0.000000       0.000000       0.055067       0.000000       0.120953
        1.330000       0.310051       0.177912       0.001422       0.000000       0.335533       0.000000       0.000000       0.054586       0.000000       0.121897
        1.340000       0.307671       0.178323       0.001345       0.000000       0.337080       0.000000       0.000000       0.054109       0.000000       0.122854
        1.350000       0.305321       0.178705       0.001272       0.000000       0.338550       0.000000       0.000000       0.053634       0.000000       0.123797
        1.360000       0.302986       0.179092       0.001202       0.000000       0.340025       0.000000       0.000000       0.053151       0.000000       0.124719
        1.370000       0.300713       0.179489       0.001135       0.000000       0.341485       0.000000       0.000000       0.052684       0.000000       0.125656
        1.380000       0.298470       0.179868       0.001072       0.000000       0.342894       0.000000       0.000000       0.052223       0.000000       0.126564
        1.390000       0.296242       0.180242       0.001011       0.000000       0.344296       0.000000       0.000000       0.051762       0.000000       0.127487
        1.400000       0.294014       0.180624       0.000952       0.000000       0.345728       0.000000       0.000000       0.051288       0.000000       0.128374
