        9.423432       0.015457       0.015773
       18.872127       0.035768       0.036379
       28.334900       0.059404       0.060300
       37.808821       0.094957       0.096127
       47.294322       0.154588       0.156013
       56.791538       0.250633       0.252317
       66.302339       0.393146       0.395072
       75.828470       0.588344       0.590527
       85.372116       0.837907       0.840316
       94.934862       1.139047       1.141701
      104.520271       1.485253       1.488162
      114.126961       1.863391       1.866219
      123.758731       2.258850       2.262204
      133.417611       2.665507       2.669107
      143.103303       3.074690       3.078561
      152.816956       3.478814       3.482906
      162.562627       3.872647       3.876994
      172.341031       4.253218       4.257764
      182.153584       4.620381       4.625207
      192.002303       4.976606       4.981689
      201.889418       5.326854       5.332162
      211.816248       5.678124       5.683750
      221.789437       6.039628       6.045412
      231.803589       6.420702       6.428191
      241.865317       6.833117       6.839461
      251.973855       7.287968       7.294636
      262.136666       7.797824       7.804710
      272.350718       8.374156       8.379343
      282.618109       9.028406       9.035947
      292.945654       9.772641       9.780347
      303.332069      10.617261      10.623027
      313.778987      11.571955      11.580209
      324.292738      12.647024      12.655350
      334.867192      13.849898      13.858537
      345.508379      15.158789      15.167920
      356.213234      16.310429      16.316131
      366.972862      17.482483      17.492097
      377.784563      18.722425      18.731273
      388.653969      20.046774      20.057440
      399.566553      21.461682      21.470690
      410.540640      22.974153      22.984754
      421.557371      24.584288      24.595720
      432.629875      26.184211      26.195851
      443.755585      27.609279      27.621775
      454.921809      29.095670      29.114337
      466.125646      30.664044      30.681856
      477.378693      32.323446      32.338059
      488.670053      34.076896      34.095126
      500.018352      35.928233      35.943429
      511.393603      37.874438      37.888964
      522.824460      39.922447      39.927936
      534.289967      42.065707      42.079871
      545.815876      44.310009      44.322565
      557.394492      46.651649      46.670519
      569.019585      49.096196      49.107149
      580.686923      51.634912      51.648976
      592.394774      54.274065      54.287138
      604.170791      57.010070      57.036411
      615.984189      59.841306      59.869654
      627.865220      62.772608      62.789666
      639.777702      65.798634      65.814134
      651.741891      68.914027      68.942121
      663.786506      72.131843      72.149884
      675.845048      75.438266      75.462478
      687.973687      78.839782      78.859363
      700.176557      82.331636      82.348186
      712.424670      85.913753      85.953108
      724.703234      89.588898      89.619541
      737.043568      93.354872      93.372489
      749.471923      97.209203      97.243360
      761.932197     101.149665     101.186163
      774.460569     105.183655     105.219195
      787.036317     109.303626     109.325099
      799.676167     113.505765     113.539706
      812.358662     117.803956     117.816449
      825.108190     122.178424     122.221020
      837.912690     126.641091     126.675590
      850.792952     131.191788     131.220365
      863.704732     135.827051     135.831940
      876.680146     140.539192     140.577472
      889.747114     145.349042     145.359103
      902.842668     150.226858     150.268753
      916.001657     155.189848     155.242121
      929.218084     160.238594     160.271861
      942.528929     165.374181     165.404999
      955.868894     170.586046     170.616364
      969.243708     175.884334     175.912819
      982.700946     181.250238     181.286053
      996.255870     186.710111     186.763401
     1009.830116     192.256658     192.264787
     1023.467731     197.864674     197.907502
     1037.182708     203.556148     203.625113
     1050.916607     209.337327     209.370243
     1064.792836     215.208410     215.227717
     1078.698983     221.142112     221.167083
     1092.626519     227.154408     227.156974
     1106.659668     233.247964     233.319378
     1120.703079     239.405437     239.445766
     1134.843042     245.657446     245.706404
     1149.094282     252.012969     252.033525
     1163.382170     258.414403     258.466993
     1177.682852     264.900827     264.923283
     1192.054298     271.461681     271.491266
     1206.507970     278.092317     278.153153
     1221.032273     284.820603     284.860749
     1235.628406     291.618488     291.666630
     1250.282644     298.499497     298.529116
     1265.022971     305.464898     305.470295
     1279.811008     312.496398     312.579956
     1294.598512     319.597064     319.630014
     1309.544337     326.783054     326.826832
     1324.481099     334.045672     334.084352
     1339.535269     341.379287     341.444121
     1354.694986     348.819949     348.854432
     1369.778341     356.267674     356.313084
     1385.021216     363.842401     363.871287
     1400.293676     371.470569     371.514214
     1415.734319     379.210847     379.251460
     1431.131117     386.991471     386.974713
     1446.632662     394.843459     394.913191
     1462.154330     402.763114     402.866362
     1477.818727     410.784117     410.876737
     1493.495251     418.890811     418.932357
     1509.225748     427.040183     427.020194
     1524.999156     435.245661     435.294836
     1540.862386     443.554753     443.589036
     1556.840625     451.948603     451.953900
     1572.900957     460.411051     460.458727
     1588.912379     468.901952     468.952360
     1605.120769     477.538379     477.592685
     1621.348882     486.218118     486.262996
     1637.596320     494.952397     494.974019
     1653.885602     503.752975     503.807748
     1670.389977     512.673993     512.757318
     1686.841045     521.637457     521.683100
     1703.357814     530.668753     530.658191
     1720.032902     539.808327     539.849673
     1736.606975     548.914919     549.038057
     1753.386012     558.194590     558.302769
     1770.229950     567.534797     567.602297
