        0.010000      -0.135438       3.238233       2.015813      -0.777529       0.000000
        0.020000      -0.425451       6.358246       3.973954      -1.489850       0.000000
        0.030000      -0.725968       9.364056       5.875503      -2.138577       0.000000
        0.040000      -0.941844      12.257625       7.721916      -2.728238       0.000000
        0.050000      -1.029386      15.041291       9.515232      -3.264118       0.000000
        0.060000      -0.992398      17.717241      11.257513      -3.751234       0.000000
        0.070000      -0.874190      20.288366      12.951264      -4.194188       0.000000
        0.080000      -0.746912      22.757727      14.599066      -4.597007       0.000000
        0.090000      -0.699815      25.128699      16.203616      -4.963221       0.000000
        0.100000      -0.827825      27.404673      17.767551      -5.295869       0.000000
        0.110000      -1.221594      29.589661      19.293825      -5.597709       0.000000
        0.120000      -1.939196      31.687830      20.784566      -5.865834       0.000000
        0.130000      -3.014864      33.704651      22.242456      -6.097021       0.000000
        0.140000      -4.511485      35.643249      23.670341      -6.300312       0.000000
        0.150000      -6.454975      37.506287      25.070089      -6.479277       0.000000
        0.160000      -8.848734      39.297008      26.443775      -6.636413       0.000000
        0.170000     -11.678686      41.019192      27.793861      -6.773740       0.000000
        0.180000     -14.915078      42.675806      29.122080      -6.892850       0.000000
        0.190000     -18.517129      44.269856      30.430183      -6.995137       0.000000
        0.200000     -22.436456      45.804337      31.719858      -7.081834       0.000000
        0.210000     -26.620249      47.282147      32.992725      -7.154036       0.000000
        0.220000     -31.013688      48.705857      34.250123      -7.212762       0.000000
        0.230000     -35.565005      50.078773      35.494102      -7.258995       0.000000
        0.240000     -40.217492      51.401881      36.724499      -7.293390       0.000000
        0.250000     -44.926485      52.678936      37.943905      -7.316995       0.000000
        0.260000     -49.644205      53.910965      39.152176      -7.330315       0.000000
        0.270000     -54.335270      55.100990      40.351326      -7.334189       0.000000
        0.280000     -58.961701      56.250612      41.541800      -7.329182       0.000000
        0.290000     -63.492347      57.360630      42.723450      -7.315860       0.000000
        0.300000     -67.907048      58.434357      43.898625      -7.294939       0.000000
        0.310000     -72.182719      59.473047      45.067556      -7.266890       0.000000
        0.320000     -76.301528      60.477140      46.229836      -7.232158       0.000000
        0.330000     -80.255394      61.449558      47.387565      -7.191368       0.000000
        0.340000     -84.028303      62.390543      48.539860      -7.144836       0.000000
        0.350000     -87.516606      63.300373      49.676903      -7.089087      -0.009039
        0.360000     -89.858869      64.171588      50.706156      -6.991163      -0.105277
        0.370000     -91.706258      65.016626      51.694439      -6.877984      -0.231916
        0.380000     -93.236126      65.841199      52.661000      -6.756923      -0.374436
        0.390000     -94.516830      66.646492      53.611665      -6.630608      -0.528082
        0.400000     -95.580655      67.434111      54.549157      -6.500686      -0.690135
        0.410000     -96.463138      68.205040      55.476381      -6.368085      -0.859409
        0.420000     -97.177265      68.959863      56.393539      -6.233774      -1.034498
        0.430000     -97.729298      69.698072      57.288240      -6.123057      -1.227277
        0.440000     -98.032212      70.411756      58.130532      -6.059955      -1.462854
        0.450000     -98.228023      71.111894      58.963558      -6.001571      -1.704370
        0.460000     -98.336878      71.800752      59.792088      -5.943556      -1.949004
        0.470000     -98.364041      72.478898      60.617270      -5.884312      -2.196067
        0.480000     -98.315143      73.144599      61.438272      -5.822709      -2.445021
        0.490000     -98.199307      73.801016      62.257709      -5.758751      -2.696284
        0.500000     -98.016247      74.444795      63.072673      -5.691792      -2.948859
        0.510000     -97.777388      75.079300      63.886683      -5.621966      -3.203631
        0.520000     -97.478832      75.701438      64.695707      -5.549331      -3.459490
        0.530000     -97.139655      76.314373      65.504188      -5.473957      -3.717568
        0.540000     -96.755540      76.917271      66.309914      -5.395971      -3.977184
        0.550000     -96.330263      77.510773      67.114485      -5.315833      -4.239155
        0.560000     -95.869809      78.093255      67.915589      -5.233017      -4.502102
        0.570000     -95.374698      78.665475      68.714465      -5.148429      -4.767188
        0.580000     -94.853004      79.228357      69.511277      -5.061827      -5.033612
        0.590000     -94.304812      79.781897      70.305926      -4.973763      -5.301837
        0.600000     -93.737299      80.328035      71.100646      -4.884130      -5.572070
        0.610000     -93.148107      80.862808      71.891810      -4.793323      -5.843854
        0.620000     -92.543745      81.388354      72.680052      -4.701539      -6.116858
        0.630000     -91.927684      81.907955      73.469679      -4.609084      -6.392246
        0.640000     -91.293764      82.415259      74.254281      -4.515888      -6.668659
        0.650000     -90.654418      82.916195      75.039046      -4.422390      -6.947245
        0.660000     -90.012022      83.410587      75.823176      -4.328733      -7.227259
        0.670000     -89.357844      83.893066      76.602952      -4.234747      -7.508351
        0.680000     -88.699415      84.369294      77.382753      -4.141024      -7.791529
        0.690000     -88.040035      84.837738      78.161498      -4.047538      -8.076338
        0.700000     -87.379768      85.298871      78.938468      -3.954535      -8.362254
        0.710000     -86.718759      85.751926      79.713670      -3.861891      -8.649655
        0.720000     -86.056631      86.198764      80.488596      -3.770044      -8.938919
        0.730000     -85.397787      86.638566      81.262569      -3.678879      -9.229260
        0.740000     -84.742099      87.069471      82.033557      -3.588574      -9.520810
        0.750000     -84.085925      87.495265      82.805367      -3.499353      -9.814674
        0.760000     -83.433542      87.911213      83.572937      -3.410950     -10.108384
        0.770000     -82.789183      88.322230      84.341363      -3.323779     -10.404238
        0.780000     -82.149807      88.729836      85.110294      -3.237973     -10.701591
        0.790000     -81.512965      89.127929      85.876981      -3.153171     -11.000079
        0.800000     -80.877664      89.518038      86.639958      -3.069535     -11.298534
        0.810000     -80.257266      89.906725      87.407201      -2.987640     -11.600238
        0.820000     -79.637269      90.284643      88.168472      -2.906878     -11.901203
        0.830000     -79.026020      90.659527      88.930767      -2.827587     -12.203808
        0.840000     -78.419557      91.028927      89.692945      -2.749922     -12.507951
        0.850000     -77.828597      91.393703      90.455946      -2.673525     -12.813230
        0.860000     -77.235596      91.751430      91.215953      -2.598762     -13.119245
        0.870000     -76.645489      92.101378      91.974406      -2.525383     -13.426279
        0.880000     -76.065630      92.448656      92.732212      -2.453403     -13.732809
        0.890000     -75.503787      92.791765      93.491756      -2.383328     -14.042315
        0.900000     -74.935269      93.129486      94.250720      -2.314608     -14.352698
        0.910000     -74.381767      93.460579      95.006140      -2.247363     -14.662624
        0.920000     -73.832232      93.787006      95.761343      -2.181612     -14.973467
        0.930000     -73.286400      94.109289      96.517562      -2.117434     -15.285917
        0.940000     -72.753809      94.429846      97.275860      -2.054854     -15.599738
        0.950000     -72.228144      94.743724      98.030772      -1.993761     -15.913738
        0.960000     -71.699437      95.052963      98.784560      -1.934080     -16.227674
        0.970000     -71.189833      95.354507      99.536833      -1.875775     -16.542800
        0.980000     -70.676292      95.656474     100.289146      -1.819177     -16.858192
        0.990000     -70.174475      95.952406     101.041992      -1.763844     -17.174760
        1.000000     -69.681083      96.247371     101.798715      -1.709993     -17.493210
        1.010000     -69.196049      96.535232     102.550251      -1.657467     -17.810845
        1.020000     -68.709766      96.819321     103.302044      -1.606363     -18.129378
        1.030000     -68.227566      97.098752     104.052220      -1.556595     -18.448201
        1.040000     -67.761662      97.376759     104.802854      -1.508234     -18.767538
        1.050000     -67.296244      97.649665     105.554762      -1.461126     -19.088141
        1.060000     -66.838550      97.920165     106.305921      -1.415252     -19.408870
        1.070000     -66.383718      98.188594     107.057790      -1.370657     -19.730504
        1.080000     -65.937996      98.452839     107.810614      -1.327232     -20.051844
        1.090000     -65.502316      98.709405     108.559566      -1.284977     -20.374035
        1.100000     -65.058751      98.966540     109.309085      -1.243972     -20.696340
        1.110000     -64.634029      99.221238     110.060330      -1.204177     -21.019492
        1.120000     -64.203042      99.469359     110.809015      -1.165540     -21.342957
        1.130000     -63.785333      99.717871     111.558644      -1.128051     -21.667346
        1.140000     -63.373987      99.963421     112.311712      -1.091653     -21.993255
        1.150000     -62.957522     100.203531     113.056217      -1.056349     -22.316407
        1.160000     -62.555430     100.440346     113.806015      -1.022086     -22.642904
        1.170000     -62.154153     100.675650     114.553433      -0.988916     -22.968582
        1.180000     -61.764181     100.911022     115.305652      -0.956684     -23.296668
        1.190000     -61.370320     101.142821     116.054102      -0.925499     -23.623570
        1.200000     -60.984133     101.367193     116.799285      -0.895205     -23.950911
        1.210000     -60.597148     101.591391     117.544714      -0.865875     -24.277515
        1.220000     -60.223477     101.814393     118.293828      -0.837479     -24.607029
        1.230000     -59.847363     102.034706     119.043335      -0.809883     -24.936447
        1.240000     -59.478453     102.253580     119.790824      -0.783225     -25.265794
        1.250000     -59.111108     102.465904     120.533887      -0.757300     -25.594017
        1.260000     -58.746330     102.677985     121.280434      -0.732250     -25.924209
        1.270000     -58.392282     102.888615     122.028785      -0.708000     -26.255836
        1.280000     -58.041890     103.096947     122.775981      -0.684489     -26.587032
        1.290000     -57.687909     103.301776     123.518576      -0.661772     -26.917115
        1.300000     -57.347042     103.506671     124.268288      -0.639721     -27.250366
        1.310000     -57.004455     103.707263     125.014621      -0.618355     -27.582511
        1.320000     -56.663472     103.905832     125.759228      -0.597665     -27.914473
        1.330000     -56.323558     104.101577     126.502082      -0.577659     -28.246249
        1.340000     -55.997933     104.299527     127.251012      -0.558326     -28.580564
        1.350000     -55.667867     104.491641     127.996046      -0.539569     -28.914025
        1.360000     -55.345640     104.684929     128.742203      -0.521445     -29.247544
        1.370000     -55.024772     104.872726     129.488599      -0.503867     -29.582753
        1.380000     -54.705717     105.057990     130.226522      -0.486880     -29.914368
        1.390000     -54.391281     105.241841     130.972801      -0.470450     -30.250462
        1.400000     -54.083964     105.431015     131.720874      -0.454578     -30.586296
