   0.647249E-01   0.168055E+14   0.245568E+00   0.729458E+02
   0.129450E+00   0.336743E+14   0.190976E+00   0.638944E+02
   0.194175E+00   0.505823E+14   0.165480E+00   0.572745E+02
   0.258900E+00   0.675136E+14   0.155543E+00   0.542602E+02
   0.323625E+00   0.844579E+14   0.151918E+00   0.532686E+02
   0.388350E+00   0.101409E+15   0.150393E+00   0.529803E+02
   0.453074E+00   0.118365E+15   0.149166E+00   0.529174E+02
   0.517799E+00   0.135330E+15   0.147280E+00   0.530430E+02
   0.582524E+00   0.152306E+15   0.143030E+00   0.530767E+02
   0.647249E+00   0.169299E+15   0.132942E+00   0.516140E+02
   0.711974E+00   0.186317E+15   0.114895E+00   0.456570E+02
   0.776699E+00   0.203369E+15   0.100073E+00   0.345453E+02
   0.841424E+00   0.220460E+15   0.101934E+00   0.244923E+02
   0.906149E+00   0.237597E+15   0.117241E+00   0.187041E+02
   0.970874E+00   0.254786E+15   0.140762E+00   0.156818E+02
   0.103560E+01   0.272038E+15   0.170130E+00   0.140474E+02
   0.110032E+01   0.289353E+15   0.204162E+00   0.131217E+02
   0.116505E+01   0.306740E+15   0.242111E+00   0.125815E+02
   0.122977E+01   0.324203E+15   0.283380E+00   0.122641E+02
   0.129450E+01   0.341745E+15   0.327447E+00   0.120816E+02
   0.135922E+01   0.359379E+15   0.373861E+00   0.119835E+02
   0.142395E+01   0.377099E+15   0.422169E+00   0.119393E+02
   0.148867E+01   0.394914E+15   0.471959E+00   0.119299E+02
   0.155340E+01   0.412834E+15   0.522874E+00   0.119428E+02
   0.161812E+01   0.430857E+15   0.574541E+00   0.119695E+02
   0.168285E+01   0.448986E+15   0.626629E+00   0.120046E+02
   0.174757E+01   0.467234E+15   0.678847E+00   0.120440E+02
   0.181230E+01   0.485595E+15   0.730893E+00   0.120851E+02
   0.187702E+01   0.504071E+15   0.782508E+00   0.121259E+02
   0.194175E+01   0.522673E+15   0.833496E+00   0.121652E+02
   0.200647E+01   0.541397E+15   0.883630E+00   0.122021E+02
   0.207120E+01   0.560245E+15   0.932740E+00   0.122360E+02
   0.213592E+01   0.579228E+15   0.980700E+00   0.122665E+02
   0.220065E+01   0.598346E+15   0.102739E+01   0.122935E+02
   0.226537E+01   0.617586E+15   0.107266E+01   0.123168E+02
   0.233010E+01   0.636974E+15   0.111651E+01   0.123366E+02
   0.239482E+01   0.656500E+15   0.115884E+01   0.123528E+02
   0.245955E+01   0.676148E+15   0.119953E+01   0.123656E+02
   0.252427E+01   0.695945E+15   0.123107E+01   0.123733E+02
   0.258900E+01   0.715841E+15   0.125749E+01   0.123778E+02
   0.265372E+01   0.735825E+15   0.128094E+01   0.123797E+02
   0.271845E+01   0.755909E+15   0.130216E+01   0.123794E+02
   0.278317E+01   0.776082E+15   0.132157E+01   0.123772E+02
   0.284790E+01   0.796333E+15   0.133942E+01   0.123732E+02
   0.291262E+01   0.816667E+15   0.135594E+01   0.123676E+02
   0.297735E+01   0.837072E+15   0.136813E+01   0.123620E+02
   0.304207E+01   0.857562E+15   0.137812E+01   0.123564E+02
   0.310680E+01   0.878087E+15   0.138715E+01   0.123500E+02
   0.317152E+01   0.898668E+15   0.139545E+01   0.123430E+02
   0.323625E+01   0.919281E+15   0.140312E+01   0.123354E+02
   0.330097E+01   0.939973E+15   0.141026E+01   0.123270E+02
   0.336570E+01   0.960714E+15   0.141691E+01   0.123179E+02
   0.343042E+01   0.981473E+15   0.142310E+01   0.123082E+02
   0.349515E+01   0.100231E+16   0.142890E+01   0.122979E+02
   0.355987E+01   0.102322E+16   0.143432E+01   0.122869E+02
   0.362460E+01   0.104415E+16   0.143937E+01   0.122754E+02
   0.368932E+01   0.106512E+16   0.144410E+01   0.122632E+02
   0.375405E+01   0.108616E+16   0.144853E+01   0.122506E+02
   0.381877E+01   0.110724E+16   0.145266E+01   0.122374E+02
   0.388350E+01   0.112839E+16   0.145652E+01   0.122237E+02
   0.394822E+01   0.114954E+16   0.146012E+01   0.122095E+02
   0.401295E+01   0.117075E+16   0.146347E+01   0.121949E+02
   0.407767E+01   0.119205E+16   0.146661E+01   0.121798E+02
   0.414239E+01   0.121341E+16   0.146952E+01   0.121643E+02
   0.420712E+01   0.123478E+16   0.147223E+01   0.121484E+02
   0.427184E+01   0.125617E+16   0.147474E+01   0.121322E+02
   0.433657E+01   0.127764E+16   0.147706E+01   0.121156E+02
   0.440129E+01   0.129918E+16   0.147922E+01   0.120986E+02
   0.446602E+01   0.132074E+16   0.148120E+01   0.120814E+02
   0.453074E+01   0.134241E+16   0.148304E+01   0.120638E+02
   0.459547E+01   0.136407E+16   0.148471E+01   0.120460E+02
   0.466019E+01   0.138574E+16   0.148625E+01   0.120279E+02
   0.472492E+01   0.140754E+16   0.148765E+01   0.120095E+02
   0.478964E+01   0.142935E+16   0.148892E+01   0.119910E+02
   0.485437E+01   0.145117E+16   0.149007E+01   0.119722E+02
   0.491909E+01   0.147314E+16   0.149111E+01   0.119532E+02
   0.498382E+01   0.149508E+16   0.149203E+01   0.119340E+02
   0.504854E+01   0.151710E+16   0.149285E+01   0.119147E+02
   0.511327E+01   0.153915E+16   0.149356E+01   0.118952E+02
   0.517799E+01   0.156126E+16   0.149418E+01   0.118756E+02
   0.524272E+01   0.158338E+16   0.149471E+01   0.118558E+02
   0.530744E+01   0.160562E+16   0.149516E+01   0.118359E+02
   0.537217E+01   0.162785E+16   0.149552E+01   0.118159E+02
   0.543689E+01   0.165023E+16   0.149580E+01   0.117958E+02
   0.550162E+01   0.167261E+16   0.149601E+01   0.117756E+02
   0.556634E+01   0.169502E+16   0.149615E+01   0.117553E+02
   0.563107E+01   0.171742E+16   0.149622E+01   0.117350E+02
   0.569579E+01   0.173993E+16   0.149622E+01   0.117146E+02
   0.576052E+01   0.176251E+16   0.149617E+01   0.116941E+02
   0.582524E+01   0.178514E+16   0.149605E+01   0.116737E+02
   0.588997E+01   0.180780E+16   0.149588E+01   0.116531E+02
   0.595469E+01   0.183046E+16   0.149566E+01   0.116326E+02
   0.601942E+01   0.185326E+16   0.149538E+01   0.116120E+02
   0.608414E+01   0.187598E+16   0.149506E+01   0.115915E+02
   0.614887E+01   0.189888E+16   0.149469E+01   0.115709E+02
   0.621359E+01   0.192167E+16   0.149428E+01   0.115505E+02
   0.627832E+01   0.194473E+16   0.149383E+01   0.115298E+02
   0.634304E+01   0.196766E+16   0.149334E+01   0.115094E+02
   0.640777E+01   0.199070E+16   0.149281E+01   0.114888E+02
   0.647249E+01   0.201381E+16   0.149224E+01   0.114684E+02
   0.653722E+01   0.203690E+16   0.149164E+01   0.114479E+02
   0.660194E+01   0.206004E+16   0.149101E+01   0.114275E+02
   0.666667E+01   0.208336E+16   0.149034E+01   0.114070E+02
   0.673139E+01   0.210661E+16   0.148965E+01   0.113867E+02
   0.679612E+01   0.212996E+16   0.148892E+01   0.113664E+02
   0.686084E+01   0.215324E+16   0.148818E+01   0.113462E+02
   0.692557E+01   0.217679E+16   0.148740E+01   0.113259E+02
   0.699029E+01   0.220030E+16   0.148660E+01   0.113058E+02
   0.705502E+01   0.222369E+16   0.148579E+01   0.112859E+02
   0.711974E+01   0.224729E+16   0.148495E+01   0.112660E+02
   0.718447E+01   0.227095E+16   0.148409E+01   0.112461E+02
   0.724919E+01   0.229464E+16   0.148321E+01   0.112264E+02
   0.731392E+01   0.231824E+16   0.148231E+01   0.112067E+02
   0.737864E+01   0.234200E+16   0.148140E+01   0.111872E+02
   0.744337E+01   0.236578E+16   0.148047E+01   0.111677E+02
   0.750809E+01   0.238973E+16   0.147952E+01   0.111483E+02
   0.757282E+01   0.241368E+16   0.147856E+01   0.111290E+02
   0.763754E+01   0.243758E+16   0.147759E+01   0.111099E+02
   0.770227E+01   0.246147E+16   0.147660E+01   0.110909E+02
   0.776699E+01   0.248563E+16   0.147561E+01   0.110721E+02
   0.783172E+01   0.250959E+16   0.147470E+01   0.110552E+02
   0.789644E+01   0.253381E+16   0.147382E+01   0.110390E+02
   0.796117E+01   0.255802E+16   0.147295E+01   0.110234E+02
   0.802589E+01   0.258216E+16   0.147210E+01   0.110084E+02
   0.809062E+01   0.260638E+16   0.147126E+01   0.109937E+02
   0.815534E+01   0.263077E+16   0.147042E+01   0.109793E+02
   0.822006E+01   0.265491E+16   0.146959E+01   0.109654E+02
   0.828479E+01   0.267929E+16   0.146875E+01   0.109517E+02
   0.834951E+01   0.270381E+16   0.146791E+01   0.109382E+02
   0.841424E+01   0.272803E+16   0.146708E+01   0.109250E+02
   0.847896E+01   0.275256E+16   0.146624E+01   0.109120E+02
   0.854369E+01   0.277701E+16   0.146540E+01   0.108992E+02
   0.860841E+01   0.280140E+16   0.146457E+01   0.108867E+02
   0.867314E+01   0.282602E+16   0.146373E+01   0.108742E+02
   0.873786E+01   0.285057E+16   0.146288E+01   0.108620E+02
   0.880259E+01   0.287534E+16   0.146203E+01   0.108499E+02
   0.886731E+01   0.289978E+16   0.146119E+01   0.108381E+02
   0.893204E+01   0.292454E+16   0.146033E+01   0.108263E+02
   0.899676E+01   0.294911E+16   0.145948E+01   0.108148E+02
   0.906149E+01   0.297410E+16   0.145861E+01   0.108032E+02
