269.153 10.610 1.474 1.021e+02 5.550e-02 7.714e-01 2.050e-01
257.632 10.666 1.478 1.055e+02 5.660e-02 7.490e-01 2.045e-01
246.604 10.722 1.482 1.091e+02 5.778e-02 7.257e-01 2.040e-01
236.048 10.779 1.485 1.130e+02 5.899e-02 7.024e-01 2.034e-01
225.944 10.837 1.489 1.171e+02 6.024e-02 6.793e-01 2.028e-01
216.272 10.894 1.492 1.215e+02 6.154e-02 6.554e-01 2.021e-01
207.014 10.951 1.495 1.261e+02 6.285e-02 6.320e-01 2.015e-01
198.153 11.007 1.498 1.310e+02 6.420e-02 6.084e-01 2.008e-01
189.671 11.062 1.500 1.360e+02 6.558e-02 5.848e-01 2.002e-01
181.552 11.117 1.503 1.413e+02 6.696e-02 5.618e-01 1.995e-01
173.780 11.170 1.505 1.468e+02 6.840e-02 5.381e-01 1.988e-01
166.341 11.223 1.506 1.525e+02 6.984e-02 5.153e-01 1.981e-01
159.221 11.275 1.508 1.586e+02 7.130e-02 4.926e-01 1.974e-01
152.405 11.326 1.509 1.650e+02 7.279e-02 4.701e-01 1.967e-01
145.881 11.376 1.510 1.716e+02 7.431e-02 4.480e-01 1.959e-01
139.637 11.424 1.510 1.787e+02 7.587e-02 4.254e-01 1.952e-01
133.660 11.472 1.511 1.861e+02 7.742e-02 4.041e-01 1.944e-01
127.938 11.518 1.510 1.939e+02 7.902e-02 3.825e-01 1.936e-01
122.462 11.563 1.510 2.022e+02 8.064e-02 3.615e-01 1.927e-01
117.220 11.606 1.509 2.110e+02 8.230e-02 3.404e-01 1.919e-01
112.202 11.648 1.507 2.203e+02 8.397e-02 3.201e-01 1.910e-01
107.399 11.689 1.505 2.303e+02 8.564e-02 3.008e-01 1.900e-01
102.802 11.727 1.502 2.410e+02 8.740e-02 2.809e-01 1.891e-01
98.401 11.764 1.499 2.525e+02 8.915e-02 2.621e-01 1.881e-01
94.189 11.799 1.495 2.649e+02 9.094e-02 2.437e-01 1.870e-01
90.157 11.832 1.491 2.783e+02 9.276e-02 2.260e-01 1.859e-01
86.298 11.862 1.485 2.929e+02 9.465e-02 2.083e-01 1.848e-01
82.604 11.891 1.479 3.089e+02 9.653e-02 1.922e-01 1.836e-01
79.068 11.916 1.471 3.265e+02 9.852e-02 1.757e-01 1.823e-01
75.683 11.939 1.463 3.461e+02 1.005e-01 1.604e-01 1.809e-01
72.444 11.960 1.454 3.680e+02 1.026e-01 1.465e-01 1.794e-01
69.343 11.977 1.443 3.927e+02 1.047e-01 1.328e-01 1.778e-01
66.374 11.991 1.431 4.208e+02 1.069e-01 1.201e-01 1.761e-01
63.533 12.001 1.417 4.530e+02 1.092e-01 1.078e-01 1.743e-01
60.814 12.008 1.401 4.904e+02 1.116e-01 9.692e-02 1.723e-01
58.210 12.011 1.384 5.340e+02 1.141e-01 8.657e-02 1.701e-01
55.719 12.011 1.365 5.849e+02 1.167e-01 7.724e-02 1.678e-01
53.333 12.007 1.346 6.431e+02 1.195e-01 6.784e-02 1.654e-01
51.050 12.001 1.325 7.094e+02 1.222e-01 5.985e-02 1.629e-01
48.865 11.992 1.303 7.851e+02 1.250e-01 5.246e-02 1.604e-01
46.774 11.981 1.281 8.719e+02 1.279e-01 4.632e-02 1.578e-01
44.771 11.966 1.257 9.715e+02 1.308e-01 3.983e-02 1.551e-01
42.855 11.950 1.234 1.086e+03 1.338e-01 3.490e-02 1.524e-01
41.020 11.931 1.209 1.217e+03 1.368e-01 2.979e-02 1.496e-01
39.264 11.911 1.185 1.366e+03 1.398e-01 2.554e-02 1.468e-01
37.584 11.889 1.160 1.535e+03 1.429e-01 2.126e-02 1.441e-01
35.975 11.866 1.136 1.726e+03 1.459e-01 1.769e-02 1.413e-01
34.435 11.842 1.112 1.943e+03 1.489e-01 1.480e-02 1.386e-01
32.961 11.816 1.087 2.190e+03 1.519e-01 1.188e-02 1.358e-01
31.550 11.789 1.063 2.470e+03 1.549e-01 9.578e-03 1.331e-01
30.200 11.761 1.039 2.789e+03 1.578e-01 7.881e-03 1.304e-01
28.907 11.732 1.015 3.151e+03 1.607e-01 6.757e-03 1.277e-01
27.669 11.701 0.992 3.565e+03 1.637e-01 5.509e-03 1.251e-01
26.485 11.669 0.968 4.036e+03 1.665e-01 4.786e-03 1.224e-01
25.351 11.637 0.945 4.574e+03 1.693e-01 5.222e-03 1.198e-01
24.266 11.603 0.921 5.187e+03 1.721e-01 5.464e-03 1.172e-01
23.227 11.568 0.898 5.889e+03 1.748e-01 6.149e-03 1.146e-01
22.233 11.532 0.876 6.691e+03 1.775e-01 7.252e-03 1.121e-01
21.281 11.495 0.853 7.608e+03 1.801e-01 8.746e-03 1.096e-01
20.370 11.458 0.831 8.659e+03 1.826e-01 1.125e-02 1.070e-01
19.498 11.419 0.809 9.862e+03 1.851e-01 1.345e-02 1.046e-01
18.664 11.380 0.787 1.124e+04 1.874e-01 1.659e-02 1.021e-01
17.865 11.340 0.766 1.283e+04 1.897e-01 2.002e-02 9.972e-02
17.100 11.300 0.745 1.464e+04 1.919e-01 2.435e-02 9.733e-02
16.368 11.258 0.724 1.673e+04 1.940e-01 2.827e-02 9.498e-02
15.668 11.217 0.704 1.913e+04 1.959e-01 3.365e-02 9.265e-02
14.997 11.174 0.684 2.189e+04 1.979e-01 3.858e-02 9.037e-02
14.355 11.131 0.664 2.507e+04 1.997e-01 4.429e-02 8.811e-02
13.740 11.088 0.645 2.873e+04 2.013e-01 5.075e-02 8.588e-02
13.152 11.044 0.626 3.294e+04 2.029e-01 5.731e-02 8.369e-02
12.589 11.001 0.608 3.781e+04 2.042e-01 6.516e-02 8.152e-02
12.050 10.956 0.589 4.342e+04 2.056e-01 7.245e-02 7.940e-02
11.535 10.912 0.572 4.989e+04 2.067e-01 8.098e-02 7.731e-02
11.041 10.867 0.554 5.737e+04 2.077e-01 8.949e-02 7.526e-02
10.568 10.823 0.537 6.602e+04 2.085e-01 9.918e-02 7.323e-02
10.116 10.778 0.520 7.601e+04 2.093e-01 1.088e-01 7.125e-02
9.683 10.733 0.504 8.758e+04 2.099e-01 1.189e-01 6.930e-02
9.268 10.689 0.488 1.010e+05 2.103e-01 1.301e-01 6.738e-02
8.872 10.644 0.472 1.165e+05 2.107e-01 1.412e-01 6.550e-02
8.492 10.600 0.457 1.345e+05 2.108e-01 1.532e-01 6.365e-02
8.128 10.556 0.442 1.553e+05 2.108e-01 1.657e-01 6.184e-02
7.780 10.513 0.428 1.795e+05 2.105e-01 1.790e-01 6.007e-02
7.447 10.469 0.414 2.076e+05 2.103e-01 1.921e-01 5.833e-02
7.129 10.427 0.400 2.402e+05 2.097e-01 2.066e-01 5.663e-02
6.823 10.385 0.387 2.781e+05 2.091e-01 2.213e-01 5.496e-02
6.531 10.343 0.374 3.221e+05 2.083e-01 2.362e-01 5.333e-02
6.252 10.302 0.361 3.733e+05 2.074e-01 2.518e-01 5.173e-02
5.984 10.262 0.349 4.330e+05 2.063e-01 2.681e-01 5.016e-02
5.728 10.223 0.337 5.024e+05 2.050e-01 2.851e-01 4.863e-02
5.483 10.184 0.325 5.832e+05 2.037e-01 3.020e-01 4.714e-02
5.248 10.147 0.314 6.775e+05 2.021e-01 3.200e-01 4.568e-02
5.023 10.111 0.303 7.874e+05 2.004e-01 3.385e-01 4.425e-02
4.808 10.076 0.293 9.155e+05 1.986e-01 3.573e-01 4.286e-02
4.603 10.042 0.282 1.065e+06 1.967e-01 3.765e-01 4.150e-02
4.406 10.009 0.272 1.240e+06 1.947e-01 3.959e-01 4.018e-02
4.217 9.978 0.263 1.444e+06 1.925e-01 4.161e-01 3.888e-02
4.036 9.948 0.254 1.682e+06 1.902e-01 4.364e-01 3.762e-02
3.864 9.920 0.245 1.961e+06 1.879e-01 4.573e-01 3.639e-02
3.698 9.894 0.236 2.288e+06 1.854e-01 4.786e-01 3.520e-02
3.540 9.869 0.228 2.670e+06 1.829e-01 4.998e-01 3.403e-02
3.388 9.847 0.219 3.117e+06 1.802e-01 5.218e-01 3.290e-02
3.243 9.826 0.212 3.641e+06 1.775e-01 5.434e-01 3.180e-02
3.105 9.808 0.204 4.256e+06 1.748e-01 5.656e-01 3.072e-02
2.972 9.792 0.197 4.977e+06 1.720e-01 5.877e-01 2.968e-02
2.844 9.778 0.190 5.823e+06 1.692e-01 6.097e-01 2.867e-02
2.723 9.767 0.183 6.816e+06 1.664e-01 6.318e-01 2.769e-02
2.606 9.758 0.177 7.984e+06 1.636e-01 6.535e-01 2.674e-02
2.495 9.752 0.171 9.357e+06 1.609e-01 6.750e-01 2.581e-02
2.388 9.749 0.165 1.097e+07 1.581e-01 6.962e-01 2.492e-02
2.286 9.749 0.159 1.287e+07 1.555e-01 7.171e-01 2.405e-02
2.188 9.753 0.153 1.511e+07 1.528e-01 7.376e-01 2.321e-02
2.094 9.759 0.148 1.775e+07 1.503e-01 7.571e-01 2.240e-02
2.004 9.769 0.143 2.086e+07 1.479e-01 7.760e-01 2.162e-02
1.919 9.783 0.138 2.454e+07 1.455e-01 7.941e-01 2.086e-02
1.837 9.800 0.134 2.887e+07 1.434e-01 8.110e-01 2.014e-02
1.758 9.821 0.129 3.400e+07 1.414e-01 8.268e-01 1.943e-02
1.683 9.846 0.125 4.005e+07 1.396e-01 8.414e-01 1.876e-02
1.611 9.876 0.121 4.720e+07 1.379e-01 8.548e-01 1.811e-02
1.542 9.910 0.117 5.566e+07 1.365e-01 8.666e-01 1.749e-02
1.476 9.948 0.114 6.565e+07 1.353e-01 8.767e-01 1.689e-02
1.413 9.990 0.110 7.745e+07 1.344e-01 8.848e-01 1.632e-02
1.352 10.038 0.107 9.139e+07 1.337e-01 8.915e-01 1.577e-02
1.294 10.090 0.104 1.078e+08 1.333e-01 8.960e-01 1.525e-02
1.239 10.146 0.101 1.271e+08 1.332e-01 8.982e-01 1.475e-02
1.186 10.208 0.099 1.499e+08 1.334e-01 8.986e-01 1.428e-02
1.135 10.275 0.096 1.765e+08 1.339e-01 8.968e-01 1.383e-02
1.086 10.346 0.094 2.076e+08 1.348e-01 8.925e-01 1.341e-02
1.040 10.422 0.092 2.438e+08 1.360e-01 8.860e-01 1.300e-02
0.995 10.503 0.090 2.857e+08 1.376e-01 8.773e-01 1.263e-02
0.953 10.588 0.088 3.340e+08 1.395e-01 8.661e-01 1.227e-02
0.912 10.678 0.086 3.892e+08 1.418e-01 8.528e-01 1.194e-02
