        0.064725       0.967230       0.615796       0.452190       0.305171
        0.129450       0.936012       0.615796       0.452190       0.305171
        0.194175       0.906152       0.615796       0.452190       0.305171
        0.258900       0.877522       0.615796       0.452190       0.305171
        0.323625       0.850019       0.615796       0.452190       0.305171
        0.388350       0.823565       0.615796       0.452190       0.305171
        0.453074       0.798098       0.615796       0.452190       0.305171
        0.517799       0.773560       0.615796       0.452190       0.305171
        0.582524       0.749910       0.615796       0.452190       0.305171
        0.647249       0.727109       0.615796       0.452190       0.305171
        0.711974       0.705126       0.615796       0.452190       0.305171
        0.776699       0.683916       0.615796       0.452190       0.305171
        0.841424       0.663457       0.615796       0.452190       0.305171
        0.906149       0.643727       0.615796       0.452190       0.305171
        0.970874       0.624707       0.615796       0.452190       0.305171
        1.035599       0.606377       0.615796       0.452190       0.305171
        1.100324       0.588720       0.615796       0.452190       0.305171
        1.165049       0.571714       0.615796       0.452190       0.305171
        1.229774       0.555351       0.615796       0.452190       0.305171
        1.294498       0.539614       0.615796       0.452190       0.305171
        1.359223       0.524482       0.615796       0.452190       0.305171
        1.423948       0.509949       0.615796       0.452190       0.305171
        1.488673       0.495988       0.615796       0.452190       0.305171
        1.553398       0.482584       0.615796       0.452190       0.305171
        1.618123       0.469729       0.615796       0.452190       0.305171
        1.682848       0.457408       0.615796       0.452190       0.305171
        1.747573       0.445591       0.615796       0.452190       0.305171
        1.812298       0.434270       0.615796       0.452190       0.305171
        1.877023       0.423432       0.615796       0.452190       0.305171
        1.941748       0.413046       0.615796       0.452190       0.305171
        2.006473       0.403108       0.615796       0.452190       0.305171
        2.071197       0.393596       0.615796       0.452190       0.305171
        2.135922       0.384489       0.615796       0.452190       0.305171
        2.200647       0.375772       0.615796       0.452190       0.305171
        2.265372       0.367433       0.615796       0.452190       0.305171
        2.330097       0.359445       0.615796       0.452190       0.305171
        2.394822       0.351799       0.615796       0.452190       0.305171
        2.459547       0.344482       0.615796       0.452190       0.305171
        2.524272       0.337519       0.615796       0.452190       0.305171
        2.588997       0.330821       0.615796       0.452190       0.305171
        2.653722       0.324344       0.615796       0.452190       0.305171
        2.718447       0.318056       0.615796       0.452190       0.305171
        2.783172       0.311952       0.615796       0.452190       0.305171
        2.847897       0.306013       0.615796       0.452190       0.305171
        2.912621       0.300231       0.615796       0.452190       0.305171
        2.977346       0.294886       0.615796       0.452190       0.305171
        3.042071       0.289797       0.615796       0.452190       0.305171
        3.106796       0.284847       0.615796       0.452190       0.305171
        3.171521       0.280005       0.615796       0.452190       0.305171
        3.236246       0.275286       0.615796       0.452190       0.305171
        3.300971       0.270664       0.615796       0.452190       0.305171
        3.365696       0.266120       0.615796       0.452190       0.305171
        3.430421       0.261692       0.615796       0.452190       0.305171
        3.495146       0.257338       0.615796       0.452190       0.305171
        3.559871       0.253053       0.615796       0.452190       0.305171
        3.624596       0.248874       0.615796       0.452190       0.305171
        3.689321       0.244747       0.615796       0.452190       0.305171
        3.754045       0.240723       0.615796       0.452190       0.305171
        3.818770       0.236762       0.615796       0.452190       0.305171
        3.883495       0.232856       0.615796       0.452190       0.305171
        3.948220       0.229047       0.615796       0.452190       0.305171
        4.012945       0.225296       0.615796       0.452190       0.305171
        4.077670       0.221589       0.615796       0.452190       0.305171
        4.142395       0.217961       0.615796       0.452190       0.305171
        4.207120       0.214398       0.615796       0.452190       0.305171
        4.271845       0.210912       0.615796       0.452190       0.305171
        4.336570       0.207469       0.615796       0.452190       0.305171
        4.401295       0.204074       0.615796       0.452190       0.305171
        4.466020       0.200747       0.615796       0.452190       0.305171
        4.530744       0.197459       0.615796       0.452190       0.305171
        4.595469       0.194241       0.615796       0.452190       0.305171
        4.660194       0.191080       0.615796       0.452190       0.305171
        4.724919       0.187950       0.615796       0.452190       0.305171
        4.789644       0.184882       0.615796       0.452190       0.305171
        4.854369       0.181884       0.615796       0.452190       0.305171
        4.919094       0.178900       0.615796       0.452190       0.305171
        4.983819       0.175992       0.615796       0.452190       0.305171
        5.048544       0.173097       0.615796       0.452190       0.305171
        5.113269       0.170265       0.615796       0.452190       0.305171
        5.177993       0.167470       0.615796       0.452190       0.305171
        5.242719       0.164730       0.615796       0.452190       0.305171
        5.307444       0.162018       0.615796       0.452190       0.305171
        5.372168       0.159354       0.615796       0.452190       0.305171
        5.436893       0.156699       0.615796       0.452190       0.305171
        5.501618       0.154113       0.615796       0.452190       0.305171
        5.566343       0.151560       0.615796       0.452190       0.305171
        5.631068       0.149060       0.615796       0.452190       0.305171
        5.695793       0.146587       0.615796       0.452190       0.305171
        5.760518       0.144121       0.615796       0.452190       0.305171
        5.825243       0.141704       0.615796       0.452190       0.305171
        5.889968       0.139331       0.615796       0.452190       0.305171
        5.954693       0.136996       0.615796       0.452190       0.305171
        6.019418       0.134672       0.615796       0.452190       0.305171
        6.084143       0.132407       0.615796       0.452190       0.305171
        6.148868       0.130145       0.615796       0.452190       0.305171
        6.213592       0.127955       0.615796       0.452190       0.305171
        6.278317       0.125746       0.615796       0.452190       0.305171
        6.343042       0.123603       0.615796       0.452190       0.305171
        6.407767       0.121463       0.615796       0.452190       0.305171
        6.472492       0.119361       0.615796       0.452190       0.305171
        6.537217       0.117294       0.615796       0.452190       0.305171
        6.601942       0.115250       0.615796       0.452190       0.305171
        6.666667       0.113211       0.615796       0.452190       0.305171
        6.731392       0.111219       0.615796       0.452190       0.305171
        6.796117       0.109237       0.615796       0.452190       0.305171
        6.860841       0.107306       0.615796       0.452190       0.305171
        6.925566       0.105347       0.615796       0.452190       0.305171
        6.990291       0.103451       0.615796       0.452190       0.305171
        7.055017       0.101605       0.615796       0.452190       0.305171
        7.119742       0.099754       0.615796       0.452190       0.305171
        7.184466       0.097918       0.615796       0.452190       0.305171
        7.249191       0.096105       0.615796       0.452190       0.305171
        7.313916       0.094315       0.615796       0.452190       0.305171
        7.378641       0.092548       0.615796       0.452190       0.305171
        7.443366       0.090808       0.615796       0.452190       0.305171
        7.508091       0.089065       0.615796       0.452190       0.305171
        7.572816       0.087341       0.615796       0.452190       0.305171
        7.637540       0.085671       0.615796       0.452190       0.305171
        7.702265       0.084015       0.615796       0.452190       0.305171
        7.766990       0.082335       0.615796       0.452190       0.305171
        7.831715       0.080751       0.615796       0.452190       0.305171
        7.896441       0.079175       0.615796       0.452190       0.305171
        7.961166       0.077571       0.615796       0.452190       0.305171
        8.025890       0.076060       0.615796       0.452190       0.305171
        8.090615       0.074536       0.615796       0.452190       0.305171
        8.155340       0.072985       0.615796       0.452190       0.305171
        8.220065       0.071529       0.615796       0.452190       0.305171
        8.284790       0.070016       0.615796       0.452190       0.305171
        8.349515       0.068522       0.615796       0.452190       0.305171
        8.414240       0.067110       0.615796       0.452190       0.305171
        8.478964       0.065631       0.615796       0.452190       0.305171
        8.543689       0.064192       0.615796       0.452190       0.305171
        8.608414       0.062784       0.615796       0.452190       0.305171
        8.673139       0.061341       0.615796       0.452190       0.305171
        8.737865       0.059960       0.615796       0.452190       0.305171
        8.802590       0.058521       0.615796       0.452190       0.305171
        8.867314       0.057186       0.615796       0.452190       0.305171
        8.932039       0.055809       0.615796       0.452190       0.305171
        8.996764       0.054432       0.615796       0.452190       0.305171
        9.061489       0.053057       0.615796       0.452190       0.305171
