        0.032362       0.996094       0.003418       0.001426       0.000000       0.000000       0.000000       0.000000       0.000000       0.000000       0.000000       0.000000       0.000000       0.000000       0.000000       0.000000
        0.064725       0.996094       0.003418       0.004170       0.000000       0.000000       0.000000       0.000000       0.000000       0.000000       0.000000       0.000000       0.000000       0.000000       0.000000       0.000000
        0.097087       0.992188       0.007690       0.007539       0.000000       0.000000       0.000000       0.000000       0.000000       0.000000       0.000000       0.000000       0.000000       0.000000       0.000000       0.000000
        0.129450       0.988281       0.011536       0.011324       0.000000       0.000000       0.000000       0.000000       0.000000       0.000000       0.000000       0.000000       0.000000       0.000000       0.000000       0.000000
        0.161812       0.984375       0.015381       0.015250       0.000000       0.000000       0.000000       0.000000       0.000000       0.000000       0.000000       0.000000       0.000000       0.000000       0.000000       0.000000
        0.194175       0.980469       0.019226       0.019103       0.000000       0.000000       0.000000       0.000000       0.000000       0.000000       0.000000       0.000000       0.000000       0.000000       0.000000       0.000000
        0.226537       0.977539       0.022724       0.022819       0.000000       0.000000       0.000000       0.000000       0.000000       0.000000       0.000000       0.000000       0.000000       0.000000       0.000000       0.000000
        0.258900       0.973877       0.026072       0.026192       0.000000       0.000000       0.000000       0.000000       0.000000       0.000000       0.000000       0.000000       0.000000       0.000000       0.000000       0.000000
        0.291262       0.970703       0.029240       0.029235       0.000000       0.000000       0.000000       0.000000       0.000000       0.000000       0.000000       0.000000       0.000000       0.000000       0.000000       0.000000
        0.323625       0.968018       0.031920       0.031982       0.000000       0.000000       0.000000       0.000000       0.000000       0.000000       0.000000       0.000000       0.000000       0.000000       0.000000       0.000000
        0.355987       0.965820       0.034347       0.034407       0.000000       0.000000       0.000000       0.000000       0.000000       0.000000       0.000000       0.000000       0.000000       0.000000       0.000000       0.000000
        0.388350       0.963379       0.036550       0.036470       0.000000       0.000000       0.000000       0.000000       0.000000       0.000000       0.000000       0.000000       0.000000       0.000000       0.000000       0.000000
        0.420712       0.961670       0.038255       0.038336       0.000000       0.000000       0.000000       0.000000       0.000000       0.000000       0.000000       0.000000       0.000000       0.000000       0.000000       0.000000
        0.453074       0.959961       0.039961       0.039880       0.000000       0.000000       0.000000       0.000000       0.000000       0.000000       0.000000       0.000000       0.000000       0.000000       0.000000       0.000000
        0.485437       0.958740       0.041179       0.041292       0.000000       0.000000       0.000000       0.000000       0.000000       0.000000       0.000000       0.000000       0.000000       0.000000       0.000000       0.000000
        0.517799       0.957520       0.042397       0.042457       0.000000       0.000000       0.000000       0.000000       0.000000       0.000000       0.000000       0.000000       0.000000       0.000000       0.000000       0.000000
        0.550162       0.956543       0.043521       0.043472       0.000000       0.000000       0.000000       0.000000       0.000000       0.000000       0.000000       0.000000       0.000000       0.000000       0.000000       0.000000
        0.582524       0.955566       0.044347       0.044352       0.000000       0.000000       0.000000       0.000000       0.000000       0.000000       0.000000       0.000000       0.000000       0.000000       0.000000       0.000000
        0.614887       0.954834       0.045078       0.045153       0.000000       0.000000       0.000000       0.000000       0.000000       0.000000       0.000000       0.000000       0.000000       0.000000       0.000000       0.000000
        0.647249       0.954102       0.045809       0.045838       0.000000       0.000000       0.000000       0.000000       0.000000       0.000000       0.000000       0.000000       0.000000       0.000000       0.000000       0.000000
        0.679612       0.953613       0.046455       0.046478       0.000000       0.000000       0.000000       0.000000       0.000000       0.000000       0.000000       0.000000       0.000000       0.000000       0.000000       0.000000
        0.711974       0.953003       0.047066       0.047051       0.000000       0.000000       0.000000       0.000000       0.000000       0.000000       0.000000       0.000000       0.000000       0.000000       0.000000       0.000000
        0.744337       0.952271       0.047799       0.047526       0.000296       0.000000       0.000000       0.000000       0.000000       0.000000       0.000000       0.000000       0.000000       0.000000       0.000000       0.000000
        0.776699       0.951416       0.048655       0.047920       0.000813       0.000000       0.000000       0.000000       0.000000       0.000000       0.000000       0.000000       0.000000       0.000000       0.000000       0.000000
        0.809062       0.950439       0.049633       0.048245       0.001417       0.000000       0.000000       0.000000       0.000000       0.000000       0.000000       0.000000       0.000000       0.000000       0.000000       0.000000
        0.841424       0.949463       0.050611       0.048562       0.002079       0.000000       0.000000       0.000000       0.000000       0.000000       0.000000       0.000000       0.000000       0.000000       0.000000       0.000000
        0.873786       0.948364       0.051623       0.048857       0.002771       0.000000       0.000000       0.000000       0.000000       0.000000       0.000000       0.000000       0.000000       0.000000       0.000000       0.000000
        0.906149       0.947327       0.052660       0.049159       0.003490       0.000000       0.000000       0.000000       0.000000       0.000000       0.000000       0.000000       0.000000       0.000000       0.000000       0.000000
        0.938511       0.946289       0.053698       0.049475       0.004229       0.000000       0.000000       0.000000       0.000000       0.000000       0.000000       0.000000       0.000000       0.000000       0.000000       0.000000
        0.970874       0.945190       0.054796       0.049783       0.004974       0.000000       0.000000       0.000000       0.000000       0.000000       0.000000       0.000000       0.000000       0.000000       0.000000       0.000000
        1.003236       0.944092       0.055895       0.050108       0.005731       0.000000       0.000000       0.000000       0.000000       0.000000       0.000000       0.000000       0.000000       0.000000       0.000000       0.000000
        1.035599       0.942993       0.056993       0.050444       0.006494       0.000000       0.000000       0.000000       0.000000       0.000000       0.000000       0.000000       0.000000       0.000000       0.000000       0.000000
        1.067961       0.941895       0.058091       0.050778       0.007254       0.000000       0.000000       0.000000       0.000000       0.000000       0.000000       0.000000       0.000000       0.000000       0.000000       0.000000
        1.100324       0.940918       0.059068       0.051094       0.008002       0.000000       0.000000       0.000000       0.000000       0.000000       0.000000       0.000000       0.000000       0.000000       0.000000       0.000000
        1.132686       0.939941       0.060044       0.051306       0.008686       0.000000       0.000000       0.000000       0.000000       0.000000       0.000000       0.000000       0.000000       0.000000       0.000000       0.000000
        1.165049       0.939209       0.060776       0.051479       0.009339       0.000000       0.000000       0.000000       0.000000       0.000000       0.000000       0.000000       0.000000       0.000000       0.000000       0.000000
        1.197411       0.938538       0.061447       0.051545       0.009921       0.000000       0.000000       0.000000       0.000000       0.000000       0.000000       0.000000       0.000000       0.000000       0.000000       0.000000
        1.229774       0.937988       0.061997       0.051566       0.010462       0.000000       0.000000       0.000000       0.000000       0.000000       0.000000       0.000000       0.000000       0.000000       0.000000       0.000000
        1.262136       0.937500       0.062485       0.051547       0.010965       0.000000       0.000000       0.000000       0.000000       0.000000       0.000000       0.000000       0.000000       0.000000       0.000000       0.000000
        1.294498       0.937012       0.062973       0.051491       0.011432       0.000000       0.000000       0.000000       0.000000       0.000000       0.000000       0.000000       0.000000       0.000000       0.000000       0.000000
        1.326861       0.936646       0.063339       0.051444       0.011891       0.000000       0.000000       0.000000       0.000000       0.000000       0.000000       0.000000       0.000000       0.000000       0.000000       0.000000
        1.359223       0.936279       0.063705       0.051387       0.012329       0.000000       0.000000       0.000000       0.000000       0.000000       0.000000       0.000000       0.000000       0.000000       0.000000       0.000000
        1.391586       0.934326       0.064704       0.051106       0.012613       0.000000       0.000000       0.000000       0.000000       0.000000       0.000000       0.000000       0.000000       0.000000       0.000958       0.000000
        1.423948       0.922180       0.069688       0.049490       0.012041       0.000000       0.000000       0.000000       0.000000       0.000000       0.000000       0.000000       0.000000       0.000000       0.008124       0.000000
        1.456311       0.909058       0.075029       0.047771       0.011389       0.000000       0.000000       0.000000       0.000000       0.000000       0.000000       0.000000       0.000000       0.000000       0.015884       0.000000
        1.488673       0.895935       0.080431       0.046051       0.010720       0.000000       0.000000       0.000000       0.000000       0.000000       0.000000       0.000000       0.000000       0.000000       0.023625       0.000000
        1.521036       0.882965       0.085730       0.044384       0.010071       0.000000       0.000000       0.000000       0.000000       0.000000       0.000000       0.000000       0.000000       0.000000       0.031282       0.000000
        1.553398       0.870270       0.090983       0.042766       0.009441       0.000000       0.000000       0.000000       0.000000       0.000000       0.000000       0.000000       0.000000       0.000000       0.038775       0.000000
        1.585761       0.857910       0.096069       0.041207       0.008835       0.000000       0.000000       0.000000       0.000000       0.000000       0.000000       0.000000       0.000000       0.000000       0.045989       0.000000
        1.618123       0.845886       0.101038       0.039711       0.008258       0.000000       0.000000       0.000000       0.000000       0.000000       0.000000       0.000000       0.000000       0.000000       0.053079       0.000000
        1.650485       0.834198       0.105903       0.038268       0.007705       0.000000       0.000000       0.000000       0.000000       0.000000       0.000000       0.000000       0.000000       0.000000       0.059913       0.000000
        1.682848       0.822815       0.110600       0.036894       0.007185       0.000000       0.000000       0.000000       0.000000       0.000000       0.000000       0.000000       0.000000       0.000000       0.066557       0.000000
        1.715210       0.811798       0.115245       0.035566       0.006685       0.000000       0.000000       0.000000       0.000000       0.000000       0.000000       0.000000       0.000000       0.000000       0.072978       0.000000
        1.747573       0.801086       0.119701       0.034293       0.006212       0.000000       0.000000       0.000000       0.000000       0.000000       0.000000       0.000000       0.000000       0.000000       0.079189       0.000000
        1.779935       0.790710       0.124068       0.033078       0.005766       0.000000       0.000000       0.000000       0.000000       0.000000       0.000000       0.000000       0.000000       0.000000       0.085246       0.000000
        1.812298       0.780609       0.128322       0.031907       0.005341       0.000000       0.000000       0.000000       0.000000       0.000000       0.000000       0.000000       0.000000       0.000000       0.091052       0.000000
        1.844660       0.770813       0.132460       0.030789       0.004942       0.000000       0.000000       0.000000       0.000000       0.000000       0.000000       0.000000       0.000000       0.000000       0.096735       0.000000
        1.877023       0.761292       0.136484       0.029716       0.004564       0.000000       0.000000       0.000000       0.000000       0.000000       0.000000       0.000000       0.000000       0.000000       0.102223       0.000000
        1.909385       0.752045       0.140421       0.028681       0.004204       0.000000       0.000000       0.000000       0.000000       0.000000       0.000000       0.000000       0.000000       0.000000       0.107518       0.000000
        1.941748       0.743042       0.144257       0.027692       0.003867       0.000000       0.000000       0.000000       0.000000       0.000000       0.000000       0.000000       0.000000       0.000000       0.112694       0.000000
        1.974110       0.734314       0.147993       0.026743       0.003549       0.000000       0.000000       0.000000       0.000000       0.000000       0.000000       0.000000       0.000000       0.000000       0.117672       0.000000
        2.006473       0.725830       0.151606       0.025833       0.003249       0.000000       0.000000       0.000000       0.000000       0.000000       0.000000       0.000000       0.000000       0.000000       0.122543       0.000000
        2.038835       0.717590       0.155167       0.024957       0.002967       0.000000       0.000000       0.000000       0.000000       0.000000       0.000000       0.000000       0.000000       0.000000       0.127257       0.000000
        2.071197       0.709564       0.158630       0.024117       0.002701       0.000000       0.000000       0.000000       0.000000       0.000000       0.000000       0.000000       0.000000       0.000000       0.131810       0.000000
        2.103560       0.701752       0.162021       0.023308       0.002451       0.000000       0.000000       0.000000       0.000000       0.000000       0.000000       0.000000       0.000000       0.000000       0.136256       0.000000
        2.135922       0.694122       0.165317       0.022532       0.002216       0.000000       0.000000       0.000000       0.000000       0.000000       0.000000       0.000000       0.000000       0.000000       0.140549       0.000000
        2.168285       0.686737       0.168522       0.021788       0.001997       0.000000       0.000000       0.000000       0.000000       0.000000       0.000000       0.000000       0.000000       0.000000       0.144729       0.000000
        2.200647       0.679520       0.171668       0.021071       0.001791       0.000000       0.000000       0.000000       0.000000       0.000000       0.000000       0.000000       0.000000       0.000000       0.148802       0.000000
        2.233010       0.672516       0.174738       0.020383       0.001599       0.000000       0.000000       0.000000       0.000000       0.000000       0.000000       0.000000       0.000000       0.000000       0.152757       0.000000
        2.265372       0.665665       0.177733       0.019721       0.001420       0.000000       0.000000       0.000000       0.000000       0.000000       0.000000       0.000000       0.000000       0.000000       0.156603       0.000000
        2.297735       0.658997       0.180677       0.019081       0.001251       0.000000       0.000000       0.000000       0.000000       0.000000       0.000000       0.000000       0.000000       0.000000       0.160321       0.000000
        2.330097       0.652496       0.183536       0.018467       0.001096       0.000000       0.000000       0.000000       0.000000       0.000000       0.000000       0.000000       0.000000       0.000000       0.163976       0.000000
        2.362460       0.646164       0.186342       0.017878       0.000952       0.000000       0.000000       0.000000       0.000000       0.000000       0.000000       0.000000       0.000000       0.000000       0.167507       0.000000
        2.394822       0.639969       0.189086       0.017308       0.000818       0.000000       0.000000       0.000000       0.000000       0.000000       0.000000       0.000000       0.000000       0.000000       0.170943       0.000000
        2.427185       0.633942       0.191762       0.016762       0.000695       0.000000       0.000000       0.000000       0.000000       0.000000       0.000000       0.000000       0.000000       0.000000       0.174305       0.000000
        2.459547       0.628052       0.194371       0.016235       0.000582       0.000000       0.000000       0.000000       0.000000       0.000000       0.000000       0.000000       0.000000       0.000000       0.177571       0.000000
        2.491909       0.622284       0.196941       0.015726       0.000479       0.000000       0.000000       0.000000       0.000000       0.000000       0.000000       0.000000       0.000000       0.000000       0.180756       0.000000
        2.524272       0.616684       0.199472       0.015235       0.000385       0.000000       0.000000       0.000000       0.000000       0.000000       0.000000       0.000000       0.000000       0.000000       0.183848       0.000000
        2.556634       0.611206       0.201918       0.014763       0.000301       0.000000       0.000000       0.000000       0.000000       0.000000       0.000000       0.000000       0.000000       0.000000       0.186862       0.000000
        2.588997       0.605835       0.204360       0.014307       0.000226       0.000000       0.000000       0.000000       0.000000       0.000000       0.000000       0.000000       0.000000       0.000000       0.189829       0.000000
        2.621359       0.600586       0.206719       0.013867       0.000160       0.000000       0.000000       0.000000       0.000000       0.000000       0.000000       0.000000       0.000000       0.000000       0.192676       0.000000
        2.653722       0.595490       0.209032       0.013444       0.000105       0.000000       0.000000       0.000000       0.000000       0.000000       0.000000       0.000000       0.000000       0.000000       0.195492       0.000000
        2.686084       0.590485       0.211302       0.013034       0.000058       0.000000       0.000000       0.000000       0.000000       0.000000       0.000000       0.000000       0.000000       0.000000       0.198206       0.000000
        2.718447       0.585602       0.213522       0.012639       0.000023       0.000000       0.000000       0.000000       0.000000       0.000000       0.000000       0.000000       0.000000       0.000000       0.200873       0.000000
        2.750809       0.580566       0.215490       0.012253       0.000001       0.000692       0.000000       0.000000       0.000000       0.000000       0.000000       0.000000       0.000000       0.000000       0.203235       0.000000
        2.783172       0.575394       0.217059       0.011879       0.000000       0.002363       0.000000       0.000000       0.000000       0.000000       0.000000       0.000000       0.000000       0.000000       0.205168       0.000000
        2.815534       0.570160       0.218472       0.011517       0.000000       0.004372       0.000000       0.000000       0.000000       0.000000       0.000000       0.000000       0.000000       0.000000       0.206975       0.000000
        2.847897       0.565002       0.219792       0.011165       0.000000       0.006588       0.000000       0.000000       0.000000       0.000000       0.000000       0.000000       0.000000       0.000000       0.208625       0.000000
        2.880259       0.559883       0.221004       0.010827       0.000000       0.008938       0.000000       0.000000       0.000000       0.000000       0.000000       0.000000       0.000000       0.000000       0.210178       0.000000
        2.912621       0.554840       0.222133       0.010501       0.000000       0.011372       0.000000       0.000000       0.000000       0.000000       0.000000       0.000000       0.000000       0.000000       0.211633       0.000000
        2.944984       0.549866       0.223233       0.010185       0.000000       0.013865       0.000000       0.000000       0.000000       0.000000       0.000000       0.000000       0.000000       0.000000       0.213032       0.000000
        2.977346       0.544975       0.224249       0.009880       0.000000       0.016416       0.000000       0.000000       0.000000       0.000000       0.000000       0.000000       0.000000       0.000000       0.214361       0.000000
        3.009709       0.540176       0.225214       0.009587       0.000000       0.018983       0.000000       0.000000       0.000000       0.000000       0.000000       0.000000       0.000000       0.000000       0.215636       0.000000
        3.042071       0.535431       0.226162       0.009303       0.000000       0.021550       0.000000       0.000000       0.000000       0.000000       0.000000       0.000000       0.000000       0.000000       0.216861       0.000000
        3.074434       0.530785       0.227045       0.009029       0.000000       0.024142       0.000000       0.000000       0.000000       0.000000       0.000000       0.000000       0.000000       0.000000       0.218027       0.000000
        3.106796       0.526215       0.227903       0.008765       0.000000       0.026729       0.000000       0.000000       0.000000       0.000000       0.000000       0.000000       0.000000       0.000000       0.219157       0.000000
        3.139159       0.521729       0.228733       0.008509       0.000000       0.029312       0.000000       0.000000       0.000000       0.000000       0.000000       0.000000       0.000000       0.000000       0.220239       0.000000
        3.171521       0.517319       0.229527       0.008262       0.000000       0.031872       0.000000       0.000000       0.000000       0.000000       0.000000       0.000000       0.000000       0.000000       0.221269       0.000000
        3.203883       0.512985       0.230300       0.008022       0.000000       0.034418       0.000000       0.000000       0.000000       0.000000       0.000000       0.000000       0.000000       0.000000       0.222283       0.000000
        3.236246       0.508736       0.231050       0.007791       0.000000       0.036959       0.000000       0.000000       0.000000       0.000000       0.000000       0.000000       0.000000       0.000000       0.223259       0.000000
        3.268609       0.504562       0.231763       0.007568       0.000000       0.039465       0.000000       0.000000       0.000000       0.000000       0.000000       0.000000       0.000000       0.000000       0.224194       0.000000
        3.300971       0.500473       0.232469       0.007353       0.000000       0.041966       0.000000       0.000000       0.000000       0.000000       0.000000       0.000000       0.000000       0.000000       0.225106       0.000000
        3.333333       0.496429       0.233140       0.007144       0.000000       0.044420       0.000000       0.000000       0.000000       0.000000       0.000000       0.000000       0.000000       0.000000       0.226001       0.000000
        3.365696       0.492477       0.233791       0.006943       0.000000       0.046871       0.000000       0.000000       0.000000       0.000000       0.000000       0.000000       0.000000       0.000000       0.226861       0.000000
        3.398058       0.488586       0.234436       0.006747       0.000000       0.049274       0.000000       0.000000       0.000000       0.000000       0.000000       0.000000       0.000000       0.000000       0.227697       0.000000
        3.430421       0.484787       0.235050       0.006558       0.000000       0.051677       0.000000       0.000000       0.000000       0.000000       0.000000       0.000000       0.000000       0.000000       0.228501       0.000000
        3.462783       0.481018       0.235661       0.006375       0.000000       0.054019       0.000000       0.000000       0.000000       0.000000       0.000000       0.000000       0.000000       0.000000       0.229299       0.000000
        3.495146       0.477348       0.236252       0.006198       0.000000       0.056356       0.000000       0.000000       0.000000       0.000000       0.000000       0.000000       0.000000       0.000000       0.230048       0.000000
        3.527508       0.473724       0.236822       0.006026       0.000000       0.058650       0.000000       0.000000       0.000000       0.000000       0.000000       0.000000       0.000000       0.000000       0.230793       0.000000
        3.559871       0.470169       0.237382       0.005860       0.000000       0.060930       0.000000       0.000000       0.000000       0.000000       0.000000       0.000000       0.000000       0.000000       0.231519       0.000000
        3.592233       0.466675       0.237930       0.005699       0.000000       0.063163       0.000000       0.000000       0.000000       0.000000       0.000000       0.000000       0.000000       0.000000       0.232221       0.000000
        3.624596       0.463242       0.238472       0.005543       0.000000       0.065386       0.000000       0.000000       0.000000       0.000000       0.000000       0.000000       0.000000       0.000000       0.232913       0.000000
        3.656958       0.459862       0.238979       0.005392       0.000000       0.067565       0.000000       0.000000       0.000000       0.000000       0.000000       0.000000       0.000000       0.000000       0.233594       0.000000
        3.689321       0.456543       0.239489       0.005246       0.000000       0.069718       0.000000       0.000000       0.000000       0.000000       0.000000       0.000000       0.000000       0.000000       0.234240       0.000000
        3.721683       0.453293       0.239987       0.005105       0.000000       0.071842       0.000000       0.000000       0.000000       0.000000       0.000000       0.000000       0.000000       0.000000       0.234883       0.000000
        3.754045       0.450081       0.240472       0.004967       0.000000       0.073934       0.000000       0.000000       0.000000       0.000000       0.000000       0.000000       0.000000       0.000000       0.235515       0.000000
        3.786408       0.446930       0.240949       0.004834       0.000000       0.076008       0.000000       0.000000       0.000000       0.000000       0.000000       0.000000       0.000000       0.000000       0.236121       0.000000
        3.818770       0.443832       0.241415       0.004704       0.000000       0.078045       0.000000       0.000000       0.000000       0.000000       0.000000       0.000000       0.000000       0.000000       0.236716       0.000000
        3.851133       0.440781       0.241874       0.004579       0.000000       0.080045       0.000000       0.000000       0.000000       0.000000       0.000000       0.000000       0.000000       0.000000       0.237297       0.000000
        3.883495       0.437775       0.242325       0.004457       0.000000       0.082017       0.000000       0.000000       0.000000       0.000000       0.000000       0.000000       0.000000       0.000000       0.237872       0.000000
        3.915858       0.434700       0.242617       0.004342       0.000000       0.083898       0.000000       0.000000       0.000000       0.000000       0.000000       0.000000       0.000000       0.000525       0.238267       0.000000
        3.948220       0.431564       0.242771       0.004232       0.000000       0.085694       0.000000       0.000000       0.000000       0.000000       0.000000       0.000000       0.000000       0.001437       0.238533       0.000000
        3.980583       0.428413       0.242850       0.004127       0.000000       0.087433       0.000000       0.000000       0.000000       0.000000       0.000000       0.000000       0.000000       0.002570       0.238728       0.000000
        4.012945       0.425262       0.242884       0.004025       0.000000       0.089095       0.000000       0.000000       0.000000       0.000000       0.000000       0.000000       0.000000       0.003871       0.238872       0.000000
        4.045308       0.422142       0.242876       0.003927       0.000000       0.090746       0.000000       0.000000       0.000000       0.000000       0.000000       0.000000       0.000000       0.005280       0.238935       0.000000
        4.077670       0.419052       0.242825       0.003832       0.000000       0.092349       0.000000       0.000000       0.000000       0.000000       0.000000       0.000000       0.000000       0.006790       0.238997       0.000000
        4.110032       0.415970       0.242748       0.003741       0.000000       0.093902       0.000000       0.000000       0.000000       0.000000       0.000000       0.000000       0.000000       0.008385       0.239001       0.000000
        4.142395       0.412910       0.242633       0.003652       0.000000       0.095423       0.000000       0.000000       0.000000       0.000000       0.000000       0.000000       0.000000       0.010043       0.238984       0.000000
        4.174757       0.409889       0.242510       0.003566       0.000000       0.096906       0.000000       0.000000       0.000000       0.000000       0.000000       0.000000       0.000000       0.011768       0.238947       0.000000
        4.207120       0.406876       0.242363       0.003482       0.000000       0.098335       0.000000       0.000000       0.000000       0.000000       0.000000       0.000000       0.000000       0.013547       0.238872       0.000000
        4.239482       0.403923       0.242185       0.003402       0.000000       0.099791       0.000000       0.000000       0.000000       0.000000       0.000000       0.000000       0.000000       0.015340       0.238779       0.000000
        4.271845       0.400993       0.241991       0.003323       0.000000       0.101179       0.000000       0.000000       0.000000       0.000000       0.000000       0.000000       0.000000       0.017175       0.238671       0.000000
        4.304207       0.398094       0.241797       0.003247       0.000000       0.102528       0.000000       0.000000       0.000000       0.000000       0.000000       0.000000       0.000000       0.019055       0.238552       0.000000
        4.336570       0.395210       0.241574       0.003173       0.000000       0.103864       0.000000       0.000000       0.000000       0.000000       0.000000       0.000000       0.000000       0.020950       0.238395       0.000000
        4.368932       0.392387       0.241331       0.003102       0.000000       0.105201       0.000000       0.000000       0.000000       0.000000       0.000000       0.000000       0.000000       0.022838       0.238225       0.000000
        4.401295       0.389572       0.241104       0.003032       0.000000       0.106459       0.000000       0.000000       0.000000       0.000000       0.000000       0.000000       0.000000       0.024800       0.238068       0.000000
        4.433657       0.386795       0.240850       0.002964       0.000000       0.107726       0.000000       0.000000       0.000000       0.000000       0.000000       0.000000       0.000000       0.026747       0.237879       0.000000
        4.466020       0.384071       0.240596       0.002898       0.000000       0.108954       0.000000       0.000000       0.000000       0.000000       0.000000       0.000000       0.000000       0.028705       0.237695       0.000000
        4.498382       0.381348       0.240330       0.002833       0.000000       0.110156       0.000000       0.000000       0.000000       0.000000       0.000000       0.000000       0.000000       0.030689       0.237486       0.000000
        4.530744       0.378693       0.240042       0.002771       0.000000       0.111371       0.000000       0.000000       0.000000       0.000000       0.000000       0.000000       0.000000       0.032637       0.237270       0.000000
        4.563107       0.376045       0.239766       0.002710       0.000000       0.112532       0.000000       0.000000       0.000000       0.000000       0.000000       0.000000       0.000000       0.034632       0.237053       0.000000
        4.595469       0.373421       0.239469       0.002652       0.000000       0.113656       0.000000       0.000000       0.000000       0.000000       0.000000       0.000000       0.000000       0.036625       0.236828       0.000000
        4.627832       0.370850       0.239175       0.002594       0.000000       0.114796       0.000000       0.000000       0.000000       0.000000       0.000000       0.000000       0.000000       0.038606       0.236588       0.000000
        4.660194       0.368294       0.238881       0.002538       0.000000       0.115871       0.000000       0.000000       0.000000       0.000000       0.000000       0.000000       0.000000       0.040608       0.236340       0.000000
        4.692557       0.365776       0.238580       0.002483       0.000000       0.116953       0.000000       0.000000       0.000000       0.000000       0.000000       0.000000       0.000000       0.042602       0.236091       0.000000
        4.724919       0.363289       0.238266       0.002430       0.000000       0.118026       0.000000       0.000000       0.000000       0.000000       0.000000       0.000000       0.000000       0.044581       0.235829       0.000000
        4.757281       0.360825       0.237951       0.002378       0.000000       0.119053       0.000000       0.000000       0.000000       0.000000       0.000000       0.000000       0.000000       0.046578       0.235583       0.000000
        4.789644       0.358398       0.237638       0.002327       0.000000       0.120081       0.000000       0.000000       0.000000       0.000000       0.000000       0.000000       0.000000       0.048565       0.235321       0.000000
        4.822007       0.355995       0.237324       0.002278       0.000000       0.121091       0.000000       0.000000       0.000000       0.000000       0.000000       0.000000       0.000000       0.050553       0.235046       0.000000
        4.854369       0.353615       0.237010       0.002230       0.000000       0.122045       0.000000       0.000000       0.000000       0.000000       0.000000       0.000000       0.000000       0.052555       0.234783       0.000000
        4.886732       0.351280       0.236671       0.002183       0.000000       0.123045       0.000000       0.000000       0.000000       0.000000       0.000000       0.000000       0.000000       0.054489       0.234489       0.000000
        4.919094       0.348969       0.236350       0.002138       0.000000       0.124008       0.000000       0.000000       0.000000       0.000000       0.000000       0.000000       0.000000       0.056465       0.234222       0.000000
        4.951456       0.346687       0.236027       0.002093       0.000000       0.124931       0.000000       0.000000       0.000000       0.000000       0.000000       0.000000       0.000000       0.058414       0.233921       0.000000
        4.983819       0.344437       0.235702       0.002049       0.000000       0.125855       0.000000       0.000000       0.000000       0.000000       0.000000       0.000000       0.000000       0.060368       0.233646       0.000000
        5.016181       0.342201       0.235364       0.002007       0.000000       0.126754       0.000000       0.000000       0.000000       0.000000       0.000000       0.000000       0.000000       0.062313       0.233368       0.000000
        5.048544       0.340012       0.235028       0.001966       0.000000       0.127686       0.000000       0.000000       0.000000       0.000000       0.000000       0.000000       0.000000       0.064218       0.233063       0.000000
        5.080906       0.337807       0.234699       0.001925       0.000000       0.128524       0.000000       0.000000       0.000000       0.000000       0.000000       0.000000       0.000000       0.066181       0.232772       0.000000
        5.113269       0.335655       0.234371       0.001886       0.000000       0.129387       0.000000       0.000000       0.000000       0.000000       0.000000       0.000000       0.000000       0.068107       0.232479       0.000000
        5.145631       0.333527       0.234045       0.001847       0.000000       0.130200       0.000000       0.000000       0.000000       0.000000       0.000000       0.000000       0.000000       0.070033       0.232188       0.000000
        5.177993       0.331436       0.233699       0.001810       0.000000       0.131055       0.000000       0.000000       0.000000       0.000000       0.000000       0.000000       0.000000       0.071908       0.231895       0.000000
        5.210356       0.329376       0.233363       0.001773       0.000000       0.131911       0.000000       0.000000       0.000000       0.000000       0.000000       0.000000       0.000000       0.073767       0.231582       0.000000
        5.242719       0.327309       0.233031       0.001737       0.000000       0.132680       0.000000       0.000000       0.000000       0.000000       0.000000       0.000000       0.000000       0.075678       0.231292       0.000000
        5.275081       0.325279       0.232689       0.001702       0.000000       0.133465       0.000000       0.000000       0.000000       0.000000       0.000000       0.000000       0.000000       0.077547       0.230999       0.000000
        5.307444       0.323265       0.232354       0.001668       0.000000       0.134259       0.000000       0.000000       0.000000       0.000000       0.000000       0.000000       0.000000       0.079412       0.230687       0.000000
        5.339806       0.321236       0.231836       0.001637       0.000000       0.134980       0.000000       0.000000       0.000000       0.000000       0.000000       0.000000       0.000300       0.081135       0.230498       0.000000
        5.372168       0.319130       0.231128       0.001610       0.000000       0.135624       0.000000       0.000000       0.000000       0.000000       0.000000       0.000000       0.000920       0.082777       0.230430       0.000000
        5.404531       0.317009       0.230325       0.001586       0.000000       0.136212       0.000000       0.000000       0.000000       0.000000       0.000000       0.000000       0.001684       0.084354       0.230422       0.000000
        5.436893       0.314911       0.229464       0.001563       0.000000       0.136833       0.000000       0.000000       0.000000       0.000000       0.000000       0.000000       0.002524       0.085839       0.230426       0.000000
        5.469256       0.312798       0.228562       0.001541       0.000000       0.137357       0.000000       0.000000       0.000000       0.000000       0.000000       0.000000       0.003458       0.087331       0.230482       0.000000
        5.501618       0.310738       0.227637       0.001520       0.000000       0.137948       0.000000       0.000000       0.000000       0.000000       0.000000       0.000000       0.004409       0.088720       0.230522       0.000000
        5.533981       0.308662       0.226679       0.001500       0.000000       0.138471       0.000000       0.000000       0.000000       0.000000       0.000000       0.000000       0.005431       0.090133       0.230620       0.000000
        5.566343       0.306618       0.225702       0.001481       0.000000       0.139039       0.000000       0.000000       0.000000       0.000000       0.000000       0.000000       0.006459       0.091463       0.230686       0.000000
        5.598706       0.304558       0.224710       0.001462       0.000000       0.139501       0.000000       0.000000       0.000000       0.000000       0.000000       0.000000       0.007569       0.092854       0.230824       0.000000
        5.631068       0.302513       0.223704       0.001444       0.000000       0.139928       0.000000       0.000000       0.000000       0.000000       0.000000       0.000000       0.008697       0.094204       0.230950       0.000000
        5.663431       0.300529       0.222729       0.001426       0.000000       0.140304       0.000000       0.000000       0.000000       0.000000       0.000125       0.000000       0.009822       0.095470       0.230992       0.000000
        5.695793       0.298546       0.221773       0.001408       0.000000       0.140513       0.000000       0.000000       0.000000       0.000000       0.000378       0.000000       0.011015       0.096757       0.231010       0.000000
        5.728156       0.296593       0.220832       0.001390       0.000000       0.140644       0.000000       0.000000       0.000000       0.000000       0.000670       0.000000       0.012225       0.098010       0.230995       0.000000
        5.760518       0.294662       0.219898       0.001372       0.000000       0.140733       0.000000       0.000000       0.000000       0.000000       0.000989       0.000000       0.013467       0.099263       0.230995       0.000000
        5.792880       0.292770       0.218968       0.001354       0.000000       0.140847       0.000000       0.000000       0.000000       0.000000       0.001363       0.000000       0.014679       0.100432       0.230932       0.000000
        5.825243       0.290871       0.218027       0.001337       0.000000       0.140814       0.000000       0.000000       0.000000       0.000000       0.001685       0.000000       0.015958       0.101670       0.230961       0.000000
        5.857605       0.288994       0.217090       0.001321       0.000000       0.140829       0.000000       0.000000       0.000000       0.000000       0.002062       0.000000       0.017233       0.102860       0.230948       0.000000
        5.889968       0.287148       0.216164       0.001304       0.000000       0.140844       0.000000       0.000000       0.000000       0.000000       0.002461       0.000000       0.018498       0.104001       0.230892       0.000000
        5.922330       0.285294       0.215218       0.001289       0.000000       0.140789       0.000000       0.000000       0.000000       0.000000       0.002838       0.000000       0.019799       0.105174       0.230898       0.000000
        5.954693       0.283455       0.214275       0.001273       0.000000       0.140727       0.000000       0.000000       0.000000       0.000000       0.003229       0.000000       0.021099       0.106315       0.230875       0.000000
        5.987055       0.281670       0.213356       0.001258       0.000000       0.140659       0.000000       0.000000       0.000000       0.000000       0.003621       0.000000       0.022398       0.107444       0.230876       0.000000
        6.019418       0.279869       0.212419       0.001243       0.000000       0.140587       0.000000       0.000000       0.000000       0.000000       0.004034       0.000000       0.023702       0.108544       0.230837       0.000000
        6.051780       0.278114       0.211501       0.001228       0.000000       0.140494       0.000000       0.000000       0.000000       0.000000       0.004435       0.000000       0.025008       0.109645       0.230839       0.000000
        6.084143       0.276344       0.210565       0.001214       0.000000       0.140387       0.000000       0.000000       0.000000       0.000000       0.004845       0.000000       0.026328       0.110736       0.230828       0.000000
        6.116505       0.274635       0.209654       0.001200       0.000000       0.140279       0.000000       0.000000       0.000000       0.000000       0.005258       0.000000       0.027595       0.111756       0.230781       0.000000
        6.148868       0.272926       0.208745       0.001186       0.000000       0.140203       0.000000       0.000000       0.000000       0.000000       0.005710       0.000000       0.028894       0.112788       0.230734       0.000000
        6.181230       0.271187       0.207794       0.001173       0.000000       0.139969       0.000000       0.000000       0.000000       0.000000       0.006043       0.000000       0.030254       0.113914       0.230834       0.000000
        6.213592       0.269524       0.206903       0.001160       0.000000       0.139895       0.000000       0.000000       0.000000       0.000000       0.006510       0.000000       0.031537       0.114899       0.230762       0.000000
        6.245955       0.267830       0.205965       0.001147       0.000000       0.139681       0.000000       0.000000       0.000000       0.000000       0.006874       0.000000       0.032864       0.115958       0.230821       0.000000
        6.278317       0.266205       0.205080       0.001135       0.000000       0.139574       0.000000       0.000000       0.000000       0.000000       0.007326       0.000000       0.034136       0.116918       0.230762       0.000000
        6.310680       0.264580       0.204189       0.001122       0.000000       0.139430       0.000000       0.000000       0.000000       0.000000       0.007752       0.000000       0.035438       0.117910       0.230750       0.000000
        6.343042       0.262947       0.203280       0.001110       0.000000       0.139261       0.000000       0.000000       0.000000       0.000000       0.008173       0.000000       0.036720       0.118867       0.230712       0.000000
        6.375405       0.261360       0.202396       0.001099       0.000000       0.139088       0.000000       0.000000       0.000000       0.000000       0.008580       0.000000       0.038020       0.119855       0.230741       0.000000
        6.407767       0.259773       0.201501       0.001087       0.000000       0.138877       0.000000       0.000000       0.000000       0.000000       0.008962       0.000000       0.039302       0.120811       0.230745       0.000000
        6.440130       0.258186       0.200606       0.001076       0.000000       0.138710       0.000000       0.000000       0.000000       0.000000       0.009397       0.000000       0.040584       0.121749       0.230721       0.000000
        6.472492       0.256645       0.199738       0.001065       0.000000       0.138533       0.000000       0.000000       0.000000       0.000000       0.009811       0.000000       0.041866       0.122691       0.230727       0.000000
        6.504855       0.255104       0.198849       0.001054       0.000000       0.138320       0.000000       0.000000       0.000000       0.000000       0.010206       0.000018       0.043128       0.123618       0.230754       0.000000
        6.537217       0.253571       0.197878       0.001045       0.000000       0.138088       0.000000       0.000000       0.000000       0.000000       0.010648       0.000228       0.044241       0.124472       0.230881       0.000000
        6.569580       0.252014       0.196843       0.001037       0.000000       0.137802       0.000000       0.000000       0.000000       0.000000       0.011080       0.000531       0.045306       0.125323       0.231102       0.000000
        6.601942       0.250496       0.195816       0.001029       0.000000       0.137556       0.000000       0.000000       0.000000       0.000000       0.011562       0.000882       0.046300       0.126106       0.231288       0.000000
        6.634304       0.248970       0.194756       0.001022       0.000000       0.137239       0.000000       0.000000       0.000000       0.000000       0.011993       0.001274       0.047294       0.126928       0.231579       0.000000
        6.666667       0.247475       0.193712       0.001015       0.000000       0.136985       0.000000       0.000000       0.000000       0.000000       0.012497       0.001680       0.048205       0.127642       0.231758       0.000000
        6.699029       0.245979       0.192647       0.001008       0.000000       0.136671       0.000000       0.000000       0.000000       0.000000       0.012949       0.002115       0.049133       0.128410       0.232046       0.000000
        6.731392       0.244484       0.191562       0.001002       0.000000       0.136306       0.000000       0.000000       0.000000       0.000000       0.013358       0.002570       0.050055       0.129200       0.232408       0.000000
        6.763754       0.243034       0.190509       0.000996       0.000000       0.135978       0.000000       0.000000       0.000000       0.000000       0.013795       0.003041       0.050961       0.129975       0.232765       0.000000
        6.796117       0.241570       0.189440       0.000990       0.000000       0.135650       0.000000       0.000000       0.000000       0.000000       0.014254       0.003517       0.051825       0.130690       0.233051       0.000000
        6.828479       0.240135       0.188383       0.000984       0.000000       0.135313       0.000000       0.000000       0.000000       0.000000       0.014696       0.004004       0.052685       0.131421       0.233389       0.000000
        6.860841       0.238716       0.187332       0.000979       0.000000       0.134976       0.000000       0.000000       0.000000       0.000000       0.015142       0.004489       0.053506       0.132105       0.233684       0.000000
        6.893204       0.237312       0.186292       0.000973       0.000000       0.134701       0.000000       0.000000       0.000000       0.000000       0.015666       0.004983       0.054313       0.132770       0.233958       0.000000
        6.925566       0.235893       0.185226       0.000968       0.000000       0.134314       0.000000       0.000000       0.000000       0.000000       0.016065       0.005501       0.055156       0.133504       0.234345       0.000000
        6.957929       0.234489       0.184171       0.000963       0.000000       0.133964       0.000000       0.000000       0.000000       0.000000       0.016513       0.006013       0.055959       0.134181       0.234666       0.000000
        6.990291       0.233131       0.183141       0.000958       0.000000       0.133613       0.000000       0.000000       0.000000       0.000000       0.016943       0.006520       0.056745       0.134861       0.235025       0.000000
        7.022654       0.231766       0.182108       0.000953       0.000000       0.133264       0.000000       0.000000       0.000000       0.000000       0.017384       0.007044       0.057536       0.135536       0.235366       0.000000
        7.055017       0.230392       0.181047       0.000949       0.000000       0.132841       0.000000       0.000000       0.000000       0.000000       0.017749       0.007568       0.058333       0.136256       0.235813       0.000000
        7.087379       0.229073       0.180045       0.000944       0.000000       0.132532       0.000000       0.000000       0.000000       0.000000       0.018231       0.008085       0.059080       0.136882       0.236115       0.000000
        7.119742       0.227745       0.179030       0.000939       0.000000       0.132206       0.000000       0.000000       0.000000       0.000000       0.018705       0.008599       0.059808       0.137490       0.236406       0.000000
        7.152104       0.226433       0.178023       0.000935       0.000000       0.131851       0.000000       0.000000       0.000000       0.000000       0.019134       0.009129       0.060560       0.138139       0.236761       0.000000
        7.184466       0.225151       0.177024       0.000931       0.000000       0.131481       0.000000       0.000000       0.000000       0.000000       0.019539       0.009640       0.061285       0.138783       0.237151       0.000000
        7.216829       0.223869       0.176053       0.000926       0.000000       0.131202       0.000000       0.000000       0.000000       0.000000       0.020059       0.010165       0.061983       0.139335       0.237362       0.000000
        7.249191       0.222572       0.175029       0.000922       0.000000       0.130764       0.000000       0.000000       0.000000       0.000000       0.020393       0.010686       0.062716       0.140008       0.237815       0.000000
        7.281554       0.221306       0.174046       0.000918       0.000000       0.130398       0.000000       0.000000       0.000000       0.000000       0.020803       0.011209       0.063418       0.140610       0.238146       0.000000
        7.313916       0.220070       0.173083       0.000914       0.000000       0.130065       0.000000       0.000000       0.000000       0.000000       0.021246       0.011734       0.064123       0.141225       0.238509       0.000000
        7.346279       0.218803       0.172081       0.000911       0.000000       0.129654       0.000000       0.000000       0.000000       0.000000       0.021611       0.012260       0.064836       0.141871       0.238937       0.000000
        7.378641       0.217590       0.171142       0.000907       0.000000       0.129347       0.000000       0.000000       0.000000       0.000000       0.022083       0.012770       0.065485       0.142402       0.239185       0.000000
        7.411003       0.216362       0.170171       0.000903       0.000000       0.128967       0.000000       0.000000       0.000000       0.000000       0.022474       0.013288       0.066168       0.143010       0.239573       0.000000
        7.443366       0.215172       0.169234       0.000900       0.000000       0.128620       0.000000       0.000000       0.000000       0.000000       0.022886       0.013802       0.066831       0.143589       0.239919       0.000000
        7.475728       0.213951       0.168270       0.000896       0.000000       0.128226       0.000000       0.000000       0.000000       0.000000       0.023259       0.014318       0.067492       0.144164       0.240265       0.000000
        7.508091       0.212746       0.167314       0.000893       0.000000       0.127836       0.000000       0.000000       0.000000       0.000000       0.023629       0.014846       0.068171       0.144772       0.240662       0.000000
        7.540453       0.211601       0.166415       0.000889       0.000000       0.127512       0.000000       0.000000       0.000000       0.000000       0.024055       0.015348       0.068795       0.145298       0.240950       0.000000
        7.572816       0.210426       0.165487       0.000886       0.000000       0.127170       0.000000       0.000000       0.000000       0.000000       0.024481       0.015858       0.069427       0.145837       0.241258       0.000000
        7.605178       0.209251       0.164546       0.000882       0.000000       0.126786       0.000000       0.000000       0.000000       0.000000       0.024858       0.016370       0.070075       0.146422       0.241656       0.000000
        7.637540       0.208138       0.163668       0.000879       0.000000       0.126472       0.000000       0.000000       0.000000       0.000000       0.025286       0.016875       0.070693       0.146950       0.241961       0.000000
        7.669903       0.206993       0.162761       0.000876       0.000000       0.126118       0.000000       0.000000       0.000000       0.000000       0.025684       0.017378       0.071302       0.147466       0.242254       0.000000
        7.702265       0.205910       0.161907       0.000872       0.000000       0.125838       0.000000       0.000000       0.000000       0.000000       0.026152       0.017872       0.071892       0.147958       0.242521       0.000000
        7.734628       0.204781       0.161006       0.000869       0.000000       0.125467       0.000000       0.000000       0.000000       0.000000       0.026522       0.018374       0.072499       0.148484       0.242843       0.000000
        7.766990       0.203651       0.160087       0.000867       0.000000       0.125048       0.000000       0.000000       0.000000       0.000000       0.026833       0.018877       0.073134       0.149084       0.243303       0.000000
