  density  pressure  energy
   0.500000E-02   0.706282E-02   0.470501E+01
   0.100000E-01   0.211888E-01   0.942252E+01
   0.150000E-01   0.394299E-01   0.141531E+02
   0.200000E-01   0.604253E-01   0.188858E+02
   0.250000E-01   0.821551E-01   0.236235E+02
   0.300000E-01   0.102730E+00   0.283649E+02
   0.350000E-01   0.121303E+00   0.331303E+02
   0.400000E-01   0.136562E+00   0.378698E+02
   0.450000E-01   0.148543E+00   0.426207E+02
   0.500000E-01   0.158345E+00   0.473734E+02
   0.550000E-01   0.166445E+00   0.521390E+02
   0.600000E-01   0.173821E+00   0.568801E+02
   0.650000E-01   0.183181E+00   0.616357E+02
   0.700000E-01   0.194442E+00   0.663902E+02
   0.750000E-01   0.211326E+00   0.711480E+02
   0.800000E-01   0.233695E+00   0.759054E+02
   0.850000E-01   0.264466E+00   0.806743E+02
   0.900000E-01   0.304044E+00   0.854259E+02
   0.950000E-01   0.355515E+00   0.901906E+02
   0.100000E+00   0.419045E+00   0.949571E+02
   0.105000E+00   0.496887E+00   0.997436E+02
   0.110000E+00   0.589413E+00   0.104519E+03
   0.115000E+00   0.696980E+00   0.109299E+03
   0.120000E+00   0.820499E+00   0.114085E+03
   0.125000E+00   0.960751E+00   0.118875E+03
   0.130000E+00   0.111948E+01   0.123672E+03
   0.135000E+00   0.129665E+01   0.128463E+03
   0.140000E+00   0.149405E+01   0.133273E+03
   0.145000E+00   0.171251E+01   0.138090E+03
   0.150000E+00   0.195303E+01   0.142914E+03
   0.155000E+00   0.222008E+01   0.147747E+03
   0.160000E+00   0.252327E+01   0.152589E+03
   0.165000E+00   0.288603E+01   0.157442E+03
   0.170000E+00   0.335462E+01   0.162309E+03
   0.175000E+00   0.398630E+01   0.167188E+03
   0.180000E+00   0.481548E+01   0.172092E+03
   0.185000E+00   0.582509E+01   0.177019E+03
   0.190000E+00   0.698011E+01   0.181977E+03
   0.195000E+00   0.824598E+01   0.186965E+03
   0.200000E+00   0.959700E+01   0.191986E+03
   0.205000E+00   0.110173E+02   0.197044E+03
   0.210000E+00   0.124936E+02   0.202137E+03
   0.215000E+00   0.139778E+02   0.207264E+03
   0.220000E+00   0.152423E+02   0.212425E+03
   0.225000E+00   0.165036E+02   0.217610E+03
   0.230000E+00   0.177876E+02   0.222829E+03
   0.235000E+00   0.190863E+02   0.228072E+03
   0.240000E+00   0.204040E+02   0.233358E+03
   0.245000E+00   0.217440E+02   0.238643E+03
   0.250000E+00   0.231037E+02   0.243981E+03
   0.255000E+00   0.244807E+02   0.249339E+03
   0.260000E+00   0.258729E+02   0.254717E+03
   0.265000E+00   0.272792E+02   0.260134E+03
   0.270000E+00   0.287051E+02   0.265559E+03
   0.275000E+00   0.301489E+02   0.271036E+03
   0.280000E+00   0.315993E+02   0.276511E+03
   0.285000E+00   0.330699E+02   0.282036E+03
   0.290000E+00   0.345509E+02   0.287575E+03
   0.295000E+00   0.360457E+02   0.293136E+03
   0.300000E+00   0.375527E+02   0.298737E+03
   0.305000E+00   0.390748E+02   0.304352E+03
   0.310000E+00   0.406064E+02   0.309992E+03
   0.315000E+00   0.421549E+02   0.315671E+03
   0.320000E+00   0.437121E+02   0.321361E+03
   0.325000E+00   0.452792E+02   0.327086E+03
   0.330000E+00   0.468535E+02   0.332819E+03
   0.335000E+00   0.484442E+02   0.338580E+03
   0.340000E+00   0.500467E+02   0.344376E+03
   0.345000E+00   0.516545E+02   0.350188E+03
   0.350000E+00   0.532752E+02   0.356025E+03
   0.355000E+00   0.549053E+02   0.361882E+03
   0.360000E+00   0.565460E+02   0.367770E+03
   0.365000E+00   0.581934E+02   0.373674E+03
   0.370000E+00   0.598536E+02   0.379602E+03
   0.375000E+00   0.615226E+02   0.385556E+03
   0.380000E+00   0.632037E+02   0.391527E+03
   0.385000E+00   0.648883E+02   0.397526E+03
   0.390000E+00   0.665841E+02   0.403547E+03
   0.395000E+00   0.682921E+02   0.409580E+03
   0.400000E+00   0.699958E+02   0.415658E+03
   0.405000E+00   0.717186E+02   0.421731E+03
   0.410000E+00   0.734518E+02   0.427844E+03
   0.415000E+00   0.751875E+02   0.433960E+03
   0.420000E+00   0.769370E+02   0.440108E+03
   0.425000E+00   0.786444E+02   0.446280E+03
   0.430000E+00   0.803207E+02   0.452459E+03
   0.435000E+00   0.819710E+02   0.458676E+03
   0.440000E+00   0.836154E+02   0.464907E+03
   0.445000E+00   0.852592E+02   0.471155E+03
   0.450000E+00   0.868985E+02   0.477404E+03
   0.455000E+00   0.885344E+02   0.483694E+03
   0.460000E+00   0.901852E+02   0.490001E+03
   0.465000E+00   0.918300E+02   0.496314E+03
   0.470000E+00   0.934703E+02   0.502652E+03
   0.475000E+00   0.951259E+02   0.509004E+03
   0.480000E+00   0.967793E+02   0.515379E+03
   0.485000E+00   0.984405E+02   0.521774E+03
   0.490000E+00   0.100100E+03   0.528165E+03
   0.495000E+00   0.101765E+03   0.534590E+03
   0.500000E+00   0.103440E+03   0.541042E+03
   0.505000E+00   0.105112E+03   0.547481E+03
   0.510000E+00   0.106795E+03   0.553965E+03
   0.515000E+00   0.108478E+03   0.560453E+03
   0.520000E+00   0.110170E+03   0.566964E+03
   0.525000E+00   0.111861E+03   0.573485E+03
   0.530000E+00   0.113568E+03   0.580026E+03
   0.535000E+00   0.115266E+03   0.586584E+03
   0.540000E+00   0.116977E+03   0.593149E+03
   0.545000E+00   0.118690E+03   0.599730E+03
   0.550000E+00   0.120415E+03   0.606343E+03
   0.555000E+00   0.122135E+03   0.612951E+03
   0.560000E+00   0.123870E+03   0.619605E+03
   0.565000E+00   0.125606E+03   0.626252E+03
   0.570000E+00   0.127346E+03   0.632912E+03
   0.575000E+00   0.129090E+03   0.639589E+03
   0.580000E+00   0.130841E+03   0.646290E+03
   0.585000E+00   0.132601E+03   0.653008E+03
   0.590000E+00   0.134362E+03   0.659731E+03
   0.595000E+00   0.136124E+03   0.666465E+03
   0.600000E+00   0.137895E+03   0.673226E+03
   0.605000E+00   0.139643E+03   0.679996E+03
   0.610000E+00   0.141379E+03   0.686777E+03
   0.615000E+00   0.143108E+03   0.693580E+03
   0.620000E+00   0.144823E+03   0.700395E+03
   0.625000E+00   0.146548E+03   0.707221E+03
   0.630000E+00   0.148266E+03   0.714067E+03
   0.635000E+00   0.149981E+03   0.720920E+03
   0.640000E+00   0.151698E+03   0.727785E+03
   0.645000E+00   0.153411E+03   0.734680E+03
   0.650000E+00   0.155121E+03   0.741571E+03
   0.655000E+00   0.156856E+03   0.748496E+03
   0.660000E+00   0.158573E+03   0.755404E+03
   0.665000E+00   0.160286E+03   0.762341E+03
   0.670000E+00   0.162010E+03   0.769285E+03
   0.675000E+00   0.163750E+03   0.776232E+03
   0.680000E+00   0.165463E+03   0.783223E+03
   0.685000E+00   0.167202E+03   0.790220E+03
   0.690000E+00   0.168924E+03   0.797209E+03
   0.695000E+00   0.170658E+03   0.804233E+03
   0.700000E+00   0.172407E+03   0.811244E+03
   0.705000E+00   0.174145E+03   0.818298E+03
   0.710000E+00   0.175877E+03   0.825335E+03
   0.715000E+00   0.177632E+03   0.832404E+03
   0.720000E+00   0.179366E+03   0.839463E+03
   0.725000E+00   0.181116E+03   0.846554E+03
   0.730000E+00   0.182876E+03   0.853650E+03
   0.735000E+00   0.184622E+03   0.860759E+03
   0.740000E+00   0.186381E+03   0.867892E+03
   0.745000E+00   0.188146E+03   0.875042E+03
   0.750000E+00   0.189897E+03   0.882193E+03
   0.755000E+00   0.191679E+03   0.889325E+03
   0.760000E+00   0.193456E+03   0.896530E+03
   0.765000E+00   0.195217E+03   0.903668E+03
   0.770000E+00   0.196993E+03   0.910871E+03
   0.775000E+00   0.198775E+03   0.918081E+03
   0.780000E+00   0.200577E+03   0.925295E+03
   0.785000E+00   0.202350E+03   0.932539E+03
   0.790000E+00   0.204140E+03   0.939793E+03
   0.795000E+00   0.205911E+03   0.947026E+03
   0.800000E+00   0.207719E+03   0.954281E+03
   0.805000E+00   0.209539E+03   0.961547E+03
   0.810000E+00   0.211321E+03   0.968837E+03
   0.815000E+00   0.213121E+03   0.976122E+03
   0.820000E+00   0.214948E+03   0.983463E+03
   0.825000E+00   0.216721E+03   0.990747E+03
   0.830000E+00   0.218466E+03   0.998110E+03
   0.835000E+00   0.220188E+03   0.100546E+04
   0.840000E+00   0.221935E+03   0.101281E+04
   0.845000E+00   0.223630E+03   0.102017E+04
   0.850000E+00   0.225370E+03   0.102750E+04
   0.855000E+00   0.227075E+03   0.103490E+04
   0.860000E+00   0.228828E+03   0.104227E+04
   0.865000E+00   0.230517E+03   0.104973E+04
   0.870000E+00   0.232189E+03   0.105712E+04
   0.875000E+00   0.233913E+03   0.106451E+04
   0.880000E+00   0.235621E+03   0.107200E+04
   0.885000E+00   0.237305E+03   0.107941E+04
   0.890000E+00   0.238991E+03   0.108690E+04
   0.895000E+00   0.240701E+03   0.109432E+04
   0.900000E+00   0.242335E+03   0.110175E+04
   0.905000E+00   0.244030E+03   0.110927E+04
   0.910000E+00   0.245733E+03   0.111675E+04
   0.915000E+00   0.247388E+03   0.112425E+04
   0.920000E+00   0.249069E+03   0.113175E+04
   0.925000E+00   0.250750E+03   0.113928E+04
   0.930000E+00   0.252444E+03   0.114682E+04
   0.935000E+00   0.254130E+03   0.115437E+04
   0.940000E+00   0.255805E+03   0.116194E+04
   0.945000E+00   0.257506E+03   0.116938E+04
   0.950000E+00   0.259215E+03   0.117699E+04
   0.955000E+00   0.260832E+03   0.118457E+04
   0.960000E+00   0.262562E+03   0.119218E+04
   0.965000E+00   0.264227E+03   0.119977E+04
   0.970000E+00   0.265949E+03   0.120735E+04
   0.975000E+00   0.267649E+03   0.121499E+04
   0.980000E+00   0.269342E+03   0.122254E+04
   0.985000E+00   0.271048E+03   0.123023E+04
   0.990000E+00   0.272744E+03   0.123779E+04
   0.995000E+00   0.274451E+03   0.124546E+04
   0.100000E+01   0.276147E+03   0.125312E+04
   0.100500E+01   0.277842E+03   0.126076E+04
   0.101000E+01   0.279550E+03   0.126844E+04
   0.101500E+01   0.281203E+03   0.127612E+04
   0.102000E+01   0.282911E+03   0.128382E+04
   0.102500E+01   0.284578E+03   0.129156E+04
   0.103000E+01   0.286285E+03   0.129918E+04
   0.103500E+01   0.287956E+03   0.130690E+04
   0.104000E+01   0.289580E+03   0.131460E+04
   0.104500E+01   0.291249E+03   0.132241E+04
   0.105000E+01   0.292922E+03   0.133011E+04
   0.105500E+01   0.294591E+03   0.133786E+04
   0.106000E+01   0.296263E+03   0.134551E+04
   0.106500E+01   0.298006E+03   0.135336E+04
   0.107000E+01   0.299613E+03   0.136110E+04
   0.107500E+01   0.301308E+03   0.136888E+04
   0.108000E+01   0.302965E+03   0.137663E+04
   0.108500E+01   0.304644E+03   0.138444E+04
   0.109000E+01   0.306278E+03   0.139226E+04
   0.109500E+01   0.308006E+03   0.140011E+04
   0.110000E+01   0.309735E+03   0.140791E+04
   0.110500E+01   0.311425E+03   0.141577E+04
   0.111000E+01   0.313111E+03   0.142358E+04
   0.111500E+01   0.314876E+03   0.143142E+04
   0.112000E+01   0.316498E+03   0.143921E+04
   0.112500E+01   0.318191E+03   0.144700E+04
   0.113000E+01   0.319889E+03   0.145494E+04
   0.113500E+01   0.321565E+03   0.146286E+04
   0.114000E+01   0.323323E+03   0.147067E+04
   0.114500E+01   0.325006E+03   0.147857E+04
   0.115000E+01   0.326695E+03   0.148643E+04
   0.115500E+01   0.328412E+03   0.149428E+04
   0.116000E+01   0.330109E+03   0.150226E+04
   0.116500E+01   0.331869E+03   0.151011E+04
   0.117000E+01   0.333591E+03   0.151803E+04
   0.117500E+01   0.335285E+03   0.152602E+04
   0.118000E+01   0.337041E+03   0.153398E+04
   0.118500E+01   0.338790E+03   0.154187E+04
   0.119000E+01   0.340574E+03   0.154985E+04
   0.119500E+01   0.342304E+03   0.155776E+04
   0.120000E+01   0.343968E+03   0.156580E+04
