   4.9999998882412910E-003   8387624530367.2832       0.13174237664401253        53.505260000000000     
   9.9999997764825821E-003   16797534613677.498       0.10761522331005539        44.331339999999997     
   1.4999999664723873E-002   25230644352939.254       0.10023161688634877        38.047960000000003     
   1.9999999552965164E-002   33667729744270.953        9.8760142019359370E-002   33.983750000000001     
   2.4999998509883881E-002   42113677758681.062        9.9047394406426972E-002   31.395859999999999     
   2.9999999329447746E-002   50566144209164.758        9.9521374037632712E-002   29.770019999999999     
   3.5000000149011612E-002   59061470490460.328        9.9740902511215632E-002   28.740369999999999     
   3.9999999105930328E-002   67510484694048.555        9.9694184999680968E-002   28.128070000000001     
   4.4999998062849045E-002   75980004501777.172        9.9500473863013944E-002   27.777870000000000     
   4.9999997019767761E-002   84452605347057.641        9.9247107479566152E-002   27.570450000000001     
   5.4999999701976776E-002   92948236020014.969        9.8987885263696493E-002   27.447830000000000     
   5.9999998658895493E-002   101400219898352.00        9.8724532556866001E-002   27.369389999999999     
   6.4999997615814209E-002   109877913735826.62        9.8358183321934231E-002   27.299890000000001     
   7.0000000298023224E-002   118353848041012.61        9.7879453047762369E-002   27.239509999999999     
   7.4999995529651642E-002   126835461849155.66        9.7097064268344913E-002   27.166899999999998     
   7.9999998211860657E-002   135316555964217.69        9.5984054556917831E-002   27.070789999999999     
   8.5000000894069672E-002   143818096289925.09        9.4389006370833750E-002   26.909109999999998     
   8.9999996125698090E-002   152288722301497.62        9.2339710080748608E-002   26.626690000000000     
   9.4999998807907104E-002   160782704804969.34        8.9826745782234041E-002   26.121710000000000     
   9.9999994039535522E-002   169280102434402.22        8.7149772230527861E-002   25.299240000000001     
  0.10499999672174454        177812868890093.12        8.4719202724119008E-002   24.067509999999999     
  0.10999999940395355        186325545496108.50        8.3200481681077576E-002   22.449210000000001     
  0.11499999463558197        194847932938552.38        8.3247778077755824E-002   20.600059999999999     
  0.11999999731779099        203379823340192.41        8.5295625051296009E-002   18.740539999999999     
  0.12500000000000000        211919078535209.41        8.9484148727779600E-002   17.060330000000000     
  0.12999999523162842        220470212429221.56        9.5773976594235824E-002   15.646620000000000     
  0.13499999046325684        229011873060785.12       0.10396689239182283        14.520899999999999     
  0.14000000059604645        237585294363786.91       0.11392704284917352        13.645080000000000     
  0.14499999582767487        246172895863714.16       0.12550348195714614        12.974880000000001     
  0.14999999105930328        254772583939869.00       0.13858331316006481        12.466500000000000     
  0.15500000119209290        263388234017798.56       0.15328084493649544        12.079060000000000     
  0.15999999642372131        272020722151553.78       0.17004659073508210        11.780709999999999     
  0.16499999165534973        280672334990691.12       0.19018115710813024        11.546620000000001     
  0.17000000178813934        289347764621313.81       0.21642778759501119        11.365069999999999     
  0.17499999701976776        298046268624734.56       0.25243651962104385        11.248020000000000     
  0.17999999225139618        306788812904679.81       0.30070151763725816        11.219790000000000     
  0.18500000238418579        315572308999410.81       0.36030622338385032        11.285230000000000     
  0.18999999761581421        324409526510347.44       0.42854333718638365        11.422280000000001     
  0.19499999284744263        333302930267531.06       0.50231785609303647        11.601630000000000     
  0.19999998807907104        342253737837608.81       0.57904122612397679        11.799810000000001     
  0.20499999821186066        351270115826139.75       0.65688266911336635        12.001840000000000     
  0.20999999344348907        360349153951870.06       0.73439154043241239        12.198560000000001     
  0.21499998867511749        369490347370092.56       0.80861268019969557        12.380330000000001     
  0.21999999880790710        378690429438583.50       0.86846737023707710        12.521110000000000     
  0.22499999403953552        387933037249477.06       0.92478288471656400        12.648040000000000     
  0.22999998927116394        397237443991892.94       0.97885319600294474        12.764519999999999     
  0.23499999940395355        406583812238509.12        1.0304316055068914        12.870559999999999     
  0.23999999463558197        416007778086311.12        1.0797824423537383        12.967269999999999     
  0.24499998986721039        425429368194314.12        1.1271259870402284        13.055640000000000     
  0.25000000000000000        434944859417873.75        1.1724565474929289        13.136160000000000     
  0.25499999523162842        444496224312398.75        1.2157781239915324        13.209330000000000     
  0.25999999046325684        454083462877889.12        1.2571276583911222        13.275679999999999     
  0.26499998569488525        463740696677208.38        1.2965697739788120        13.335739999999999     
  0.26999998092651367        473412719456776.56        1.3343519080995205        13.390250000000000     
  0.27500000596046448        483175881554385.12        1.3705031689298157        13.439610000000000     
  0.28000000119209290        492936103673992.31        1.4048346659694082        13.483870000000000     
  0.28499999642372131        502785713003538.06        1.4377581485984012        13.523870000000001     
  0.28999999165534973        512660237904226.06        1.4691247605915312        13.559680000000000     
  0.29499998688697815        522574259479073.06        1.4990903641329258        13.591730000000000     
  0.29999998211860657        532557949623526.50        1.5276943300192678        13.620290000000001     
  0.30500000715255737        542567654118779.31        1.5550603009212756        13.645690000000000     
  0.31000000238418579        552622913424678.56        1.5811528597085960        13.668080000000000     
  0.31499999761581421        562746891004264.75        1.6061609571434423        13.687799999999999     
  0.31999999284744263        572890527830687.88        1.6300072593983181        13.704940000000001     
  0.32499998807907104        583096052678875.88        1.6527733163832978        13.719740000000000     
  0.32999998331069946        593315831965857.88        1.6744780440905980        13.732340000000001     
  0.33499997854232788        603586333297549.25        1.6952974553727433        13.742979999999999     
  0.34000000357627869        613919435372945.00        1.7152154343467196        13.751770000000000     
  0.34499999880790710        624280274210494.50        1.7341990239826346        13.758820000000000     
  0.34999999403953552        634686549071700.50        1.7523835563309866        13.764290000000001     
  0.35499998927116394        645126678225042.50        1.7697681760516883        13.768269999999999     
  0.35999998450279236        655624003314046.25        1.7864055853288345        13.770890000000000     
  0.36499997973442078        666148293049769.00        1.8022939557968356        13.772230000000000     
  0.37000000476837158        676717306087208.50        1.8175264866863481        13.772390000000000     
  0.37500000000000000        687331280000344.62        1.8320983395432420        13.771459999999999     
  0.37999999523162842        697976079137373.12        1.8460686490519225        13.769489999999999     
  0.38499999046325684        708669580940281.75        1.8593966308819683        13.766590000000001     
  0.38999998569488525        719403707893753.75        1.8721712299109672        13.762810000000000     
  0.39499998092651367        730158860144447.25        1.8844258627222699        13.758190000000001     
  0.39999997615814209        740993124530448.50        1.8960698724390288        13.752860000000000     
  0.40500000119209290        751820083516567.62        1.9072881406032716        13.746779999999999     
  0.40999999642372131        762718255303162.62        1.9180416240520313        13.740040000000000     
  0.41499999165534973        773620525240911.00        1.9283051624517862        13.732710000000001     
  0.41999998688697815        784580525655775.88        1.9381659762774157        13.724790000000000     
  0.42499998211860657        795583348780518.12        1.9473399133483413        13.716580000000000     
  0.42999997735023499        806598763326195.38        1.9559262460662639        13.708110000000000     
  0.43500000238418579        817682420997599.75        1.9639834615966878        13.699400000000001     
  0.43999999761581421        828790014247479.25        1.9716350910409426        13.690379999999999     
  0.44499999284744263        839927719999311.62        1.9789234006748118        13.681039999999999     
  0.44999998807907104        851067385736478.00        1.9858496501907059        13.671430000000001     
  0.45499998331069946        862280461833434.50        1.9924353875043594        13.661580000000001     
  0.45999997854232788        873524660121758.25        1.9987654696981543        13.651380000000000     
  0.46500000357627869        884779549239177.62        2.0047734121504108        13.640990000000000     
  0.46999999880790710        896077142279484.75        2.0104792908170173        13.630409999999999     
  0.47499999403953552        907402056327480.50        2.0159634782336906        13.619540000000001     
  0.47999998927116394        918766467049635.12        2.0211775288987370        13.608510000000001     
  0.48499998450279236        930165919933825.62        2.0261639579255961        13.597260000000000     
  0.48999997973442078        941559789829488.12        2.0309037197687738        13.585870000000000     
  0.49499997496604919        953012756252651.88        2.0354318745900950        13.574310000000001     
  0.50000000000000000        964514722309170.25        2.0397618938360087        13.562550000000000     
  0.50499999523162842        975994178231093.12        2.0438721831398556        13.550710000000000     
  0.50999999046325684        987553340223273.25        2.0478074540985625        13.538679999999999     
  0.51499998569488525        999120460943780.12        2.0515445802564822        13.526579999999999     
  0.51999998092651367        1010726068649031.2        2.0551154370103126        13.514320000000000     
  0.52499997615814209        1022351276207624.5        2.0585026865146965        13.502010000000000     
  0.52999997138977051        1034011882289223.2        2.0617493463161378        13.489520000000001     
  0.53499996662139893        1045703848136169.2        2.0648128977545741        13.477040000000001     
  0.53999996185302734        1057407336321140.6        2.0677407337611395        13.464420000000000     
  0.54500001668930054        1069138620661760.4        2.0705176015844282        13.451750000000001     
  0.55000001192092896        1080927873053476.8        2.0731651927784362        13.438969999999999     
  0.55500000715255737        1092708453994926.4        2.0756657726103240        13.426190000000000     
  0.56000000238418579        1104570522811482.9        2.0780492510198276        13.413300000000000     
  0.56499999761581421        1116418931124194.9        2.0803034181259763        13.400380000000000     
  0.56999999284744263        1128292997426736.5        2.0824361424098226        13.387430000000000     
  0.57499998807907104        1140195928967836.2        2.0844515041634177        13.374459999999999     
  0.57999998331069946        1152141029890369.0        2.0863589580136064        13.361430000000000     
  0.58499997854232788        1164116540282329.0        2.0881630220766536        13.348350000000000     
  0.58999997377395630        1176102147568435.2        2.0898601790708193        13.335279999999999     
  0.59499996900558472        1188107235920893.2        2.0914542116561683        13.322210000000000     
  0.59999996423721313        1200159482708362.0        2.0929549035061692        13.309120000000000     
  0.60499995946884155        1212229785118303.5        2.0943419616336434        13.296210000000000     
  0.61000001430511475        1224317074067808.2        2.0956288035688515        13.283420000000000     
  0.61500000953674316        1236445225741856.0        2.0968235708808383        13.270730000000000     
  0.62000000476837158        1248594521500115.2        2.0979257338010142        13.258179999999999     
  0.62500000000000000        1260762110454827.0        2.0989542484720616        13.245600000000000     
  0.62999999523162842        1272967236098363.2        2.0999012066535614        13.233120000000000     
  0.63499999046325684        1285184002866915.0        2.1007727064433466        13.220700000000001     
  0.63999998569488525        1297422982802587.8        2.1015734032149136        13.208320000000001     
  0.64499998092651367        1309714347800828.8        2.1023037257487687        13.196009999999999     
  0.64999997615814209        1321998704366662.8        2.1029663477053600        13.183780000000000     
  0.65499997138977051        1334343879871352.0        2.1035736876065134        13.171419999999999     
  0.65999996662139893        1346659121054573.5        2.1041128313645938        13.159240000000000     
  0.66499996185302734        1359025797004444.0        2.1045915083879461        13.147150000000000     
  0.66999995708465576        1371403638931370.0        2.1050157213066130        13.135020000000001     
  0.67500001192092896        1383788370503713.0        2.1053873836839534        13.122850000000000     
  0.68000000715255737        1396251501489424.0        2.1057002413853541        13.110920000000000     
  0.68500000238418579        1408726036026170.5        2.1059656203798913        13.098870000000000     
  0.68999999761581421        1421184534319273.2        2.1061787036504129        13.086990000000000     
  0.69499999284744263        1433706940012970.2        2.1063450417437570        13.075080000000000     
  0.69999998807907104        1446204638012757.2        2.1064656299809132        13.063129999999999     
  0.70499998331069946        1458779903916982.5        2.1065403837576469        13.051330000000000     
  0.70999997854232788        1471324641564790.2        2.1065717965070192        13.039619999999999     
  0.71499997377395630        1483926753328744.5        2.1065613444928859        13.027810000000001     
  0.71999996900558472        1496510215535276.5        2.1065108321476247        13.016209999999999     
  0.72499996423721313        1509152714875814.2        2.1064207674207687        13.004560000000000     
  0.72999995946884155        1521801153565849.8        2.1062921328280537        12.992910000000000     
  0.73499995470046997        1534475369032704.5        2.1061283447695907        12.981420000000000     
  0.74000000953674316        1547190566011092.8        2.1059279698672970        12.969900000000001     
  0.74500000476837158        1559936528819878.2        2.1056928447299046        12.958399999999999     
  0.75000000000000000        1572684867368462.8        2.1054270266281971        12.947070000000000     
  0.75499999523162842        1585399351624911.2        2.1051242156747163        12.935580000000000     
  0.75999999046325684        1598244739144286.5        2.1047915732828968        12.924200000000001     
  0.76499998569488525        1610968963933910.8        2.1044324912072545        12.912990000000001     
  0.76999998092651367        1623809718760677.5        2.1040421178464594        12.901740000000000     
  0.77499997615814209        1636663658943329.2        2.1036225916560771        12.890520000000000     
  0.77999997138977051        1649523182114508.2        2.1031711625043750        12.879239999999999     
  0.78499996662139893        1662437822449025.2        2.1027017192624351        12.868200000000000     
  0.78999996185302734        1675368855388155.0        2.1022032019378920        12.857130000000000     
  0.79499995708465576        1688263777082339.8        2.1016861481323623        12.846230000000000     
  0.79999995231628418        1701197066974278.8        2.1011352369467673        12.835170000000000     
  0.80500000715255737        1714150313080529.8        2.1005575763192792        12.824100000000000     
  0.81000000238418579        1727145253420254.0        2.0999710688894786        12.813330000000001     
  0.81499999761581421        1740132947753590.8        2.0993578566039073        12.802510000000000     
  0.81999999284744263        1753219948010527.0        2.0987151613807393        12.791589999999999     
  0.82499998807907104        1766203959947175.5        2.0980726074530502        12.781060000000000     
  0.82999998331069946        1779330041123805.8        2.0974231324970014        12.770759999999999     
  0.83499997854232788        1792442461796591.8        2.0967658544166747        12.760669999999999     
  0.83999997377395630        1805543835279312.0        2.0960828265454894        12.750489999999999     
  0.84499996900558472        1818662551662565.5        2.0954050370738821        12.740679999999999     
  0.84999996423721313        1831729595705190.0        2.0946941683731120        12.730670000000000     
  0.85499995946884155        1844917683690575.2        2.0939833323135266        12.720929999999999     
  0.85999995470046997        1858063245933557.2        2.0932383652850723        12.710970000000000     
  0.86500000953674316        1871355985257089.8        2.0925073651349906        12.701440000000000     
  0.87000000476837158        1884529343655720.8        2.0917712848527543        12.692069999999999     
  0.87500000000000000        1897700088740573.0        2.0910000322558120        12.682470000000000     
  0.87999999523162842        1911046282209583.2        2.0902236640049963        12.673019999999999     
  0.88499999046325684        1924269887504964.0        2.0894470478051597        12.663770000000000     
  0.88999998569488525        1937608241032637.8        2.0886583270336851        12.654560000000000     
  0.89499998092651367        1950850139524470.8        2.0878472900315046        12.645270000000000     
  0.89999997615814209        1964090612572424.5        2.0870627997136171        12.636460000000000     
  0.90499997138977051        1977501901311928.5        2.0862390126315717        12.627380000000000     
  0.90999996662139893        1990829326436526.5        2.0854017920256527        12.618320000000001     
  0.91499996185302734        2004200940321386.5        2.0845787812082057        12.609560000000000     
  0.91999995708465576        2017578493555744.5        2.0837342398456911        12.600730000000000     
  0.92499995231628418        2030995959218725.8        2.0828806052303008        12.591950000000001     
  0.93000000715255737        2044429342338360.8        2.0820127228897216        12.583159999999999     
  0.93500000238418579        2057892184631503.5        2.0811401834984844        12.574470000000000     
  0.93999999761581421        2071384248524174.5        2.0802660912636295        12.565890000000000     
  0.94499999284744263        2084652042579817.0        2.0793703420485947        12.557219999999999     
  0.94999998807907104        2098213478074619.8        2.0784629509489827        12.548570000000000     
  0.95499998331069946        2111736901732637.8        2.0775980159525127        12.540440000000000     
  0.95999997854232788        2125296674209581.0        2.0766661475061756        12.531790000000001     
  0.96499997377395630        2138830551122714.8        2.0757630440531232        12.523529999999999     
  0.96999996900558472        2152339957915918.8        2.0748223645839912        12.515029999999999     
  0.97499996423721313        2165960786905697.0        2.0738869703849376        12.506679999999999     
  0.97999995946884155        2179426717660578.8        2.0729504437494963        12.498430000000001     
  0.98499995470046997        2193126183637705.0        2.0720010197864949        12.490159999999999     
  0.98999994993209839        2206607081553320.5        2.0710516773392484        12.481990000000000     
  0.99500000476837158        2220274237469180.0        2.0700909119566973        12.473820000000000     
   1.0000000000000000        2233945907290657.5        2.0691317149784028        12.465750000000000     
   1.0049999952316284        2247563647818697.0        2.0681684472429147        12.457730000000000     
   1.0099999904632568        2261240544267732.5        2.0671935043851746        12.449700000000000     
   1.0149999856948853        2274946187168336.5        2.0662459024810969        12.441970000000000     
   1.0199999809265137        2288667272377633.5        2.0652634162034387        12.434049999999999     
   1.0249999761581421        2302462480668661.0        2.0643001964522663        12.426349999999999     
   1.0299999713897705        2316052662615031.5        2.0633104898229493        12.418519999999999     
   1.0349999666213989        2329805345163656.0        2.0623379858839290        12.410900000000000     
   1.0399999618530273        2343542822977567.0        2.0613906041022214        12.403540000000000     
   1.0449999570846558        2357461807312123.5        2.0604138427846697        12.396030000000000     
   1.0499999523162842        2371182417373461.0        2.0594319928078959        12.388540000000001     
   1.0549999475479126        2385011598743614.5        2.0584494342246757        12.381110000000000     
   1.0599999427795410        2398633140455332.5        2.0574629106989888        12.373720000000000     
   1.0649999380111694        2412627673315498.5        2.0564315824149837        12.366050000000000     
   1.0699999332427979        2426440224507058.5        2.0554790532298495        12.359030000000001     
   1.0749999284744263        2440310031027775.0        2.0544718289230959        12.351670000000000     
   1.0799999237060547        2454109753224420.5        2.0534848572973101        12.344510000000000     
   1.0849999189376831        2468047505903389.5        2.0524837030619003        12.337310000000000     
   1.0900000333786011        2481981457398680.0        2.0515074033768683        12.330340000000000     
   1.0950000286102295        2495973139371087.0        2.0504728660921119        12.323010000000000     
   1.1000000238418579        2509873830509191.0        2.0494359623346252        12.315720000000001     
   1.1050000190734863        2523892358341327.0        2.0484208176047867        12.308640000000000     
   1.1100000143051147        2537813005693743.0        2.0474069242626753        12.301610000000000     
   1.1150000095367432        2551795184706953.5        2.0463436219742377        12.294300000000000     
   1.1200000047683716        2565670930577167.5        2.0453659136490736        12.287620000000000     
   1.1250000000000000        2579558792720357.5        2.0443440125150225        12.280680000000000     
   1.1299999952316284        2593727467307792.0        2.0433182561648668        12.273770000000001     
   1.1349999904632568        2607849339821185.5        2.0423050024960907        12.266980000000000     
   1.1399999856948853        2621759058770526.0        2.0412416032905756        12.259900000000000     
   1.1449999809265137        2635848621222653.0        2.0402219478017809        12.253159999999999     
   1.1499999761581421        2649860972131311.5        2.0391992835902548        12.246449999999999     
   1.1549999713897705        2663847902624120.0        2.0381584573030049        12.239649999999999     
   1.1599999666213989        2678084998517767.0        2.0371291249520942        12.232970000000000     
   1.1649999618530273        2692081907117731.5        2.0360615254419052        12.226089999999999     
   1.1699999570846558        2706184298564773.5        2.0350163826598040        12.219379999999999     
   1.1749999523162842        2720438499784973.5        2.0339883188381953        12.212830000000000     
   1.1799999475479126        2734627368160700.0        2.0329225185387436        12.206070000000000     
   1.1849999427795410        2748685333273499.5        2.0318606021496297        12.199380000000000     
   1.1899999380111694        2762912926207950.0        2.0307771624284863        12.192589999999999     
   1.1949999332427979        2777011516471313.5        2.0297264482293524        12.186040000000000     
   1.1999999284744263        2791354095212037.5        2.0287166491667343        12.179779999999999     
