        0.032362       4.344033       0.600417       0.000000      11.762024     491.540719       0.998098       0.983412
        0.064725       4.344033       0.600417       0.000000      21.175171     490.043386       0.996243       0.967245
        0.097087       4.344033       0.600417       0.000000      29.525330     488.451145       0.994431       0.951445
        0.129450       4.344033       0.600417       0.000000      37.215149     486.741269       0.992662       0.936020
        0.161812       4.344033       0.600417       0.000000      44.268616     484.880013       0.990932       0.920935
        0.194175       4.344033       0.600417       0.000000      50.709961     482.861377       0.989239       0.906172
        0.226537       4.344033       0.600417       0.000000      56.641968     480.681971       0.987574       0.891654
        0.258900       4.344033       0.600417       0.000000      62.004822     478.342816       0.985952       0.877515
        0.291262       4.344033       0.600417       0.000000      66.893494     475.865503       0.984359       0.863626
        0.323625       4.344033       0.600417       0.000000      71.389709     473.229694       0.982798       0.850008
        0.355987       4.344033       0.600417       0.000000      75.511597     470.470263       0.981262       0.836618
        0.388350       4.344033       0.600417       0.000000      79.257080     467.601109       0.979763       0.823549
        0.420712       4.344033       0.600417       0.000000      82.765686     464.603356       0.978289       0.810693
        0.453074       4.344033       0.600417       0.000000      85.959045     461.522506       0.976841       0.798075
        0.485437       4.344033       0.600417       0.000000      88.985168     458.337448       0.975421       0.785691
        0.517799       4.344033       0.600417       0.000000      91.767273     455.086823       0.974027       0.773532
        0.550162       4.344033       0.600417       0.000000      94.380493     451.761223       0.972658       0.761596
        0.582524       4.344033       0.600417       0.000000      96.840820     448.397689       0.971313       0.749874
        0.614887       4.344033       0.600417       0.000000      99.192017     444.958236       0.969994       0.738367
        0.647249       4.344033       0.600417       0.000000     101.410217     441.521911       0.968698       0.727066
        0.679612       4.344033       0.600417       0.000000     103.550232     438.031441       0.967421       0.715932
        0.711974       4.344033       0.600417       0.000000     105.598633     434.527757       0.966171       0.705033
        0.744337       4.344033       0.600417       0.000000     107.534912     430.999466       0.964943       0.694327
        0.776699       4.344033       0.600417       0.000000     109.371765     427.456126       0.963737       0.683811
        0.809062       4.344033       0.600417       0.000000     111.120117     423.918865       0.962552       0.673482
        0.841424       4.344033       0.600417       0.000000     112.827942     420.393042       0.961389       0.663338
        0.873786       4.344033       0.600417       0.000000     114.487793     416.880055       0.960249       0.653400
        0.906149       4.344033       0.600417       0.000000     116.122070     413.390160       0.959127       0.643620
        0.938511       4.344033       0.600417       0.000000     117.739441     409.922484       0.958027       0.634024
        0.970874       4.344033       0.600417       0.000000     119.323975     406.486167       0.956948       0.624614
        1.003236       4.344033       0.600417       0.000000     120.897522     403.085282       0.955893       0.615417
        1.035599       4.344033       0.600417       0.000000     122.456360     399.728335       0.954870       0.606498
        1.067961       4.344033       0.600417       0.000000     123.991150     396.426770       0.953898       0.598023
        1.100324       4.344033       0.600417       0.000000     125.490479     393.201606       0.953013       0.590312
        1.132686       4.344033       0.600417       0.000000     126.883423     390.093698       0.952261       0.583754
        1.165049       4.344033       0.600417       0.000000     128.224243     387.097036       0.951663       0.578533
        1.197411       4.344033       0.600417       0.000000     129.456482     384.220453       0.951199       0.574493
        1.229774       4.344033       0.600417       0.000000     130.630066     381.430438       0.950838       0.571347
        1.262136       4.344033       0.600417       0.000000     131.749268     378.720502       0.950551       0.568840
        1.294498       4.344033       0.600417       0.000000     132.817810     376.080485       0.950316       0.566790
        1.326861       4.344033       0.600417       0.000000     133.875000     373.493852       0.950119       0.565071
        1.359223       4.344033       0.600417       0.000000     134.905212     370.955205       0.949950       0.563601
        1.391586       4.344033       0.600417       0.000000     135.718994     368.511893       0.949801       0.562303
        1.423948       4.344033       0.600417       0.000000     135.305542     366.453139       0.949658       0.561052
        1.456311       4.344033       0.600417       0.000000     134.725952     364.473559       0.949529       0.559933
        1.488673       4.344033       0.600417       0.000000     134.067810     362.518237       0.949416       0.558942
        1.521036       4.344033       0.600417       0.000000     133.383057     360.606340       0.949311       0.558029
        1.553398       4.344033       0.600417       0.000000     132.670349     358.711718       0.949212       0.557168
        1.585761       4.344033       0.600417       0.000000     131.941406     356.849156       0.949127       0.556426
        1.618123       4.344033       0.600417       0.000000     131.206055     355.002121       0.949046       0.555722
        1.650485       4.344033       0.600417       0.000000     130.455811     353.170905       0.948971       0.555068
        1.682848       4.344033       0.600417       0.000000     129.711731     351.359028       0.948902       0.554458
        1.715210       4.344033       0.600417       0.000000     128.952271     349.565528       0.948834       0.553871
        1.747573       4.344033       0.600417       0.000000     128.191956     347.798646       0.948774       0.553349
        1.779935       4.344033       0.600417       0.000000     127.436707     346.036111       0.948717       0.552849
        1.812298       4.344033       0.600417       0.000000     126.672668     344.298861       0.948662       0.552367
        1.844660       4.344033       0.600417       0.000000     125.916626     342.573602       0.948610       0.551913
        1.877023       4.344033       0.600417       0.000000     125.159973     340.866484       0.948560       0.551480
        1.909385       4.344033       0.600417       0.000000     124.397217     339.171788       0.948513       0.551070
        1.941748       4.344033       0.600417       0.000000     123.640320     337.488465       0.948466       0.550660
        1.974110       4.344033       0.600417       0.000000     122.886841     335.826983       0.948423       0.550289
        2.006473       4.344033       0.600417       0.000000     122.137146     334.177099       0.948383       0.549934
        2.038835       4.344033       0.600417       0.000000     121.387512     332.547078       0.948343       0.549592
        2.071197       4.344033       0.600417       0.000000     120.640930     330.925854       0.948306       0.549263
        2.103560       4.344033       0.600417       0.000000     119.894287     329.321386       0.948268       0.548933
        2.135922       4.344033       0.600417       0.000000     119.154663     327.732676       0.948231       0.548610
        2.168285       4.344033       0.600417       0.000000     118.420654     326.158217       0.948198       0.548326
        2.200647       4.344033       0.600417       0.000000     117.686523     324.591668       0.948165       0.548033
        2.233010       4.344033       0.600417       0.000000     116.959229     323.039882       0.948133       0.547757
        2.265372       4.344033       0.600417       0.000000     116.234497     321.503685       0.948101       0.547482
        2.297735       4.344033       0.600417       0.000000     115.507812     319.984015       0.948071       0.547218
        2.330097       4.344033       0.600417       0.000000     114.790527     318.472740       0.948042       0.546963
        2.362460       4.344033       0.600417       0.000000     114.078735     316.977628       0.948013       0.546714
        2.394822       4.344033       0.600417       0.000000     113.368286     315.490645       0.947985       0.546470
        2.427185       4.344033       0.600417       0.000000     112.664673     314.014488       0.947959       0.546239
        2.459547       4.344033       0.600417       0.000000     111.964600     312.557107       0.947934       0.546022
        2.491909       4.344033       0.600417       0.000000     111.267212     311.107488       0.947907       0.545785
        2.524272       4.344033       0.600417       0.000000     110.570923     309.671786       0.947882       0.545570
        2.556634       4.344033       0.600417       0.000000     109.882202     308.243258       0.947860       0.545375
        2.588997       4.344033       0.600417       0.000000     109.195068     306.835351       0.947832       0.545132
        2.621359       4.344033       0.600417       0.000000     108.512329     305.431127       0.947809       0.544932
        2.653722       4.344033       0.600417       0.000000     107.837769     304.038728       0.947788       0.544748
        2.686084       4.344033       0.600417       0.000000     107.163696     302.659225       0.947766       0.544556
        2.718447       4.344033       0.600417       0.000000     106.494629     301.284207       0.947746       0.544380
        2.750809       4.344033       0.600417       0.000000     105.816406     299.987702       0.947721       0.544165
        2.783172       4.344033       0.600417       0.000000     105.137695     298.792682       0.947706       0.544032
        2.815534       4.344033       0.600417       0.000000     104.459595     297.640227       0.947684       0.543844
        2.847897       4.344033       0.600417       0.000000     103.780273     296.521527       0.947665       0.543681
        2.880259       4.344033       0.600417       0.000000     103.108398     295.431128       0.947647       0.543520
        2.912621       4.344033       0.600417       0.000000     102.442749     294.364852       0.947630       0.543372
        2.944984       4.344033       0.600417       0.000000     101.780396     293.320585       0.947610       0.543199
        2.977346       4.344033       0.600417       0.000000     101.122559     292.298039       0.947595       0.543063
        3.009709       4.344033       0.600417       0.000000     100.474365     291.290258       0.947579       0.542929
        3.042071       4.344033       0.600417       0.000000      99.825928     290.299307       0.947560       0.542759
        3.074434       4.344033       0.600417       0.000000      99.185425     289.323544       0.947545       0.542631
        3.106796       4.344033       0.600417       0.000000      98.553223     288.367841       0.947529       0.542489
        3.139159       4.344033       0.600417       0.000000      97.921509     287.424605       0.947513       0.542354
        3.171521       4.344033       0.600417       0.000000      97.296875     286.489230       0.947498       0.542220
        3.203883       4.344033       0.600417       0.000000      96.673340     285.569322       0.947482       0.542082
        3.236246       4.344033       0.600417       0.000000      96.057861     284.663600       0.947467       0.541953
        3.268609       4.344033       0.600417       0.000000      95.449341     283.771000       0.947453       0.541829
        3.300971       4.344033       0.600417       0.000000      94.844238     282.887646       0.947439       0.541710
        3.333333       4.344033       0.600417       0.000000      94.243530     282.016083       0.947424       0.541573
        3.365696       4.344033       0.600417       0.000000      93.653320     281.157590       0.947410       0.541458
        3.398058       4.344033       0.600417       0.000000      93.060303     280.306590       0.947395       0.541325
        3.430421       4.344033       0.600417       0.000000      92.475708     279.464249       0.947384       0.541231
        3.462783       4.344033       0.600417       0.000000      91.893555     278.633772       0.947368       0.541086
        3.495146       4.344033       0.600417       0.000000      91.317749     277.811399       0.947356       0.540984
        3.527508       4.344033       0.600417       0.000000      90.744995     277.000593       0.947343       0.540866
        3.559871       4.344033       0.600417       0.000000      90.178345     276.200398       0.947330       0.540757
        3.592233       4.344033       0.600417       0.000000      89.613892     275.406704       0.947317       0.540642
        3.624596       4.344033       0.600417       0.000000      89.055786     274.622737       0.947304       0.540530
        3.656958       4.344033       0.600417       0.000000      88.502075     273.842746       0.947292       0.540424
        3.689321       4.344033       0.600417       0.000000      87.952393     273.076340       0.947280       0.540316
        3.721683       4.344033       0.600417       0.000000      87.407715     272.314496       0.947268       0.540215
        3.754045       4.344033       0.600417       0.000000      86.866333     271.564973       0.947255       0.540106
        3.786408       4.344033       0.600417       0.000000      86.328857     270.819848       0.947244       0.540007
        3.818770       4.344033       0.600417       0.000000      85.794434     270.080555       0.947233       0.539908
        3.851133       4.344033       0.600417       0.000000      85.264282     269.350338       0.947220       0.539800
        3.883495       4.344033       0.600417       0.000000      84.736206     268.626286       0.947208       0.539690
        3.915858       4.344033       0.600417       0.000000      84.232300     267.915554       0.947197       0.539594
        3.948220       4.344033       0.600417       0.000000      83.746582     267.210651       0.947186       0.539503
        3.980583       4.344033       0.600417       0.000000      83.274536     266.509387       0.947175       0.539406
        4.012945       4.344033       0.600417       0.000000      82.805664     265.819371       0.947161       0.539286
        4.045308       4.344033       0.600417       0.000000      82.348511     265.133288       0.947152       0.539200
        4.077670       4.344033       0.600417       0.000000      81.898438     264.458223       0.947142       0.539113
        4.110032       4.344033       0.600417       0.000000      81.454346     263.783164       0.947130       0.539012
        4.142395       4.344033       0.600417       0.000000      81.018188     263.115137       0.947119       0.538916
        4.174757       4.344033       0.600417       0.000000      80.585938     262.456046       0.947107       0.538813
        4.207120       4.344033       0.600417       0.000000      80.154663     261.801584       0.947094       0.538694
        4.239482       4.344033       0.600417       0.000000      79.735840     261.153444       0.947086       0.538630
        4.271845       4.344033       0.600417       0.000000      79.320312     260.509175       0.947076       0.538541
        4.304207       4.344033       0.600417       0.000000      78.906616     259.868858       0.947064       0.538437
        4.336570       4.344033       0.600417       0.000000      78.499146     259.232543       0.947053       0.538340
        4.368932       4.344033       0.600417       0.000000      78.099854     258.604127       0.947047       0.538287
        4.401295       4.344033       0.600417       0.000000      77.697510     257.981182       0.947033       0.538162
        4.433657       4.344033       0.600417       0.000000      77.300537     257.360522       0.947023       0.538080
        4.466020       4.344033       0.600417       0.000000      76.910034     256.745114       0.947013       0.537993
        4.498382       4.344033       0.600417       0.000000      76.519287     256.136814       0.947001       0.537890
        4.530744       4.344033       0.600417       0.000000      76.139282     255.524983       0.946996       0.537842
        4.563107       4.344033       0.600417       0.000000      75.756958     254.928143       0.946985       0.537745
        4.595469       4.344033       0.600417       0.000000      75.380859     254.330812       0.946973       0.537643
        4.627832       4.344033       0.600417       0.000000      75.006348     253.736366       0.946965       0.537577
        4.660194       4.344033       0.600417       0.000000      74.632568     253.148621       0.946954       0.537473
        4.692557       4.344033       0.600417       0.000000      74.263184     252.564104       0.946944       0.537390
        4.724919       4.344033       0.600417       0.000000      73.899292     251.982225       0.946936       0.537320
        4.757281       4.344033       0.600417       0.000000      73.538330     251.400836       0.946925       0.537222
        4.789644       4.344033       0.600417       0.000000      73.178223     250.834267       0.946915       0.537141
        4.822007       4.344033       0.600417       0.000000      72.819946     250.265843       0.946906       0.537056
        4.854369       4.344033       0.600417       0.000000      72.462036     249.698036       0.946893       0.536946
        4.886732       4.344033       0.600417       0.000000      72.115479     249.134795       0.946888       0.536903
        4.919094       4.344033       0.600417       0.000000      71.766113     248.574586       0.946879       0.536823
        4.951456       4.344033       0.600417       0.000000      71.418579     248.022401       0.946870       0.536743
        4.983819       4.344033       0.600417       0.000000      71.073975     247.471159       0.946861       0.536667
        5.016181       4.344033       0.600417       0.000000      70.733276     246.922093       0.946852       0.536588
        5.048544       4.344033       0.600417       0.000000      70.398438     246.379652       0.946848       0.536551
        5.080906       4.344033       0.600417       0.000000      70.056152     245.840669       0.946834       0.536431
        5.113269       4.344033       0.600417       0.000000      69.721191     245.300289       0.946825       0.536352
        5.145631       4.344033       0.600417       0.000000      69.385742     244.771295       0.946814       0.536253
        5.177993       4.344033       0.600417       0.000000      69.060791     244.233622       0.946808       0.536207
        5.210356       4.344033       0.600417       0.000000      68.735107     243.709666       0.946805       0.536175
        5.242719       4.344033       0.600417       0.000000      68.406128     243.185801       0.946792       0.536063
        5.275081       4.344033       0.600417       0.000000      68.085205     242.664207       0.946783       0.535988
        5.307444       4.344033       0.600417       0.000000      67.761230     242.148625       0.946775       0.535921
        5.339806       4.344033       0.600417       0.000000      67.485352     241.629819       0.946769       0.535866
        5.372168       4.344033       0.600417       0.000000      67.248413     241.123532       0.946759       0.535773
        5.404531       4.344033       0.600417       0.000000      67.035767     240.620522       0.946747       0.535669
        5.436893       4.344033       0.600417       0.000000      66.842773     240.117392       0.946741       0.535623
        5.469256       4.344033       0.600417       0.000000      66.658081     239.624351       0.946728       0.535508
        5.501618       4.344033       0.600417       0.000000      66.487915     239.123666       0.946726       0.535488
        5.533981       4.344033       0.600417       0.000000      66.325317     238.636851       0.946716       0.535401
        5.566343       4.344033       0.600417       0.000000      66.171021     238.146375       0.946714       0.535385
        5.598706       4.344033       0.600417       0.000000      66.020020     237.665387       0.946700       0.535265
        5.631068       4.344033       0.600417       0.000000      65.874023     237.182207       0.946686       0.535144
        5.663431       4.344033       0.600417       0.000000      65.724731     236.721880       0.946683       0.535117
        5.695793       4.344033       0.600417       0.000000      65.566284     236.289822       0.946675       0.535048
        5.728156       4.344033       0.600417       0.000000      65.407959     235.858828       0.946667       0.534979
        5.760518       4.344033       0.600417       0.000000      65.249023     235.443848       0.946659       0.534906
        5.792880       4.344033       0.600417       0.000000      65.094604     235.036868       0.946658       0.534897
        5.825243       4.344033       0.600417       0.000000      64.940918     234.625089       0.946644       0.534777
        5.857605       4.344033       0.600417       0.000000      64.790894     234.240559       0.946637       0.534715
        5.889968       4.344033       0.600417       0.000000      64.640625     233.845064       0.946634       0.534684
        5.922330       4.344033       0.600417       0.000000      64.495972     233.446431       0.946622       0.534581
        5.954693       4.344033       0.600417       0.000000      64.351685     233.059167       0.946613       0.534502
        5.987055       4.344033       0.600417       0.000000      64.209351     232.679950       0.946606       0.534444
        6.019418       4.344033       0.600417       0.000000      64.069702     232.307309       0.946599       0.534378
        6.051780       4.344033       0.600417       0.000000      63.932983     231.923526       0.946592       0.534319
        6.084143       4.344033       0.600417       0.000000      63.798218     231.553816       0.946581       0.534229
        6.116505       4.344033       0.600417       0.000000      63.665405     231.188019       0.946580       0.534215
        6.148868       4.344033       0.600417       0.000000      63.534180     230.817338       0.946576       0.534179
        6.181230       4.344033       0.600417       0.000000      63.410400     230.444340       0.946555       0.533999
        6.213592       4.344033       0.600417       0.000000      63.280029     230.089577       0.946555       0.533995
        6.245955       4.344033       0.600417       0.000000      63.159424     229.733637       0.946541       0.533873
        6.278317       4.344033       0.600417       0.000000      63.036377     229.376393       0.946540       0.533867
        6.310680       4.344033       0.600417       0.000000      62.913086     229.026274       0.946534       0.533813
        6.343042       4.344033       0.600417       0.000000      62.794800     228.668334       0.946526       0.533750
        6.375405       4.344033       0.600417       0.000000      62.678467     228.333497       0.946520       0.533692
        6.407767       4.344033       0.600417       0.000000      62.563354     227.986799       0.946513       0.533628
        6.440130       4.344033       0.600417       0.000000      62.450073     227.635123       0.946505       0.533562
        6.472492       4.344033       0.600417       0.000000      62.336548     227.303815       0.946498       0.533504
        6.504855       4.344033       0.600417       0.000000      62.230225     226.954699       0.946490       0.533435
        6.537217       4.344033       0.600417       0.000000      62.152344     226.633810       0.946487       0.533403
        6.569580       4.344033       0.600417       0.000000      62.092529     226.302578       0.946476       0.533308
        6.601942       4.344033       0.600417       0.000000      62.039917     225.972006       0.946474       0.533291
        6.634304       4.344033       0.600417       0.000000      61.993774     225.667320       0.946464       0.533209
        6.666667       4.344033       0.600417       0.000000      61.950562     225.341583       0.946465       0.533214
        6.699029       4.344033       0.600417       0.000000      61.916626     225.040877       0.946458       0.533153
        6.731392       4.344033       0.600417       0.000000      61.891357     224.715164       0.946445       0.533036
        6.763754       4.344033       0.600417       0.000000      61.862793     224.410009       0.946437       0.532971
        6.796117       4.344033       0.600417       0.000000      61.839966     224.106418       0.946431       0.532914
        6.828479       4.344033       0.600417       0.000000      61.817627     223.801885       0.946424       0.532854
        6.860841       4.344033       0.600417       0.000000      61.798096     223.504450       0.946419       0.532816
        6.893204       4.344033       0.600417       0.000000      61.778809     223.199096       0.946420       0.532825
        6.925566       4.344033       0.600417       0.000000      61.765381     222.907408       0.946405       0.532693
        6.957929       4.344033       0.600417       0.000000      61.754272     222.607846       0.946399       0.532636
        6.990291       4.344033       0.600417       0.000000      61.744507     222.323144       0.946392       0.532579
        7.022654       4.344033       0.600417       0.000000      61.733154     222.024317       0.946385       0.532514
        7.055017       4.344033       0.600417       0.000000      61.734985     221.729442       0.946369       0.532378
        7.087379       4.344033       0.600417       0.000000      61.726318     221.445122       0.946369       0.532374
        7.119742       4.344033       0.600417       0.000000      61.720459     221.161992       0.946367       0.532360
        7.152104       4.344033       0.600417       0.000000      61.716064     220.878704       0.946360       0.532299
        7.184466       4.344033       0.600417       0.000000      61.716431     220.597205       0.946354       0.532249
        7.216829       4.344033       0.600417       0.000000      61.707886     220.304805       0.946358       0.532279
        7.249191       4.344033       0.600417       0.000000      61.716187     220.026944       0.946341       0.532137
        7.281554       4.344033       0.600417       0.000000      61.715454     219.752601       0.946335       0.532084
        7.313916       4.344033       0.600417       0.000000      61.721191     219.480150       0.946330       0.532037
        7.346279       4.344033       0.600417       0.000000      61.731323     219.199954       0.946317       0.531920
        7.378641       4.344033       0.600417       0.000000      61.725098     218.915919       0.946320       0.531946
        7.411003       4.344033       0.600417       0.000000      61.737793     218.652153       0.946310       0.531859
        7.443366       4.344033       0.600417       0.000000      61.742432     218.380238       0.946304       0.531812
        7.475728       4.344033       0.600417       0.000000      61.753052     218.114213       0.946296       0.531740
        7.508091       4.344033       0.600417       0.000000      61.763428     217.832430       0.946284       0.531639
        7.540453       4.344033       0.600417       0.000000      61.768311     217.576388       0.946287       0.531658
        7.572816       4.344033       0.600417       0.000000      61.775757     217.301263       0.946281       0.531610
        7.605178       4.344033       0.600417       0.000000      61.790283     217.035010       0.946269       0.531507
        7.637540       4.344033       0.600417       0.000000      61.800293     216.778750       0.946270       0.531509
        7.669903       4.344033       0.600417       0.000000      61.806641     216.509875       0.946266       0.531476
        7.702265       4.344033       0.600417       0.000000      61.815430     216.253766       0.946270       0.531516
        7.734628       4.344033       0.600417       0.000000      61.827026     215.995667       0.946263       0.531454
        7.766990       4.344033       0.600417       0.000000      61.851929     215.715909       0.946246       0.531301
