794.328 10.375 1.990 7.291e+00 1.991e-02 1.432e+00 2.832e-01
732.825 10.477 1.999 7.826e+00 2.078e-02 1.386e+00 2.816e-01
676.083 10.579 2.006 8.435e+00 2.173e-02 1.340e+00 2.799e-01
623.735 10.681 2.012 9.129e+00 2.276e-02 1.292e+00 2.780e-01
575.440 10.783 2.017 9.918e+00 2.385e-02 1.245e+00 2.761e-01
530.884 10.885 2.020 1.081e+01 2.502e-02 1.198e+00 2.740e-01
489.779 10.987 2.022 1.183e+01 2.627e-02 1.151e+00 2.717e-01
451.856 11.087 2.023 1.298e+01 2.761e-02 1.104e+00 2.693e-01
416.869 11.187 2.022 1.430e+01 2.902e-02 1.057e+00 2.668e-01
384.592 11.286 2.020 1.580e+01 3.052e-02 1.012e+00 2.642e-01
354.813 11.383 2.017 1.752e+01 3.213e-02 9.663e-01 2.615e-01
327.341 11.478 2.011 1.950e+01 3.384e-02 9.211e-01 2.586e-01
301.995 11.572 2.004 2.176e+01 3.564e-02 8.774e-01 2.557e-01
278.612 11.664 1.996 2.436e+01 3.755e-02 8.346e-01 2.526e-01
257.040 11.753 1.986 2.736e+01 3.958e-02 7.921e-01 2.494e-01
237.137 11.840 1.974 3.083e+01 4.172e-02 7.511e-01 2.461e-01
218.776 11.924 1.960 3.485e+01 4.397e-02 7.110e-01 2.427e-01
201.837 12.005 1.945 3.950e+01 4.635e-02 6.720e-01 2.391e-01
186.209 12.083 1.928 4.492e+01 4.885e-02 6.345e-01 2.355e-01
171.791 12.157 1.910 5.124e+01 5.148e-02 5.979e-01 2.318e-01
158.489 12.228 1.889 5.862e+01 5.422e-02 5.633e-01 2.280e-01
146.218 12.295 1.867 6.727e+01 5.709e-02 5.301e-01 2.241e-01
134.896 12.357 1.843 7.744e+01 6.010e-02 4.979e-01 2.202e-01
124.451 12.415 1.818 8.943e+01 6.322e-02 4.677e-01 2.161e-01
114.815 12.468 1.790 1.036e+02 6.648e-02 4.390e-01 2.119e-01
105.925 12.516 1.761 1.205e+02 6.985e-02 4.122e-01 2.077e-01
97.724 12.558 1.730 1.406e+02 7.336e-02 3.868e-01 2.034e-01
90.157 12.595 1.697 1.648e+02 7.697e-02 3.637e-01 1.989e-01
83.176 12.627 1.663 1.939e+02 8.067e-02 3.434e-01 1.944e-01
76.736 12.651 1.626 2.293e+02 8.453e-02 3.238e-01 1.897e-01
70.795 12.670 1.588 2.725e+02 8.844e-02 3.073e-01 1.849e-01
65.313 12.682 1.547 3.255e+02 9.245e-02 2.928e-01 1.801e-01
60.256 12.688 1.505 3.912e+02 9.652e-02 2.811e-01 1.751e-01
55.590 12.687 1.461 4.732e+02 1.007e-01 2.716e-01 1.700e-01
51.286 12.679 1.415 5.767e+02 1.049e-01 2.644e-01 1.647e-01
47.315 12.665 1.367 7.081e+02 1.091e-01 2.596e-01 1.593e-01
43.652 12.645 1.319 8.749e+02 1.133e-01 2.567e-01 1.539e-01
40.272 12.621 1.269 1.088e+03 1.175e-01 2.565e-01 1.484e-01
37.154 12.592 1.219 1.361e+03 1.216e-01 2.581e-01 1.429e-01
34.277 12.558 1.169 1.715e+03 1.257e-01 2.609e-01 1.374e-01
31.623 12.523 1.118 2.174e+03 1.297e-01 2.664e-01 1.318e-01
29.174 12.486 1.069 2.768e+03 1.336e-01 2.725e-01 1.263e-01
26.915 12.449 1.020 3.531e+03 1.373e-01 2.795e-01 1.210e-01
24.831 12.412 0.974 4.514e+03 1.408e-01 2.869e-01 1.158e-01
22.909 12.376 0.928 5.779e+03 1.442e-01 2.950e-01 1.107e-01
21.135 12.341 0.885 7.408e+03 1.475e-01 3.034e-01 1.058e-01
19.498 12.308 0.843 9.506e+03 1.506e-01 3.121e-01 1.011e-01
17.989 12.278 0.803 1.220e+04 1.534e-01 3.214e-01 9.653e-02
16.596 12.249 0.765 1.568e+04 1.562e-01 3.298e-01 9.215e-02
15.311 12.224 0.728 2.013e+04 1.588e-01 3.385e-01 8.794e-02
14.125 12.202 0.694 2.584e+04 1.613e-01 3.466e-01 8.392e-02
13.032 12.184 0.661 3.314e+04 1.637e-01 3.543e-01 8.008e-02
12.023 12.169 0.630 4.245e+04 1.661e-01 3.608e-01 7.644e-02
11.092 12.159 0.601 5.427e+04 1.684e-01 3.670e-01 7.297e-02
10.233 12.153 0.574 6.921e+04 1.707e-01 3.720e-01 6.969e-02
9.441 12.151 0.548 8.802e+04 1.729e-01 3.758e-01 6.659e-02
8.710 12.153 0.524 1.116e+05 1.752e-01 3.783e-01 6.368e-02
8.035 12.159 0.502 1.408e+05 1.776e-01 3.795e-01 6.094e-02
7.413 12.169 0.481 1.770e+05 1.800e-01 3.794e-01 5.838e-02
6.839 12.183 0.462 2.213e+05 1.824e-01 3.783e-01 5.597e-02
6.310 12.200 0.444 2.753e+05 1.849e-01 3.758e-01 5.373e-02
5.821 12.220 0.428 3.405e+05 1.875e-01 3.723e-01 5.164e-02
5.370 12.242 0.412 4.186e+05 1.901e-01 3.677e-01 4.969e-02
4.955 12.266 0.398 5.115e+05 1.928e-01 3.624e-01 4.787e-02
4.571 12.290 0.384 6.212e+05 1.955e-01 3.559e-01 4.617e-02
4.217 12.315 0.372 7.500e+05 1.982e-01 3.494e-01 4.459e-02
3.890 12.340 0.360 9.006e+05 2.008e-01 3.429e-01 4.310e-02
3.589 12.364 0.349 1.076e+06 2.034e-01 3.366e-01 4.169e-02
3.311 12.385 0.339 1.281e+06 2.059e-01 3.301e-01 4.036e-02
3.055 12.404 0.328 1.521e+06 2.082e-01 3.246e-01 3.909e-02
2.818 12.420 0.319 1.804e+06 2.103e-01 3.202e-01 3.785e-02
2.600 12.431 0.309 2.140e+06 2.123e-01 3.165e-01 3.665e-02
2.399 12.439 0.299 2.545e+06 2.138e-01 3.151e-01 3.545e-02
2.213 12.441 0.289 3.037e+06 2.151e-01 3.150e-01 3.426e-02
2.042 12.438 0.279 3.644e+06 2.160e-01 3.169e-01 3.307e-02
1.884 12.430 0.268 4.399e+06 2.166e-01 3.210e-01 3.186e-02
1.738 12.418 0.258 5.344e+06 2.167e-01 3.277e-01 3.064e-02
1.603 12.401 0.247 6.533e+06 2.164e-01 3.362e-01 2.943e-02
1.479 12.381 0.237 8.031e+06 2.156e-01 3.471e-01 2.822e-02
1.365 12.358 0.226 9.928e+06 2.144e-01 3.603e-01 2.702e-02
1.259 12.332 0.216 1.233e+07 2.128e-01 3.754e-01 2.583e-02
1.161 12.304 0.206 1.540e+07 2.108e-01 3.924e-01 2.466e-02
1.072 12.276 0.196 1.931e+07 2.083e-01 4.120e-01 2.352e-02
0.989 12.247 0.186 2.431e+07 2.054e-01 4.332e-01 2.239e-02
0.912 12.219 0.176 3.073e+07 2.021e-01 4.566e-01 2.130e-02
0.841 12.192 0.167 3.896e+07 1.985e-01 4.819e-01 2.024e-02
0.776 12.166 0.158 4.956e+07 1.946e-01 5.085e-01 1.921e-02
0.716 12.143 0.150 6.321e+07 1.904e-01 5.369e-01 1.822e-02
0.661 12.124 0.142 8.083e+07 1.858e-01 5.672e-01 1.726e-02
0.610 12.108 0.134 1.036e+08 1.810e-01 5.985e-01 1.634e-02
0.562 12.097 0.127 1.330e+08 1.760e-01 6.311e-01 1.546e-02
0.519 12.092 0.120 1.712e+08 1.708e-01 6.651e-01 1.461e-02
0.479 12.092 0.113 2.206e+08 1.656e-01 6.995e-01 1.380e-02
0.442 12.099 0.107 2.848e+08 1.602e-01 7.347e-01 1.303e-02
0.407 12.114 0.101 3.682e+08 1.548e-01 7.706e-01 1.229e-02
0.376 12.137 0.095 4.767e+08 1.494e-01 8.065e-01 1.159e-02
0.347 12.169 0.090 6.182e+08 1.441e-01 8.423e-01 1.092e-02
0.320 12.210 0.085 8.028e+08 1.389e-01 8.774e-01 1.029e-02
0.295 12.263 0.081 1.044e+09 1.338e-01 9.120e-01 9.691e-03
0.272 12.326 0.076 1.358e+09 1.290e-01 9.450e-01 9.127e-03
0.251 12.402 0.072 1.769e+09 1.245e-01 9.765e-01 8.596e-03
0.232 12.490 0.069 2.303e+09 1.204e-01 1.006e+00 8.099e-03
0.214 12.591 0.065 3.000e+09 1.166e-01 1.033e+00 7.633e-03
0.197 12.706 0.062 3.907e+09 1.133e-01 1.057e+00 7.198e-03
0.182 12.834 0.059 5.088e+09 1.104e-01 1.077e+00 6.793e-03
0.168 12.977 0.056 6.626e+09 1.080e-01 1.095e+00 6.416e-03
0.155 13.135 0.054 8.626e+09 1.062e-01 1.109e+00 6.065e-03
0.143 13.307 0.052 1.122e+10 1.049e-01 1.118e+00 5.741e-03
0.132 13.495 0.050 1.458e+10 1.043e-01 1.124e+00 5.441e-03
0.122 13.697 0.048 1.891e+10 1.042e-01 1.125e+00 5.165e-03
0.112 13.914 0.046 2.444e+10 1.048e-01 1.121e+00 4.912e-03
0.104 14.146 0.045 3.146e+10 1.061e-01 1.113e+00 4.681e-03
0.095 14.390 0.044 4.025e+10 1.080e-01 1.100e+00 4.472e-03
0.088 14.647 0.043 5.114e+10 1.105e-01 1.083e+00 4.283e-03
0.081 14.913 0.042 6.435e+10 1.138e-01 1.062e+00 4.114e-03
0.075 15.188 0.041 8.010e+10 1.176e-01 1.037e+00 3.964e-03
0.069 15.469 0.040 9.842e+10 1.219e-01 1.008e+00 3.832e-03
0.064 15.751 0.040 1.192e+11 1.268e-01 9.772e-01 3.717e-03
0.059 16.032 0.039 1.420e+11 1.320e-01 9.441e-01 3.618e-03
0.054 16.309 0.039 1.665e+11 1.375e-01 9.098e-01 3.533e-03
0.050 16.580 0.039 1.924e+11 1.432e-01 8.749e-01 3.460e-03
0.046 16.843 0.039 2.191e+11 1.490e-01 8.396e-01 3.399e-03
0.043 17.098 0.039 2.464e+11 1.550e-01 8.044e-01 3.346e-03
0.039 17.346 0.039 2.741e+11 1.610e-01 7.695e-01 3.300e-03
0.036 17.585 0.039 3.019e+11 1.670e-01 7.349e-01 3.261e-03
0.033 17.817 0.039 3.300e+11 1.731e-01 7.009e-01 3.227e-03
0.031 18.042 0.039 3.581e+11 1.792e-01 6.673e-01 3.196e-03
0.029 18.260 0.039 3.864e+11 1.853e-01 6.341e-01 3.169e-03
0.026 18.473 0.039 4.150e+11 1.915e-01 6.015e-01 3.145e-03
0.024 18.680 0.040 4.439e+11 1.977e-01 5.692e-01 3.123e-03
0.022 18.883 0.040 4.734e+11 2.039e-01 5.373e-01 3.102e-03
0.021 19.080 0.040 5.036e+11 2.102e-01 5.056e-01 3.082e-03
0.019 19.274 0.040 5.346e+11 2.165e-01 4.742e-01 3.064e-03
0.018 19.464 0.040 5.669e+11 2.229e-01 4.431e-01 3.046e-03
0.016 19.651 0.040 6.006e+11 2.295e-01 4.121e-01 3.028e-03
0.015 19.834 0.040 6.359e+11 2.360e-01 3.812e-01 3.011e-03
0.014 20.014 0.041 6.733e+11 2.427e-01 3.505e-01 2.993e-03
0.013 20.191 0.041 7.130e+11 2.495e-01 3.198e-01 2.976e-03
0.012 20.364 0.041 7.557e+11 2.565e-01 2.891e-01 2.957e-03
0.011 20.535 0.041 8.014e+11 2.635e-01 2.586e-01 2.939e-03
