        0.065789       0.996956       0.003037       0.003037       0.000000       0.000000       0.000000       0.000000       0.000000       0.000000       0.000000
        0.131579       0.992058       0.007948       0.007948       0.000000       0.000000       0.000000       0.000000       0.000000       0.000000       0.000000
        0.197368       0.986595       0.013401       0.013401       0.000000       0.000000       0.000000       0.000000       0.000000       0.000000       0.000000
        0.263158       0.981178       0.018821       0.018821       0.000000       0.000000       0.000000       0.000000       0.000000       0.000000       0.000000
        0.328947       0.976067       0.023935       0.023935       0.000000       0.000000       0.000000       0.000000       0.000000       0.000000       0.000000
        0.394737       0.971367       0.028627       0.028627       0.000000       0.000000       0.000000       0.000000       0.000000       0.000000       0.000000
        0.460526       0.967125       0.032869       0.032869       0.000000       0.000000       0.000000       0.000000       0.000000       0.000000       0.000000
        0.526316       0.963326       0.036677       0.036677       0.000000       0.000000       0.000000       0.000000       0.000000       0.000000       0.000000
        0.592105       0.959908       0.040085       0.040085       0.000000       0.000000       0.000000       0.000000       0.000000       0.000000       0.000000
        0.657895       0.956856       0.043139       0.043139       0.000000       0.000000       0.000000       0.000000       0.000000       0.000000       0.000000
        0.723684       0.954109       0.045887       0.045887       0.000000       0.000000       0.000000       0.000000       0.000000       0.000000       0.000000
        0.789474       0.950996       0.049000       0.048133       0.000868       0.000000       0.000000       0.000000       0.000000       0.000000       0.000000
        0.855263       0.947533       0.052469       0.049905       0.002564       0.000000       0.000000       0.000000       0.000000       0.000000       0.000000
        0.921053       0.944145       0.055862       0.051409       0.004454       0.000000       0.000000       0.000000       0.000000       0.000000       0.000000
        0.986842       0.940895       0.059107       0.052722       0.006384       0.000000       0.000000       0.000000       0.000000       0.000000       0.000000
        1.052632       0.937813       0.062182       0.053892       0.008290       0.000000       0.000000       0.000000       0.000000       0.000000       0.000000
        1.118421       0.934898       0.065098       0.054955       0.010143       0.000000       0.000000       0.000000       0.000000       0.000000       0.000000
        1.184211       0.932137       0.067868       0.055935       0.011934       0.000000       0.000000       0.000000       0.000000       0.000000       0.000000
        1.250000       0.929497       0.070503       0.056846       0.013657       0.000000       0.000000       0.000000       0.000000       0.000000       0.000000
        1.315789       0.926979       0.073017       0.057703       0.015314       0.000000       0.000000       0.000000       0.000000       0.000000       0.000000
        1.381579       0.924568       0.075424       0.058517       0.016907       0.000000       0.000000       0.000000       0.000000       0.000000       0.000000
        1.447368       0.922264       0.077734       0.059295       0.018440       0.000000       0.000000       0.000000       0.000000       0.000000       0.000000
        1.513158       0.920052       0.079954       0.060039       0.019915       0.000000       0.000000       0.000000       0.000000       0.000000       0.000000
        1.578947       0.917915       0.082086       0.060754       0.021333       0.000000       0.000000       0.000000       0.000000       0.000000       0.000000
        1.644737       0.915855       0.084137       0.061440       0.022697       0.000000       0.000000       0.000000       0.000000       0.000000       0.000000
        1.710526       0.913887       0.086113       0.062102       0.024012       0.000000       0.000000       0.000000       0.000000       0.000000       0.000000
        1.776316       0.911980       0.088012       0.062737       0.025276       0.000000       0.000000       0.000000       0.000000       0.000000       0.000000
        1.842105       0.910164       0.089841       0.063349       0.026493       0.000000       0.000000       0.000000       0.000000       0.000000       0.000000
        1.907895       0.908409       0.091597       0.063934       0.027662       0.000000       0.000000       0.000000       0.000000       0.000000       0.000000
        1.973684       0.906715       0.093280       0.064493       0.028786       0.000000       0.000000       0.000000       0.000000       0.000000       0.000000
        2.039474       0.905098       0.094895       0.065029       0.029866       0.000000       0.000000       0.000000       0.000000       0.000000       0.000000
        2.105263       0.903557       0.096446       0.065541       0.030905       0.000000       0.000000       0.000000       0.000000       0.000000       0.000000
        2.171053       0.899193       0.097386       0.065724       0.031663       0.003412       0.000000       0.000000       0.000000       0.000000       0.000000
        2.236842       0.888649       0.097104       0.065237       0.031868       0.014252       0.000000       0.000000       0.000000       0.000000       0.000000
        2.302632       0.876717       0.096534       0.064606       0.031930       0.026755       0.000000       0.000000       0.000000       0.000000       0.000000
        2.368421       0.864220       0.095838       0.063919       0.031920       0.039934       0.000000       0.000000       0.000000       0.000000       0.000000
        2.434211       0.851524       0.095079       0.063211       0.031868       0.053402       0.000000       0.000000       0.000000       0.000000       0.000000
        2.500000       0.838737       0.094289       0.062500       0.031788       0.066963       0.000000       0.000000       0.000000       0.000000       0.000000
        2.565789       0.825035       0.094561       0.061158       0.031182       0.078185       0.000000       0.000000       0.000000       0.000000       0.002223
        2.631579       0.810188       0.096341       0.058958       0.029866       0.085944       0.000000       0.000000       0.000000       0.000000       0.007516
        2.697368       0.795570       0.098269       0.056726       0.028506       0.093131       0.000000       0.000000       0.000000       0.000000       0.013033
        2.763158       0.781288       0.100217       0.054537       0.027161       0.099992       0.000000       0.000000       0.000000       0.000000       0.018521
        2.828947       0.767326       0.102154       0.052408       0.025849       0.106632       0.000000       0.000000       0.000000       0.000000       0.023900
        2.894737       0.753731       0.104055       0.050350       0.024577       0.113086       0.000000       0.000000       0.000000       0.000000       0.029131
        2.960526       0.740517       0.105914       0.048366       0.023351       0.119383       0.000000       0.000000       0.000000       0.000000       0.034205
        3.026316       0.727623       0.107733       0.046452       0.022169       0.125553       0.000000       0.000000       0.000000       0.000000       0.039106
        3.092105       0.714989       0.109523       0.044599       0.021022       0.131575       0.000000       0.000000       0.000160       0.000000       0.043746
        3.157895       0.701988       0.111542       0.042692       0.019826       0.137469       0.000000       0.000000       0.001603       0.000000       0.047427
        3.223684       0.689110       0.113573       0.040820       0.018648       0.143229       0.000000       0.000000       0.003425       0.000000       0.050671
        3.289474       0.676506       0.115564       0.039006       0.017509       0.148884       0.000000       0.000000       0.005366       0.000000       0.053674
        3.355263       0.664207       0.117501       0.037255       0.016413       0.154444       0.000000       0.000000       0.007326       0.000000       0.056496
        3.421053       0.652229       0.119385       0.035569       0.015362       0.159937       0.000000       0.000000       0.009258       0.000000       0.059198
        3.486842       0.640587       0.121203       0.033949       0.014357       0.165328       0.000000       0.000000       0.011126       0.000000       0.061760
        3.552631       0.629280       0.122952       0.032395       0.013399       0.170630       0.000000       0.000000       0.012922       0.000000       0.064242
        3.618421       0.618279       0.124638       0.030903       0.012485       0.175848       0.000000       0.000000       0.014621       0.000000       0.066630
        3.684211       0.607582       0.126260       0.029474       0.011616       0.180984       0.000000       0.000000       0.016225       0.000000       0.068945
        3.750000       0.597206       0.127829       0.028104       0.010791       0.186052       0.000000       0.000000       0.017734       0.000000       0.071203
        3.815789       0.587090       0.129337       0.026793       0.010006       0.191046       0.000000       0.000000       0.019135       0.000000       0.073398
        3.881579       0.577278       0.130784       0.025538       0.009263       0.195946       0.000000       0.000000       0.020438       0.000000       0.075546
        3.947368       0.567741       0.132182       0.024337       0.008558       0.200772       0.000000       0.000000       0.021638       0.000000       0.077639
        4.013158       0.558495       0.133530       0.023190       0.007892       0.205522       0.000000       0.000000       0.022751       0.000000       0.079702
        4.078948       0.549477       0.134832       0.022091       0.007262       0.210215       0.000000       0.000000       0.023764       0.000000       0.081724
        4.144737       0.540718       0.136086       0.021040       0.006667       0.214810       0.000000       0.000000       0.024678       0.000000       0.083697
        4.210526       0.532204       0.137303       0.020036       0.006105       0.219354       0.000000       0.000000       0.025511       0.000000       0.085647
        4.276316       0.523888       0.138467       0.019076       0.005575       0.223821       0.000000       0.000000       0.026256       0.000000       0.087578
        4.342105       0.515816       0.139599       0.018158       0.005077       0.228214       0.000000       0.000000       0.026918       0.000000       0.089457
        4.407895       0.507957       0.140695       0.017280       0.004607       0.232525       0.000000       0.000000       0.027493       0.000000       0.091300
        4.473684       0.500298       0.141758       0.016442       0.004166       0.236804       0.000000       0.000000       0.028012       0.000000       0.093154
        4.539474       0.492836       0.142784       0.015640       0.003752       0.240976       0.000000       0.000000       0.028440       0.000000       0.094939
        4.605263       0.485558       0.143776       0.014874       0.003365       0.245106       0.000000       0.000000       0.028818       0.000000       0.096735
        4.671053       0.478493       0.144748       0.014143       0.003003       0.249154       0.000000       0.000000       0.029128       0.000000       0.098487
        4.736842       0.471581       0.145700       0.013442       0.002664       0.253168       0.000000       0.000000       0.029371       0.000000       0.100216
        4.802631       0.464836       0.146602       0.012775       0.002349       0.257069       0.000000       0.000000       0.029560       0.000000       0.101910
        4.868421       0.458260       0.147492       0.012136       0.002056       0.260942       0.000000       0.000000       0.029702       0.000000       0.103614
        4.934211       0.451851       0.148359       0.011526       0.001784       0.264725       0.000000       0.000000       0.029784       0.000000       0.105261
        5.000000       0.445610       0.149211       0.010943       0.001533       0.268467       0.000000       0.000000       0.029830       0.000000       0.106907
        5.065790       0.439476       0.150024       0.010387       0.001302       0.272132       0.000000       0.000000       0.029824       0.000000       0.108521
        5.131579       0.433495       0.150838       0.009854       0.001089       0.275779       0.000000       0.000000       0.029778       0.000000       0.110131
        5.197368       0.427666       0.151626       0.009346       0.000895       0.279334       0.000000       0.000000       0.029697       0.000000       0.111702
        5.263158       0.421959       0.152389       0.008861       0.000720       0.282812       0.000000       0.000000       0.029572       0.000000       0.113253
        5.328948       0.416405       0.153160       0.008397       0.000562       0.286261       0.000000       0.000000       0.029414       0.000000       0.114767
        5.394737       0.410942       0.153894       0.007954       0.000422       0.289649       0.000000       0.000000       0.029231       0.000000       0.116290
        5.460526       0.405602       0.154623       0.007531       0.000300       0.292996       0.000000       0.000000       0.029016       0.000000       0.117790
        5.526316       0.400368       0.155336       0.007127       0.000195       0.296275       0.000000       0.000000       0.028764       0.000000       0.119236
        5.592105       0.395256       0.156030       0.006742       0.000109       0.299497       0.000000       0.000000       0.028501       0.000000       0.120693
        5.657895       0.390282       0.156744       0.006373       0.000043       0.302677       0.000000       0.000000       0.028198       0.000000       0.122115
        5.723684       0.385353       0.157411       0.006021       0.000003       0.305803       0.000000       0.000000       0.027879       0.000000       0.123519
        5.789474       0.380577       0.158114       0.005684       0.000000       0.308897       0.000000       0.000000       0.027527       0.000000       0.124885
        5.855263       0.375847       0.158779       0.005363       0.000000       0.311941       0.000000       0.000000       0.027155       0.000000       0.126242
        5.921053       0.371239       0.159440       0.005057       0.000000       0.314929       0.000000       0.000000       0.026779       0.000000       0.127590
        5.986842       0.366737       0.160099       0.004766       0.000000       0.317875       0.000000       0.000000       0.026392       0.000000       0.128924
        6.052631       0.362297       0.160719       0.004490       0.000000       0.320748       0.000000       0.000000       0.025998       0.000000       0.130231
        6.118421       0.357964       0.161340       0.004227       0.000000       0.323568       0.000000       0.000000       0.025593       0.000000       0.131539
        6.184211       0.353722       0.161957       0.003977       0.000000       0.326346       0.000000       0.000000       0.025180       0.000000       0.132803
        6.250000       0.349525       0.162549       0.003739       0.000000       0.329091       0.000000       0.000000       0.024762       0.000000       0.134070
        6.315790       0.345421       0.163146       0.003512       0.000000       0.331785       0.000000       0.000000       0.024324       0.000000       0.135312
        6.381579       0.341438       0.163734       0.003299       0.000000       0.334412       0.000000       0.000000       0.023906       0.000000       0.136545
        6.447368       0.337486       0.164301       0.003095       0.000000       0.337002       0.000000       0.000000       0.023469       0.000000       0.137747
        6.513158       0.333611       0.164880       0.002900       0.000000       0.339580       0.000000       0.000000       0.023023       0.000000       0.138944
        6.578948       0.329826       0.165422       0.002718       0.000000       0.342056       0.000000       0.000000       0.022595       0.000000       0.140127
        6.644737       0.326073       0.165971       0.002542       0.000000       0.344526       0.000000       0.000000       0.022139       0.000000       0.141276
        6.710526       0.322441       0.166521       0.002378       0.000000       0.346941       0.000000       0.000000       0.021705       0.000000       0.142428
        6.776316       0.318794       0.167036       0.002221       0.000000       0.349324       0.000000       0.000000       0.021248       0.000000       0.143567
        6.842105       0.315300       0.167573       0.002073       0.000000       0.351647       0.000000       0.000000       0.020816       0.000000       0.144697
        6.907895       0.311790       0.168091       0.001932       0.000000       0.353973       0.000000       0.000000       0.020358       0.000000       0.145784
        6.973684       0.308372       0.168603       0.001799       0.000000       0.356229       0.000000       0.000000       0.019912       0.000000       0.146872
        7.039473       0.305046       0.169117       0.001674       0.000000       0.358440       0.000000       0.000000       0.019479       0.000000       0.147945
        7.105263       0.301704       0.169595       0.001556       0.000000       0.360629       0.000000       0.000000       0.019035       0.000000       0.149012
        7.171053       0.298485       0.170105       0.001444       0.000000       0.362763       0.000000       0.000000       0.018593       0.000000       0.150049
        7.236842       0.295265       0.170585       0.001338       0.000000       0.364904       0.000000       0.000000       0.018158       0.000000       0.151099
        7.302632       0.292137       0.171068       0.001239       0.000000       0.366948       0.000000       0.000000       0.017720       0.000000       0.152100
        7.368421       0.289024       0.171554       0.001144       0.000000       0.369039       0.000000       0.000000       0.017282       0.000000       0.153134
        7.434211       0.285988       0.172020       0.001057       0.000000       0.371022       0.000000       0.000000       0.016854       0.000000       0.154108
        7.500000       0.283012       0.172497       0.000974       0.000000       0.372995       0.000000       0.000000       0.016430       0.000000       0.155079
        7.565790       0.280037       0.172954       0.000896       0.000000       0.374951       0.000000       0.000000       0.015999       0.000000       0.156052
        7.631579       0.277153       0.173425       0.000822       0.000000       0.376876       0.000000       0.000000       0.015585       0.000000       0.157003
        7.697368       0.274269       0.173864       0.000754       0.000000       0.378755       0.000000       0.000000       0.015163       0.000000       0.157947
        7.763158       0.271523       0.174260       0.000692       0.000000       0.380466       0.000000       0.000000       0.014799       0.000232       0.158755
        7.828947       0.268944       0.174389       0.000643       0.000000       0.381644       0.000000       0.000000       0.014590       0.001300       0.159162
        7.894737       0.266518       0.174419       0.000601       0.000000       0.382540       0.000000       0.000000       0.014456       0.002643       0.159378
        7.960526       0.264137       0.174425       0.000561       0.000000       0.383411       0.000000       0.000000       0.014347       0.004196       0.159496
        8.026316       0.261864       0.174373       0.000526       0.000000       0.384102       0.000000       0.000000       0.014281       0.005833       0.159570
        8.092106       0.259605       0.174293       0.000493       0.000000       0.384757       0.000000       0.000000       0.014219       0.007577       0.159564
        8.157895       0.257454       0.174195       0.000463       0.000000       0.385293       0.000000       0.000000       0.014187       0.009348       0.159522
        8.223684       0.255287       0.174057       0.000435       0.000000       0.385819       0.000000       0.000000       0.014158       0.011200       0.159454
        8.289474       0.253197       0.173917       0.000409       0.000000       0.386295       0.000000       0.000000       0.014149       0.013076       0.159353
        8.355263       0.251152       0.173764       0.000384       0.000000       0.386714       0.000000       0.000000       0.014145       0.014983       0.159240
        8.421053       0.249168       0.173612       0.000361       0.000000       0.387071       0.000000       0.000000       0.014143       0.016901       0.159091
        8.486842       0.247200       0.173445       0.000339       0.000000       0.387454       0.000000       0.000000       0.014160       0.018855       0.158935
        8.552632       0.245247       0.173250       0.000319       0.000000       0.387785       0.000000       0.000000       0.014177       0.020815       0.158754
        8.618421       0.243370       0.173054       0.000300       0.000000       0.388052       0.000000       0.000000       0.014209       0.022742       0.158549
        8.684210       0.241508       0.172862       0.000282       0.000000       0.388299       0.000000       0.000000       0.014226       0.024712       0.158340
        8.750000       0.239662       0.172664       0.000265       0.000000       0.388587       0.000000       0.000000       0.014259       0.026712       0.158135
        8.815789       0.237877       0.172448       0.000249       0.000000       0.388796       0.000000       0.000000       0.014308       0.028654       0.157911
        8.881579       0.236107       0.172247       0.000234       0.000000       0.388998       0.000000       0.000000       0.014338       0.030629       0.157658
        8.947369       0.234352       0.172029       0.000219       0.000000       0.389202       0.000000       0.000000       0.014379       0.032610       0.157414
        9.013158       0.232643       0.171809       0.000206       0.000000       0.389386       0.000000       0.000000       0.014436       0.034561       0.157158
        9.078948       0.230995       0.171603       0.000193       0.000000       0.389507       0.000000       0.000000       0.014486       0.036490       0.156901
        9.144737       0.229301       0.171363       0.000181       0.000000       0.389659       0.000000       0.000000       0.014531       0.038464       0.156644
        9.210526       0.227699       0.171153       0.000170       0.000000       0.389782       0.000000       0.000000       0.014593       0.040381       0.156368
