851.138 10.289 1.982 6.883e+00 1.920e-02 1.471e+00 2.844e-01
809.096 10.352 1.988 7.178e+00 1.971e-02 1.442e+00 2.835e-01
769.130 10.416 1.994 7.497e+00 2.025e-02 1.414e+00 2.825e-01
731.139 10.480 1.999 7.842e+00 2.081e-02 1.385e+00 2.815e-01
695.024 10.544 2.004 8.217e+00 2.140e-02 1.356e+00 2.805e-01
660.693 10.608 2.008 8.624e+00 2.202e-02 1.326e+00 2.794e-01
628.058 10.672 2.012 9.066e+00 2.267e-02 1.296e+00 2.782e-01
597.035 10.737 2.015 9.545e+00 2.334e-02 1.267e+00 2.770e-01
567.545 10.801 2.018 1.006e+01 2.404e-02 1.237e+00 2.757e-01
539.511 10.865 2.020 1.062e+01 2.478e-02 1.207e+00 2.744e-01
512.861 10.929 2.021 1.123e+01 2.554e-02 1.178e+00 2.730e-01
487.528 10.993 2.023 1.189e+01 2.634e-02 1.149e+00 2.716e-01
463.447 11.056 2.023 1.260e+01 2.717e-02 1.119e+00 2.701e-01
440.555 11.119 2.023 1.338e+01 2.804e-02 1.089e+00 2.686e-01
418.794 11.181 2.023 1.422e+01 2.894e-02 1.060e+00 2.670e-01
398.107 11.244 2.021 1.514e+01 2.986e-02 1.032e+00 2.653e-01
378.443 11.305 2.020 1.613e+01 3.084e-02 1.002e+00 2.637e-01
359.749 11.366 2.017 1.721e+01 3.185e-02 9.736e-01 2.620e-01
341.979 11.427 2.014 1.839e+01 3.289e-02 9.459e-01 2.602e-01
325.087 11.486 2.011 1.968e+01 3.399e-02 9.172e-01 2.584e-01
309.030 11.545 2.006 2.108e+01 3.512e-02 8.894e-01 2.565e-01
293.765 11.604 2.002 2.261e+01 3.628e-02 8.628e-01 2.546e-01
279.254 11.661 1.996 2.428e+01 3.750e-02 8.354e-01 2.527e-01
265.461 11.718 1.990 2.611e+01 3.875e-02 8.092e-01 2.507e-01
252.348 11.773 1.983 2.811e+01 4.006e-02 7.825e-01 2.486e-01
239.883 11.828 1.976 3.030e+01 4.140e-02 7.571e-01 2.465e-01
228.034 11.881 1.967 3.271e+01 4.280e-02 7.313e-01 2.444e-01
216.770 11.933 1.959 3.534e+01 4.425e-02 7.061e-01 2.423e-01
206.063 11.985 1.949 3.824e+01 4.572e-02 6.824e-01 2.401e-01
195.884 12.034 1.939 4.142e+01 4.727e-02 6.576e-01 2.378e-01
186.209 12.083 1.928 4.492e+01 4.885e-02 6.345e-01 2.355e-01
177.011 12.130 1.917 4.878e+01 5.049e-02 6.114e-01 2.332e-01
168.267 12.176 1.904 5.303e+01 5.216e-02 5.892e-01 2.309e-01
159.956 12.220 1.892 5.772e+01 5.390e-02 5.671e-01 2.285e-01
152.055 12.263 1.878 6.290e+01 5.568e-02 5.461e-01 2.260e-01
144.544 12.304 1.864 6.862e+01 5.751e-02 5.253e-01 2.236e-01
137.404 12.343 1.849 7.497e+01 5.941e-02 5.049e-01 2.211e-01
130.617 12.381 1.833 8.200e+01 6.133e-02 4.858e-01 2.185e-01
124.165 12.416 1.817 8.981e+01 6.333e-02 4.664e-01 2.160e-01
118.032 12.450 1.800 9.849e+01 6.536e-02 4.484e-01 2.134e-01
112.202 12.482 1.782 1.082e+02 6.744e-02 4.310e-01 2.107e-01
106.660 12.512 1.764 1.189e+02 6.956e-02 4.144e-01 2.081e-01
101.391 12.540 1.745 1.310e+02 7.173e-02 3.986e-01 2.053e-01
96.383 12.565 1.725 1.445e+02 7.397e-02 3.829e-01 2.026e-01
91.622 12.588 1.704 1.596e+02 7.624e-02 3.681e-01 1.998e-01
87.096 12.609 1.683 1.766e+02 7.856e-02 3.544e-01 1.970e-01
82.794 12.628 1.661 1.958e+02 8.090e-02 3.418e-01 1.941e-01
78.705 12.644 1.638 2.174e+02 8.331e-02 3.296e-01 1.912e-01
74.817 12.658 1.614 2.419e+02 8.574e-02 3.186e-01 1.882e-01
71.121 12.669 1.590 2.698e+02 8.822e-02 3.081e-01 1.852e-01
67.608 12.678 1.565 3.014e+02 9.071e-02 2.990e-01 1.822e-01
64.269 12.684 1.539 3.375e+02 9.325e-02 2.904e-01 1.791e-01
61.094 12.687 1.512 3.789e+02 9.583e-02 2.826e-01 1.759e-01
58.076 12.688 1.485 4.264e+02 9.841e-02 2.762e-01 1.728e-01
55.208 12.686 1.457 4.811e+02 1.010e-01 2.705e-01 1.695e-01
52.481 12.682 1.428 5.446e+02 1.036e-01 2.663e-01 1.662e-01
49.888 12.675 1.399 6.183e+02 1.063e-01 2.626e-01 1.629e-01
47.424 12.665 1.369 7.039e+02 1.090e-01 2.594e-01 1.595e-01
45.082 12.654 1.338 8.034e+02 1.116e-01 2.578e-01 1.561e-01
42.855 12.640 1.307 9.190e+02 1.143e-01 2.565e-01 1.527e-01
40.738 12.624 1.276 1.054e+03 1.169e-01 2.559e-01 1.492e-01
38.726 12.607 1.245 1.212e+03 1.195e-01 2.567e-01 1.457e-01
36.813 12.588 1.213 1.397e+03 1.221e-01 2.581e-01 1.423e-01
34.995 12.567 1.182 1.615e+03 1.247e-01 2.600e-01 1.388e-01
33.266 12.545 1.150 1.871e+03 1.272e-01 2.626e-01 1.353e-01
31.623 12.523 1.118 2.174e+03 1.297e-01 2.664e-01 1.318e-01
30.061 12.499 1.087 2.529e+03 1.322e-01 2.696e-01 1.284e-01
28.576 12.476 1.056 2.946e+03 1.346e-01 2.739e-01 1.249e-01
27.164 12.453 1.026 3.434e+03 1.369e-01 2.785e-01 1.216e-01
25.823 12.430 0.996 4.006e+03 1.391e-01 2.833e-01 1.183e-01
24.547 12.407 0.967 4.676e+03 1.413e-01 2.882e-01 1.150e-01
23.335 12.384 0.939 5.461e+03 1.435e-01 2.931e-01 1.119e-01
22.182 12.362 0.911 6.382e+03 1.455e-01 2.984e-01 1.087e-01
21.086 12.340 0.884 7.461e+03 1.476e-01 3.036e-01 1.057e-01
20.045 12.319 0.857 8.726e+03 1.495e-01 3.091e-01 1.027e-01
19.055 12.299 0.831 1.021e+04 1.514e-01 3.147e-01 9.977e-02
18.113 12.280 0.806 1.195e+04 1.532e-01 3.204e-01 9.692e-02
17.219 12.262 0.782 1.398e+04 1.550e-01 3.260e-01 9.413e-02
16.368 12.245 0.758 1.636e+04 1.566e-01 3.316e-01 9.141e-02
15.560 12.229 0.735 1.915e+04 1.583e-01 3.369e-01 8.877e-02
14.791 12.214 0.713 2.241e+04 1.599e-01 3.419e-01 8.620e-02
14.060 12.201 0.692 2.621e+04 1.615e-01 3.471e-01 8.370e-02
13.366 12.189 0.671 3.065e+04 1.630e-01 3.518e-01 8.127e-02
12.706 12.179 0.651 3.583e+04 1.645e-01 3.565e-01 7.892e-02
12.078 12.170 0.632 4.186e+04 1.660e-01 3.606e-01 7.664e-02
11.482 12.163 0.613 4.886e+04 1.674e-01 3.646e-01 7.443e-02
10.914 12.157 0.596 5.699e+04 1.689e-01 3.678e-01 7.230e-02
10.375 12.153 0.578 6.640e+04 1.703e-01 3.709e-01 7.024e-02
9.863 12.151 0.562 7.728e+04 1.717e-01 3.736e-01 6.826e-02
9.376 12.151 0.546 8.984e+04 1.731e-01 3.761e-01 6.634e-02
8.913 12.152 0.531 1.043e+05 1.746e-01 3.777e-01 6.449e-02
8.472 12.155 0.517 1.209e+05 1.760e-01 3.790e-01 6.272e-02
8.054 12.159 0.503 1.399e+05 1.775e-01 3.796e-01 6.102e-02
7.656 12.165 0.489 1.616e+05 1.790e-01 3.798e-01 5.938e-02
7.278 12.172 0.477 1.864e+05 1.805e-01 3.793e-01 5.781e-02
6.918 12.181 0.465 2.145e+05 1.821e-01 3.786e-01 5.631e-02
6.577 12.191 0.453 2.463e+05 1.836e-01 3.773e-01 5.486e-02
6.252 12.202 0.442 2.822e+05 1.852e-01 3.754e-01 5.348e-02
5.943 12.215 0.432 3.226e+05 1.868e-01 3.735e-01 5.216e-02
5.649 12.228 0.422 3.679e+05 1.885e-01 3.707e-01 5.090e-02
5.370 12.242 0.412 4.186e+05 1.901e-01 3.677e-01 4.969e-02
5.105 12.257 0.403 4.751e+05 1.918e-01 3.644e-01 4.853e-02
4.853 12.272 0.394 5.380e+05 1.935e-01 3.607e-01 4.742e-02
4.613 12.288 0.386 6.077e+05 1.952e-01 3.571e-01 4.636e-02
4.385 12.303 0.378 6.849e+05 1.969e-01 3.527e-01 4.534e-02
4.169 12.319 0.370 7.701e+05 1.986e-01 3.487e-01 4.437e-02
3.963 12.335 0.363 8.641e+05 2.002e-01 3.447e-01 4.343e-02
3.767 12.350 0.356 9.676e+05 2.019e-01 3.405e-01 4.253e-02
3.581 12.364 0.349 1.082e+06 2.035e-01 3.361e-01 4.166e-02
3.404 12.378 0.342 1.207e+06 2.051e-01 3.323e-01 4.081e-02
3.236 12.391 0.336 1.346e+06 2.066e-01 3.286e-01 3.999e-02
3.076 12.403 0.329 1.499e+06 2.080e-01 3.253e-01 3.919e-02
2.924 12.413 0.323 1.669e+06 2.094e-01 3.220e-01 3.841e-02
2.780 12.422 0.317 1.858e+06 2.107e-01 3.194e-01 3.765e-02
2.642 12.429 0.311 2.068e+06 2.119e-01 3.171e-01 3.689e-02
2.512 12.435 0.304 2.304e+06 2.130e-01 3.157e-01 3.614e-02
2.388 12.439 0.298 2.570e+06 2.139e-01 3.150e-01 3.539e-02
2.270 12.441 0.292 2.872e+06 2.147e-01 3.149e-01 3.464e-02
2.158 12.441 0.286 3.214e+06 2.154e-01 3.156e-01 3.389e-02
2.051 12.438 0.279 3.606e+06 2.160e-01 3.166e-01 3.313e-02
1.950 12.434 0.273 4.055e+06 2.164e-01 3.190e-01 3.238e-02
1.854 12.428 0.266 4.571e+06 2.166e-01 3.222e-01 3.162e-02
1.762 12.420 0.260 5.166e+06 2.167e-01 3.262e-01 3.085e-02
1.675 12.411 0.253 5.854e+06 2.165e-01 3.314e-01 3.009e-02
1.592 12.400 0.246 6.648e+06 2.163e-01 3.373e-01 2.933e-02
1.514 12.387 0.240 7.567e+06 2.159e-01 3.438e-01 2.856e-02
1.439 12.373 0.233 8.632e+06 2.153e-01 3.512e-01 2.781e-02
1.368 12.358 0.227 9.867e+06 2.145e-01 3.596e-01 2.705e-02
1.300 12.342 0.220 1.130e+07 2.135e-01 3.688e-01 2.630e-02
1.236 12.326 0.213 1.297e+07 2.123e-01 3.792e-01 2.556e-02
1.175 12.308 0.207 1.491e+07 2.111e-01 3.898e-01 2.483e-02
1.117 12.291 0.201 1.718e+07 2.096e-01 4.019e-01 2.410e-02
1.062 12.273 0.194 1.982e+07 2.079e-01 4.144e-01 2.339e-02
1.009 12.255 0.188 2.291e+07 2.062e-01 4.278e-01 2.268e-02
0.959 12.237 0.182 2.651e+07 2.042e-01 4.419e-01 2.198e-02
0.912 12.219 0.176 3.073e+07 2.021e-01 4.566e-01 2.130e-02
