        0.065789       0.955320       0.632454       0.481199       0.325635
        0.131579       0.914722       0.632454       0.481199       0.325635
        0.197368       0.877788       0.632454       0.481199       0.325635
        0.263158       0.844073       0.632454       0.481199       0.325635
        0.328947       0.813141       0.632454       0.481199       0.325635
        0.394737       0.784587       0.632454       0.481199       0.325635
        0.460526       0.758048       0.632454       0.481199       0.325635
        0.526316       0.733216       0.632454       0.481199       0.325635
        0.592105       0.709839       0.632454       0.481199       0.325635
        0.657895       0.687709       0.632454       0.481199       0.325635
        0.723684       0.666653       0.632454       0.481199       0.325635
        0.789474       0.646522       0.632454       0.481199       0.325635
        0.855263       0.627206       0.632454       0.481199       0.325635
        0.921053       0.608640       0.632454       0.481199       0.325635
        0.986842       0.590755       0.632454       0.481199       0.325635
        1.052632       0.573519       0.632454       0.481199       0.325635
        1.118421       0.556890       0.632454       0.481199       0.325635
        1.184211       0.540844       0.632454       0.481199       0.325635
        1.250000       0.525370       0.632454       0.481199       0.325635
        1.315789       0.510448       0.632454       0.481199       0.325635
        1.381579       0.496069       0.632454       0.481199       0.325635
        1.447368       0.482218       0.632454       0.481199       0.325635
        1.513158       0.468890       0.632454       0.481199       0.325635
        1.578947       0.456082       0.632454       0.481199       0.325635
        1.644737       0.443781       0.632454       0.481199       0.325635
        1.710526       0.431969       0.632454       0.481199       0.325635
        1.776316       0.420643       0.632454       0.481199       0.325635
        1.842105       0.409790       0.632454       0.481199       0.325635
        1.907895       0.399396       0.632454       0.481199       0.325635
        1.973684       0.389452       0.632454       0.481199       0.325635
        2.039474       0.379933       0.632454       0.481199       0.325635
        2.105263       0.370824       0.632454       0.481199       0.325635
        2.171053       0.362191       0.632454       0.481199       0.325635
        2.236842       0.354054       0.632454       0.481199       0.325635
        2.302632       0.346201       0.632454       0.481199       0.325635
        2.368421       0.338585       0.632454       0.481199       0.325635
        2.434211       0.331200       0.632454       0.481199       0.325635
        2.500000       0.324002       0.632454       0.481199       0.325635
        2.565789       0.317192       0.632454       0.481199       0.325635
        2.631579       0.310803       0.632454       0.481199       0.325635
        2.697368       0.304597       0.632454       0.481199       0.325635
        2.763158       0.298555       0.632454       0.481199       0.325635
        2.828947       0.292633       0.632454       0.481199       0.325635
        2.894737       0.286852       0.632454       0.481199       0.325635
        2.960526       0.281212       0.632454       0.481199       0.325635
        3.026316       0.275672       0.632454       0.481199       0.325635
        3.092105       0.270256       0.632454       0.481199       0.325635
        3.157895       0.264850       0.632454       0.481199       0.325635
        3.223684       0.259531       0.632454       0.481199       0.325635
        3.289474       0.254315       0.632454       0.481199       0.325635
        3.355263       0.249196       0.632454       0.481199       0.325635
        3.421053       0.244164       0.632454       0.481199       0.325635
        3.486842       0.239240       0.632454       0.481199       0.325635
        3.552631       0.234428       0.632454       0.481199       0.325635
        3.618421       0.229710       0.632454       0.481199       0.325635
        3.684211       0.225082       0.632454       0.481199       0.325635
        3.750000       0.220548       0.632454       0.481199       0.325635
        3.815789       0.216084       0.632454       0.481199       0.325635
        3.881579       0.211738       0.632454       0.481199       0.325635
        3.947368       0.207475       0.632454       0.481199       0.325635
        4.013158       0.203316       0.632454       0.481199       0.325635
        4.078948       0.199208       0.632454       0.481199       0.325635
        4.144737       0.195212       0.632454       0.481199       0.325635
        4.210526       0.191282       0.632454       0.481199       0.325635
        4.276316       0.187421       0.632454       0.481199       0.325635
        4.342105       0.183642       0.632454       0.481199       0.325635
        4.407895       0.179955       0.632454       0.481199       0.325635
        4.473684       0.176309       0.632454       0.481199       0.325635
        4.539474       0.172760       0.632454       0.481199       0.325635
        4.605263       0.169255       0.632454       0.481199       0.325635
        4.671053       0.165846       0.632454       0.481199       0.325635
        4.736842       0.162472       0.632454       0.481199       0.325635
        4.802631       0.159179       0.632454       0.481199       0.325635
        4.868421       0.155939       0.632454       0.481199       0.325635
        4.934211       0.152775       0.632454       0.481199       0.325635
        5.000000       0.149668       0.632454       0.481199       0.325635
        5.065790       0.146597       0.632454       0.481199       0.325635
        5.131579       0.143571       0.632454       0.481199       0.325635
        5.197368       0.140620       0.632454       0.481199       0.325635
        5.263158       0.137731       0.632454       0.481199       0.325635
        5.328948       0.134887       0.632454       0.481199       0.325635
        5.394737       0.132077       0.632454       0.481199       0.325635
        5.460526       0.129310       0.632454       0.481199       0.325635
        5.526316       0.126585       0.632454       0.481199       0.325635
        5.592105       0.123916       0.632454       0.481199       0.325635
        5.657895       0.121322       0.632454       0.481199       0.325635
        5.723684       0.118716       0.632454       0.481199       0.325635
        5.789474       0.116194       0.632454       0.481199       0.325635
        5.855263       0.113673       0.632454       0.481199       0.325635
        5.921053       0.111211       0.632454       0.481199       0.325635
        5.986842       0.108796       0.632454       0.481199       0.325635
        6.052631       0.106396       0.632454       0.481199       0.325635
        6.118421       0.104062       0.632454       0.481199       0.325635
        6.184211       0.101754       0.632454       0.481199       0.325635
        6.250000       0.099446       0.632454       0.481199       0.325635
        6.315790       0.097197       0.632454       0.481199       0.325635
        6.381579       0.095008       0.632454       0.481199       0.325635
        6.447368       0.092813       0.632454       0.481199       0.325635
        6.513158       0.090648       0.632454       0.481199       0.325635
        6.578948       0.088540       0.632454       0.481199       0.325635
        6.644737       0.086428       0.632454       0.481199       0.325635
        6.710526       0.084384       0.632454       0.481199       0.325635
        6.776316       0.082315       0.632454       0.481199       0.325635
        6.842105       0.080341       0.632454       0.481199       0.325635
        6.907895       0.078316       0.632454       0.481199       0.325635
        6.973684       0.076357       0.632454       0.481199       0.325635
        7.039473       0.074443       0.632454       0.481199       0.325635
        7.105263       0.072496       0.632454       0.481199       0.325635
        7.171053       0.070641       0.632454       0.481199       0.325635
        7.236842       0.068739       0.632454       0.481199       0.325635
        7.302632       0.066922       0.632454       0.481199       0.325635
        7.368421       0.065073       0.632454       0.481199       0.325635
        7.434211       0.063282       0.632454       0.481199       0.325635
        7.500000       0.061516       0.632454       0.481199       0.325635
        7.565790       0.059736       0.632454       0.481199       0.325635
        7.631579       0.057999       0.632454       0.481199       0.325635
        7.697368       0.056261       0.632454       0.481199       0.325635
        7.763158       0.054576       0.632454       0.481199       0.325635
        7.828947       0.052899       0.632454       0.481199       0.325635
        7.894737       0.051296       0.632454       0.481199       0.325635
        7.960526       0.049638       0.632454       0.481199       0.325635
        8.026316       0.048070       0.632454       0.481199       0.325635
        8.092106       0.046464       0.632454       0.481199       0.325635
        8.157895       0.044941       0.632454       0.481199       0.325635
        8.223684       0.043361       0.632454       0.481199       0.325635
        8.289474       0.041814       0.632454       0.481199       0.325635
        8.355263       0.040304       0.632454       0.481199       0.325635
        8.421053       0.038846       0.632454       0.481199       0.325635
        8.486842       0.037331       0.632454       0.481199       0.325635
        8.552632       0.035823       0.632454       0.481199       0.325635
        8.618421       0.034369       0.632454       0.481199       0.325635
        8.684210       0.032941       0.632454       0.481199       0.325635
        8.750000       0.031459       0.632454       0.481199       0.325635
        8.815789       0.030030       0.632454       0.481199       0.325635
        8.881579       0.028613       0.632454       0.481199       0.325635
        8.947369       0.027175       0.632454       0.481199       0.325635
        9.013158       0.025747       0.632454       0.481199       0.325635
        9.078948       0.024409       0.632454       0.481199       0.325635
        9.144737       0.022988       0.632454       0.481199       0.325635
        9.210526       0.021629       0.632454       0.481199       0.325635
