        0.065789       0.996956       0.003037       0.003037       0.000000       0.000000       0.000000       0.000000       0.000000       0.000000       0.000000       0.000000       0.000000       0.000000       0.000000       0.000000
        0.131579       0.992058       0.007948       0.007948       0.000000       0.000000       0.000000       0.000000       0.000000       0.000000       0.000000       0.000000       0.000000       0.000000       0.000000       0.000000
        0.197368       0.986595       0.013401       0.013401       0.000000       0.000000       0.000000       0.000000       0.000000       0.000000       0.000000       0.000000       0.000000       0.000000       0.000000       0.000000
        0.263158       0.981178       0.018821       0.018821       0.000000       0.000000       0.000000       0.000000       0.000000       0.000000       0.000000       0.000000       0.000000       0.000000       0.000000       0.000000
        0.328947       0.976067       0.023935       0.023935       0.000000       0.000000       0.000000       0.000000       0.000000       0.000000       0.000000       0.000000       0.000000       0.000000       0.000000       0.000000
        0.394737       0.971367       0.028627       0.028627       0.000000       0.000000       0.000000       0.000000       0.000000       0.000000       0.000000       0.000000       0.000000       0.000000       0.000000       0.000000
        0.460526       0.967125       0.032869       0.032869       0.000000       0.000000       0.000000       0.000000       0.000000       0.000000       0.000000       0.000000       0.000000       0.000000       0.000000       0.000000
        0.526316       0.963326       0.036677       0.036677       0.000000       0.000000       0.000000       0.000000       0.000000       0.000000       0.000000       0.000000       0.000000       0.000000       0.000000       0.000000
        0.592105       0.959923       0.040085       0.040085       0.000000       0.000000       0.000000       0.000000       0.000000       0.000000       0.000000       0.000000       0.000000       0.000000       0.000000       0.000000
        0.657895       0.956856       0.043139       0.043139       0.000000       0.000000       0.000000       0.000000       0.000000       0.000000       0.000000       0.000000       0.000000       0.000000       0.000000       0.000000
        0.723684       0.954109       0.045887       0.045887       0.000000       0.000000       0.000000       0.000000       0.000000       0.000000       0.000000       0.000000       0.000000       0.000000       0.000000       0.000000
        0.789474       0.950996       0.049001       0.048133       0.000868       0.000000       0.000000       0.000000       0.000000       0.000000       0.000000       0.000000       0.000000       0.000000       0.000000       0.000000
        0.855263       0.947533       0.052469       0.049905       0.002564       0.000000       0.000000       0.000000       0.000000       0.000000       0.000000       0.000000       0.000000       0.000000       0.000000       0.000000
        0.921053       0.944130       0.055862       0.051409       0.004454       0.000000       0.000000       0.000000       0.000000       0.000000       0.000000       0.000000       0.000000       0.000000       0.000000       0.000000
        0.986842       0.940895       0.059107       0.052722       0.006384       0.000000       0.000000       0.000000       0.000000       0.000000       0.000000       0.000000       0.000000       0.000000       0.000000       0.000000
        1.052632       0.937813       0.062182       0.053893       0.008290       0.000000       0.000000       0.000000       0.000000       0.000000       0.000000       0.000000       0.000000       0.000000       0.000000       0.000000
        1.118421       0.934898       0.065099       0.054955       0.010143       0.000000       0.000000       0.000000       0.000000       0.000000       0.000000       0.000000       0.000000       0.000000       0.000000       0.000000
        1.184211       0.932137       0.067869       0.055935       0.011934       0.000000       0.000000       0.000000       0.000000       0.000000       0.000000       0.000000       0.000000       0.000000       0.000000       0.000000
        1.250000       0.929497       0.070503       0.056845       0.013657       0.000000       0.000000       0.000000       0.000000       0.000000       0.000000       0.000000       0.000000       0.000000       0.000000       0.000000
        1.315789       0.926979       0.073017       0.057703       0.015314       0.000000       0.000000       0.000000       0.000000       0.000000       0.000000       0.000000       0.000000       0.000000       0.000000       0.000000
        1.381579       0.924568       0.075424       0.058517       0.016907       0.000000       0.000000       0.000000       0.000000       0.000000       0.000000       0.000000       0.000000       0.000000       0.000000       0.000000
        1.447368       0.922264       0.077734       0.059294       0.018440       0.000000       0.000000       0.000000       0.000000       0.000000       0.000000       0.000000       0.000000       0.000000       0.000000       0.000000
        1.513158       0.920052       0.079954       0.060039       0.019915       0.000000       0.000000       0.000000       0.000000       0.000000       0.000000       0.000000       0.000000       0.000000       0.000000       0.000000
        1.578947       0.917915       0.082086       0.060754       0.021333       0.000000       0.000000       0.000000       0.000000       0.000000       0.000000       0.000000       0.000000       0.000000       0.000000       0.000000
        1.644737       0.915855       0.084136       0.061440       0.022697       0.000000       0.000000       0.000000       0.000000       0.000000       0.000000       0.000000       0.000000       0.000000       0.000000       0.000000
        1.710526       0.913887       0.086113       0.062102       0.024012       0.000000       0.000000       0.000000       0.000000       0.000000       0.000000       0.000000       0.000000       0.000000       0.000000       0.000000
        1.776316       0.911980       0.088013       0.062737       0.025276       0.000000       0.000000       0.000000       0.000000       0.000000       0.000000       0.000000       0.000000       0.000000       0.000000       0.000000
        1.842105       0.910164       0.089841       0.063349       0.026493       0.000000       0.000000       0.000000       0.000000       0.000000       0.000000       0.000000       0.000000       0.000000       0.000000       0.000000
        1.907895       0.902840       0.093540       0.062978       0.026941       0.000000       0.000000       0.000000       0.000000       0.000000       0.000000       0.000000       0.000000       0.000000       0.003621       0.000000
        1.973684       0.878807       0.102994       0.059657       0.025124       0.000000       0.000000       0.000000       0.000000       0.000000       0.000000       0.000000       0.000000       0.000000       0.018212       0.000000
        2.039474       0.853737       0.112698       0.056061       0.023066       0.000000       0.000000       0.000000       0.000000       0.000000       0.000000       0.000000       0.000000       0.000000       0.033572       0.000000
        2.105263       0.829369       0.122059       0.052494       0.021001       0.000000       0.000000       0.000000       0.000000       0.000000       0.000000       0.000000       0.000000       0.000000       0.048568       0.000000
        2.171053       0.806221       0.130912       0.049048       0.019005       0.000000       0.000000       0.000000       0.000000       0.000000       0.000000       0.000000       0.000000       0.000000       0.062861       0.000000
        2.236842       0.784462       0.139210       0.045764       0.017112       0.000000       0.000000       0.000000       0.000000       0.000000       0.000000       0.000000       0.000000       0.000000       0.076331       0.000000
        2.302632       0.762108       0.145465       0.042610       0.015301       0.004882       0.000000       0.000000       0.000000       0.000000       0.000000       0.000000       0.000000       0.000000       0.087550       0.000000
        2.368421       0.739861       0.150246       0.039631       0.013609       0.012900       0.000000       0.000000       0.000000       0.000000       0.000000       0.000000       0.000000       0.000000       0.097007       0.000000
        2.434211       0.718498       0.154212       0.036850       0.012053       0.021993       0.000000       0.000000       0.000000       0.000000       0.000000       0.000000       0.000000       0.000000       0.105310       0.000000
        2.500000       0.698112       0.157541       0.034266       0.010634       0.031687       0.000000       0.000000       0.000000       0.000000       0.000000       0.000000       0.000000       0.000000       0.112642       0.000000
        2.565789       0.678764       0.160347       0.031873       0.009345       0.041751       0.000000       0.000000       0.000000       0.000000       0.000000       0.000000       0.000000       0.000000       0.119129       0.000000
        2.631579       0.660347       0.162712       0.029658       0.008179       0.052076       0.000000       0.000000       0.000000       0.000000       0.000000       0.000000       0.000000       0.000000       0.124869       0.000000
        2.697368       0.642891       0.164673       0.027616       0.007130       0.062534       0.000000       0.000000       0.000000       0.000000       0.000000       0.000000       0.000000       0.000000       0.129925       0.000000
        2.763158       0.626274       0.166281       0.025732       0.006188       0.073069       0.000000       0.000000       0.000000       0.000000       0.000000       0.000000       0.000000       0.000000       0.134357       0.000000
        2.828947       0.610466       0.167596       0.023996       0.005345       0.083670       0.000000       0.000000       0.000000       0.000000       0.000000       0.000000       0.000000       0.000000       0.138249       0.000000
        2.894737       0.595467       0.168640       0.022397       0.004594       0.094272       0.000000       0.000000       0.000000       0.000000       0.000000       0.000000       0.000000       0.000000       0.141642       0.000000
        2.960526       0.581184       0.169433       0.020926       0.003926       0.104820       0.000000       0.000000       0.000000       0.000000       0.000000       0.000000       0.000000       0.000000       0.144575       0.000000
        3.026316       0.567558       0.170015       0.019572       0.003334       0.115344       0.000000       0.000000       0.000000       0.000000       0.000000       0.000000       0.000000       0.000000       0.147105       0.000000
        3.092105       0.554558       0.170395       0.018326       0.002811       0.125787       0.000000       0.000000       0.000000       0.000000       0.000000       0.000000       0.000000       0.000000       0.149262       0.000000
        3.157895       0.542122       0.170609       0.017178       0.002350       0.136164       0.000000       0.000000       0.000000       0.000000       0.000000       0.000000       0.000000       0.000000       0.151081       0.000000
        3.223684       0.530281       0.170677       0.016121       0.001945       0.146454       0.000000       0.000000       0.000000       0.000000       0.000000       0.000000       0.000000       0.000000       0.152613       0.000000
        3.289474       0.518913       0.170596       0.015147       0.001591       0.156618       0.000000       0.000000       0.000000       0.000000       0.000000       0.000000       0.000000       0.000000       0.153848       0.000000
        3.355263       0.508064       0.170392       0.014250       0.001284       0.166673       0.000000       0.000000       0.000000       0.000000       0.000000       0.000000       0.000000       0.000000       0.154856       0.000000
        3.421053       0.497643       0.170086       0.013422       0.001018       0.176645       0.000000       0.000000       0.000000       0.000000       0.000000       0.000000       0.000000       0.000000       0.155651       0.000000
        3.486842       0.487633       0.169667       0.012658       0.000789       0.186454       0.000000       0.000000       0.000000       0.000000       0.000000       0.000000       0.000000       0.000000       0.156217       0.000000
        3.552631       0.478035       0.169169       0.011952       0.000594       0.196155       0.000000       0.000000       0.000000       0.000000       0.000000       0.000000       0.000000       0.000000       0.156617       0.000000
        3.618421       0.468819       0.168594       0.011300       0.000430       0.205736       0.000000       0.000000       0.000000       0.000000       0.000000       0.000000       0.000000       0.000000       0.156857       0.000000
        3.684211       0.459969       0.167943       0.010698       0.000294       0.215154       0.000000       0.000000       0.000000       0.000000       0.000000       0.000000       0.000000       0.000000       0.156954       0.000000
        3.750000       0.451942       0.167823       0.010078       0.000168       0.222658       0.000000       0.000000       0.000000       0.000000       0.001724       0.000000       0.000000       0.000000       0.155859       0.000000
        3.815789       0.444466       0.167980       0.009471       0.000068       0.229104       0.000000       0.000000       0.000000       0.000000       0.004321       0.000000       0.000000       0.000000       0.154120       0.000000
        3.881579       0.437416       0.168214       0.008898       0.000006       0.235081       0.000000       0.000000       0.000000       0.000000       0.007174       0.000000       0.000000       0.000000       0.152145       0.000000
        3.947368       0.430641       0.168483       0.008359       0.000000       0.240751       0.000000       0.000000       0.000000       0.000000       0.010143       0.000000       0.000000       0.000000       0.149982       0.000000
        4.013158       0.424171       0.168769       0.007854       0.000000       0.246166       0.000000       0.000000       0.000000       0.000000       0.013201       0.000000       0.000000       0.000000       0.147705       0.000000
        4.078948       0.417915       0.169047       0.007381       0.000000       0.251359       0.000000       0.000000       0.000000       0.000000       0.016286       0.000000       0.000000       0.000000       0.145372       0.000000
        4.144737       0.411903       0.169329       0.006939       0.000000       0.256374       0.000000       0.000000       0.000000       0.000000       0.019414       0.000000       0.000000       0.000000       0.142986       0.000000
        4.210526       0.406120       0.169615       0.006526       0.000000       0.261204       0.000000       0.000000       0.000000       0.000000       0.022535       0.000000       0.000000       0.000000       0.140554       0.000000
        4.276316       0.400551       0.169884       0.006141       0.000000       0.265836       0.000000       0.000000       0.000000       0.000000       0.025656       0.000000       0.000000       0.000000       0.138095       0.000000
        4.342105       0.395134       0.170148       0.005778       0.000000       0.270346       0.000000       0.000000       0.000000       0.000000       0.028763       0.000000       0.000000       0.000000       0.135608       0.000000
        4.407895       0.389915       0.170414       0.005440       0.000000       0.274710       0.000000       0.000000       0.000000       0.000000       0.031843       0.000000       0.000000       0.000000       0.133134       0.000000
        4.473684       0.384850       0.170656       0.005123       0.000000       0.278925       0.000000       0.000000       0.000000       0.000000       0.034926       0.000000       0.000000       0.000000       0.130620       0.000000
        4.539474       0.379967       0.170925       0.004824       0.000000       0.283050       0.000000       0.000000       0.000000       0.000000       0.037952       0.000000       0.000000       0.000000       0.128144       0.000000
        4.605263       0.375237       0.171151       0.004546       0.000000       0.286973       0.000000       0.000000       0.000000       0.000000       0.040963       0.000000       0.000000       0.000000       0.125645       0.000000
        4.671053       0.370644       0.171397       0.004284       0.000000       0.290835       0.000000       0.000000       0.000000       0.000000       0.043927       0.000000       0.000000       0.000000       0.123177       0.000000
        4.736842       0.366158       0.171632       0.004037       0.000000       0.294624       0.000000       0.000000       0.000000       0.000000       0.046893       0.000000       0.000000       0.000000       0.120700       0.000000
        4.802631       0.361839       0.171858       0.003806       0.000000       0.298238       0.000000       0.000000       0.000000       0.000000       0.049792       0.000000       0.000000       0.000000       0.118256       0.000000
        4.868421       0.357643       0.172080       0.003589       0.000000       0.301772       0.000000       0.000000       0.000000       0.000000       0.052675       0.000000       0.000000       0.000000       0.115832       0.000000
        4.934211       0.353539       0.172299       0.003384       0.000000       0.305220       0.000000       0.000000       0.000000       0.000000       0.055504       0.000000       0.000000       0.000000       0.113418       0.000000
        5.000000       0.349556       0.172517       0.003191       0.000000       0.308578       0.000000       0.000000       0.000000       0.000000       0.058316       0.000000       0.000000       0.000000       0.111015       0.000000
        5.065790       0.345665       0.172726       0.003009       0.000000       0.311851       0.000000       0.000000       0.000000       0.000000       0.061063       0.000000       0.000000       0.000000       0.108667       0.000000
        5.131579       0.341911       0.172948       0.002838       0.000000       0.315021       0.000000       0.000000       0.000000       0.000000       0.063758       0.000000       0.000000       0.000000       0.106332       0.000000
        5.197368       0.338234       0.173151       0.002677       0.000000       0.318119       0.000000       0.000000       0.000000       0.000000       0.066453       0.000000       0.000000       0.000000       0.104023       0.000000
        5.263158       0.334648       0.173356       0.002524       0.000000       0.321135       0.000000       0.000000       0.000000       0.000000       0.069101       0.000000       0.000000       0.000000       0.101726       0.000000
        5.328948       0.331154       0.173555       0.002380       0.000000       0.324074       0.000000       0.000000       0.000000       0.000000       0.071714       0.000000       0.000000       0.000000       0.099467       0.000000
        5.394737       0.327721       0.173765       0.002243       0.000000       0.326996       0.000000       0.000000       0.000000       0.000000       0.074287       0.000000       0.000000       0.000000       0.097237       0.000000
        5.460526       0.324440       0.173974       0.002116       0.000000       0.329758       0.000000       0.000000       0.000000       0.000000       0.076805       0.000000       0.000000       0.000000       0.095048       0.000000
        5.526316       0.321175       0.174163       0.001995       0.000000       0.332497       0.000000       0.000000       0.000000       0.000000       0.079302       0.000000       0.000000       0.000000       0.092883       0.000000
        5.592105       0.317986       0.174362       0.001879       0.000000       0.335180       0.000000       0.000000       0.000000       0.000000       0.081755       0.000000       0.000000       0.000000       0.090725       0.000000
        5.657895       0.314873       0.174554       0.001771       0.000000       0.337787       0.000000       0.000000       0.000000       0.000000       0.084173       0.000000       0.000000       0.000000       0.088614       0.000000
        5.723684       0.311882       0.174762       0.001669       0.000000       0.340301       0.000000       0.000000       0.000000       0.000000       0.086532       0.000000       0.000000       0.000000       0.086547       0.000000
        5.789474       0.308876       0.174943       0.001571       0.000000       0.342807       0.000000       0.000000       0.000000       0.000000       0.088889       0.000000       0.000000       0.000000       0.084486       0.000000
        5.855263       0.305992       0.175133       0.001480       0.000000       0.345213       0.000000       0.000000       0.000000       0.000000       0.091186       0.000000       0.000000       0.000000       0.082489       0.000000
        5.921053       0.303139       0.175347       0.001392       0.000000       0.347616       0.000000       0.000000       0.000000       0.000000       0.093429       0.000000       0.000000       0.000014       0.080480       0.000068
        5.986842       0.300758       0.176508       0.001288       0.000000       0.350381       0.000000       0.000000       0.000000       0.000000       0.094103       0.000000       0.000000       0.000178       0.078082       0.003018
        6.052631       0.298347       0.177617       0.001191       0.000000       0.353107       0.000000       0.000000       0.000000       0.000000       0.094790       0.000000       0.000000       0.000426       0.075722       0.005904
        6.118421       0.295921       0.178734       0.001098       0.000000       0.355828       0.000000       0.000000       0.000000       0.000000       0.095403       0.000000       0.000000       0.000730       0.073362       0.008860
        6.184211       0.293571       0.179798       0.001013       0.000000       0.358428       0.000000       0.000000       0.000000       0.000000       0.096072       0.000000       0.000000       0.001058       0.071098       0.011623
        6.250000       0.291237       0.180824       0.000933       0.000000       0.360933       0.000000       0.000000       0.000000       0.000000       0.096713       0.000000       0.000000       0.001402       0.068864       0.014327
        6.315790       0.288902       0.181844       0.000857       0.000000       0.363451       0.000000       0.000000       0.000000       0.000000       0.097351       0.000000       0.000000       0.001771       0.066673       0.016975
        6.381579       0.286613       0.182855       0.000787       0.000000       0.365905       0.000000       0.000000       0.000000       0.000000       0.097966       0.000000       0.000000       0.002145       0.064521       0.019569
        6.447368       0.284340       0.183799       0.000721       0.000000       0.368260       0.000000       0.000000       0.000000       0.000000       0.098667       0.000000       0.000000       0.002507       0.062407       0.021985
        6.513158       0.282143       0.184783       0.000660       0.000000       0.370584       0.000000       0.000000       0.000000       0.000000       0.099287       0.000000       0.000000       0.002878       0.060349       0.024476
        6.578948       0.279945       0.185703       0.000603       0.000000       0.372839       0.000000       0.000000       0.000000       0.000000       0.099973       0.000000       0.000000       0.003237       0.058328       0.026794
        6.644737       0.277748       0.186607       0.000550       0.000000       0.375076       0.000000       0.000000       0.000000       0.000000       0.100648       0.000000       0.000000       0.003600       0.056353       0.029067
        6.710526       0.275612       0.187497       0.000501       0.000000       0.377221       0.000000       0.000000       0.000000       0.000000       0.101283       0.000000       0.000000       0.003952       0.054434       0.031295
        6.776316       0.273491       0.188348       0.000456       0.000000       0.379322       0.000000       0.000000       0.000000       0.000000       0.102002       0.000000       0.000000       0.004285       0.052546       0.033362
        6.842105       0.271416       0.189235       0.000413       0.000000       0.381406       0.000000       0.000000       0.000000       0.000000       0.102641       0.000000       0.000000       0.004616       0.050685       0.035506
        6.907895       0.269371       0.190079       0.000374       0.000000       0.383426       0.000000       0.000000       0.000000       0.000000       0.103334       0.000000       0.000000       0.004933       0.048889       0.037493
        6.973684       0.267311       0.190910       0.000337       0.000000       0.385438       0.000000       0.000000       0.000000       0.000000       0.104023       0.000000       0.000000       0.005240       0.047102       0.039443
        7.039473       0.265312       0.191697       0.000304       0.000000       0.387297       0.000000       0.000000       0.000000       0.000102       0.104618       0.000000       0.000000       0.005537       0.045414       0.041356
        7.105263       0.263344       0.192316       0.000275       0.000000       0.388720       0.000000       0.000000       0.000000       0.001024       0.104722       0.000000       0.000000       0.005858       0.043967       0.043346
        7.171053       0.261375       0.192811       0.000250       0.000000       0.389965       0.000000       0.000000       0.000000       0.002322       0.104689       0.000000       0.000000       0.006197       0.042676       0.045188
        7.236842       0.259483       0.193237       0.000227       0.000000       0.390987       0.000000       0.000000       0.000000       0.003794       0.104546       0.000000       0.000000       0.006517       0.041481       0.046997
        7.302632       0.257545       0.193608       0.000206       0.000000       0.391967       0.000000       0.000000       0.000000       0.005423       0.104271       0.000000       0.000000       0.006860       0.040351       0.048773
        7.368421       0.255699       0.193983       0.000187       0.000000       0.392814       0.000000       0.000000       0.000000       0.007136       0.103923       0.000000       0.000000       0.007181       0.039262       0.050626
        7.434211       0.253822       0.194289       0.000170       0.000000       0.393636       0.000000       0.000000       0.000000       0.008946       0.103561       0.000000       0.000000       0.007512       0.038232       0.052339
        7.500000       0.252037       0.194598       0.000154       0.000000       0.394359       0.000000       0.000000       0.000000       0.010807       0.103197       0.000000       0.000000       0.007816       0.037234       0.054021
        7.565790       0.250267       0.194835       0.000140       0.000000       0.394990       0.000000       0.000000       0.000000       0.012682       0.102834       0.000000       0.000000       0.008112       0.036298       0.055569
        7.631579       0.248482       0.195085       0.000126       0.000000       0.395650       0.000000       0.000000       0.000000       0.014630       0.102368       0.000000       0.000000       0.008428       0.035387       0.057194
        7.697368       0.246742       0.195312       0.000114       0.000000       0.396228       0.000000       0.000000       0.000000       0.016600       0.101923       0.000000       0.000000       0.008721       0.034499       0.058792
        7.763158       0.245049       0.195545       0.000102       0.000000       0.396772       0.000000       0.000000       0.000000       0.018580       0.101426       0.000000       0.000000       0.009011       0.033645       0.060363
        7.828947       0.243370       0.195715       0.000092       0.000000       0.397240       0.000000       0.000000       0.000000       0.020566       0.100994       0.000000       0.000000       0.009279       0.032823       0.061805
        7.894737       0.241768       0.195933       0.000083       0.000000       0.397681       0.000000       0.000000       0.000000       0.022540       0.100478       0.000000       0.000000       0.009549       0.032034       0.063324
