   9.9999997764825821E-003   16790984624809.703        8.0398398146558248E-002   41.526769999999999     
   1.9999999552965164E-002   33619981086403.883        6.6745849630203455E-002   37.220329999999997     
   2.9999999329447746E-002   50474466637576.258        5.3946285927862186E-002   29.705970000000001     
   3.9999999105930328E-002   67356269484344.031        5.6195222727143238E-002   20.459810000000001     
   4.9999997019767761E-002   84266458709616.781        7.7292400495839741E-002   16.003240000000002     
   5.9999998658895493E-002   101205349841336.56       0.10785340382399863        14.379690000000000     
   7.0000000298023224E-002   118175407709544.88       0.14172439731642411        13.762330000000000     
   7.9999998211860657E-002   135177634579469.41       0.17479622473392106        13.507700000000000     
   8.9999996125698090E-002   152211035610069.34       0.20466682618063758        13.388140000000000     
   9.9999994039535522E-002   169275692467400.25       0.23048208853356672        13.318350000000001     
  0.10999999940395355        186377202988363.66       0.25243523517553607        13.265760000000000     
  0.11999999731779099        203516250198151.69       0.27090542608027990        13.218510000000000     
  0.12999999523162842        220696085890614.34       0.28692706629465242        13.170930000000000     
  0.14000000059604645        237917244607206.41       0.30176079305874509        13.119230000000000     
  0.14999999105930328        255190565660760.88       0.31641662519227304        13.060960000000000     
  0.15999999642372131        272515291784216.81       0.33175547190870175        12.994610000000000     
  0.17000000178813934        289904222275741.62       0.34860870876844674        12.919790000000001     
  0.17999999225139618        307364187387257.38       0.36778049582905697        12.837820000000001     
  0.18999999761581421        324896493775653.62       0.39004317929818033        12.752000000000001     
  0.19999998807907104        342515128608997.06       0.41613698625402279        12.667059999999999     
  0.20999999344348907        360227219106684.88       0.44667643093151244        12.588490000000000     
  0.21999999880790710        378046306985571.50       0.48211777500035019        12.521380000000001     
  0.22999998927116394        395978539472386.94       0.52268728779296780        12.469510000000000     
  0.23999999463558197        414027747447557.12       0.56837413331444586        12.434839999999999     
  0.25000000000000000        432205067191389.94       0.61896984167686475        12.417490000000001     
  0.25999999046325684        450531227033632.06       0.67411841118318072        12.416100000000000     
  0.26999998092651367        469000762772745.62       0.73323587327341033        12.428360000000000     
  0.28000000119209290        487635204550659.25       0.79573369477687972        12.451490000000000     
  0.28999999165534973        506427781508945.94       0.85393219887864458        12.478669999999999     
  0.29999998211860657        525349479925309.81       0.89329105448231394        12.497949999999999     
  0.31000000238418579        544378086632630.06       0.93133654426817536        12.515160000000000     
  0.31999999284744263        563523401557577.75       0.97003081251996937        12.530329999999999     
  0.32999998331069946        582787325291991.88        1.0099129229538508        12.543229999999999     
  0.34000000357627869        602184646816121.62        1.0512150738521344        12.553699999999999     
  0.34999999403953552        621714178260067.25        1.0891577551736626        12.560770000000000     
  0.35999998450279236        641373246916555.12        1.1248204404836568        12.564900000000000     
  0.37000000476837158        661153240728813.50        1.1597682305996120        12.566340000000000     
  0.37999999523162842        681051249415588.88        1.1942162108938865        12.565130000000000     
  0.38999998569488525        701079983184805.75        1.2282151321140551        12.561349999999999     
  0.39999997615814209        721271395736761.25        1.2617760358329226        12.555099999999999     
  0.40999999642372131        741584921314386.75        1.2948136238322345        12.546510000000000     
  0.41999998688697815        762024064133886.12        1.3272684038752502        12.535740000000001     
  0.42999997735023499        782645663769951.00        1.3591101930019036        12.522930000000001     
  0.43999999761581421        803419132572668.75        1.3902630605656217        12.508229999999999     
  0.44999998807907104        824305983557295.25        1.4206057882303993        12.491840000000000     
  0.45999997854232788        845378320426731.00        1.4501864267460334        12.473839999999999     
  0.46999999880790710        866589578680915.00        1.4789120457944995        12.454400000000000     
  0.47999998927116394        887974562907903.12        1.5067577281826896        12.433650000000000     
  0.48999997973442078        909538380948263.25        1.5337120005839255        12.411690000000000     
  0.50000000000000000        931226331393122.62        1.5597204890181176        12.388680000000001     
  0.50999999046325684        953091512026989.62        1.5848042737836130        12.364680000000000     
  0.51999998092651367        975166886239575.88        1.6089716423625167        12.339790000000001     
  0.52999997138977051        997350178432532.88        1.6321729207893252        12.314130000000000     
  0.53999996185302734        1019731785505214.1        1.6544513667674734        12.287770000000000     
  0.55000001192092896        1042301788743958.5        1.6758250878508540        12.260770000000001     
  0.56000000238418579        1065004120689508.6        1.6962634132009657        12.233240000000000     
  0.56999999284744263        1087898887558780.2        1.7153181530710200        12.205950000000000     
  0.57999998331069946        1110980506363245.5        1.7332456951985655        12.178660000000001     
  0.58999997377395630        1134204907129632.8        1.7502278785113372        12.151190000000000     
  0.59999996423721313        1157584681278876.2        1.7663607966477568        12.123480000000001     
  0.61000001430511475        1181159384878630.2        1.7816966363387967        12.095520000000000     
  0.62000000476837158        1204875920144386.2        1.7962269635635864        12.067410000000001     
  0.62999999523162842        1228804015039246.0        1.8100106058356009        12.039140000000000     
  0.63999998569488525        1252900668672846.8        1.8231061328858849        12.010680000000001     
  0.64999997615814209        1277091995537439.2        1.8354729562018928        11.982200000000001     
  0.65999996662139893        1301504741351300.8        1.8472231015431122        11.953560000000000     
  0.66999995708465576        1326056824304375.8        1.8583199677360214        11.924920000000000     
  0.68000000715255737        1350797184636524.0        1.8688544101297311        11.896160000000000     
  0.68999999761581421        1375724396903865.8        1.8788044672360749        11.867410000000000     
  0.69999998807907104        1400710765092203.2        1.8882060953467565        11.838670000000000     
  0.70999997854232788        1425919977673689.8        1.8970898283804614        11.809950000000001     
  0.71999996900558472        1451419743232597.8        1.9055177374426813        11.781129999999999     
  0.72999995946884155        1476901215595053.2        1.9134254489740505        11.752520000000001     
  0.74000000953674316        1502657917413226.2        1.9209174034006213        11.723839999999999     
  0.75000000000000000        1528533643795330.5        1.9279644441234272        11.695290000000000     
  0.75999999046325684        1554615584391991.0        1.9346100599791158        11.666779999999999     
  0.76999998092651367        1580841019672512.5        1.9408597533112575        11.638380000000000     
  0.77999997138977051        1607187736469774.8        1.9467341747261708        11.610090000000000     
  0.78999996185302734        1633779985975266.8        1.9522616196627272        11.581860000000001     
  0.79999995231628418        1660502188447765.5        1.9574442475835276        11.553770000000000     
  0.81000000238418579        1687411242855458.0        1.9623041250057502        11.525790000000001     
  0.81999999284744263        1714569393581078.8        1.9668576237258317        11.497909999999999     
  0.82999998331069946        1741737284839875.8        1.9711025456466635        11.470240000000000     
  0.83999997377395630        1769144769457404.5        1.9750666887411326        11.442700000000000     
  0.84999996423721313        1796778186929821.5        1.9787768909647232        11.415179999999999     
  0.85999995470046997        1824514592722526.0        1.9822120725361627        11.387919999999999     
  0.87000000476837158        1852328566419669.2        1.9853932807128867        11.360889999999999     
  0.87999999523162842        1880460176527942.5        1.9883508166995574        11.333900000000000     
  0.88999998569488525        1908674224807242.0        1.9910776543918984        11.307119999999999     
  0.89999997615814209        1937111473840660.5        1.9935856139138430        11.280530000000001     
  0.90999996662139893        1965573905715948.8        1.9958204170256779        11.254899999999999     
  0.91999995708465576        1994313586425784.0        1.9978699779128317        11.229360000000000     
  0.93000000715255737        2023265301912682.5        1.9997349095361152        11.203989999999999     
  0.93999999761581421        2052304444624185.2        2.0014196372077131        11.178839999999999     
  0.94999998807907104        2081440992667448.0        2.0029384098196292        11.153790000000001     
  0.95999997854232788        2110839347236564.0        2.0042941824579268        11.128909999999999     
  0.96999996900558472        2140427048267663.0        2.0054984413543950        11.104089999999999     
  0.97999995946884155        2170108115872863.8        2.0065500536941481        11.079490000000000     
  0.98999994993209839        2199915335261392.8        2.0074546430326645        11.055149999999999     
   1.0000000000000000        2229977233956378.0        2.0082275078975851        11.030799999999999     
   1.0099999904632568        2260173124376028.5        2.0088653646425265        11.006710000000000     
   1.0199999809265137        2290467607997338.5        2.0093783595741548        10.982720000000000     
   1.0299999713897705        2320991112935275.0        2.0097705767188074        10.958850000000000     
   1.0399999618530273        2351680206937204.0        2.0100460394765629        10.935169999999999     
   1.0499999523162842        2382505668403597.5        2.0102099052692677        10.911680000000000     
   1.0599999427795410        2413619544681593.5        2.0102672164859166        10.888230000000000     
   1.0699999332427979        2444670463854915.0        2.0102220927234518        10.865119999999999     
   1.0799999237060547        2475993167661245.0        2.0100820166925524        10.842510000000001     
   1.0900000333786011        2507674133029269.0        2.0098512450751009        10.820160000000000     
   1.1000000238418579        2539199012292496.5        2.0095367878626273        10.798260000000001     
   1.1100000143051147        2571073600454142.0        2.0091371048908488        10.776410000000000     
   1.1200000047683716        2602852208727906.0        2.0086639134311550        10.755039999999999     
   1.1299999952316284        2635124020583949.0        2.0081078985926082        10.733570000000000     
   1.1399999856948853        2667380627705278.0        2.0074841021410306        10.712500000000000     
   1.1499999761581421        2699752695780840.0        2.0067862406232662        10.691470000000001     
   1.1599999666213989        2732479936956356.5        2.0060192976979909        10.670590000000001     
   1.1699999570846558        2765239963341100.0        2.0051927934462341        10.650020000000000     
   1.1799999475479126        2798161777606157.5        2.0043008804020661        10.629540000000000     
   1.1899999380111694        2831161753710603.0        2.0033513047457276        10.609270000000000     
   1.1999999284744263        2864161017093109.0        2.0023504296631831        10.589270000000001     
