        0.065789      14.813160       0.625392       0.000000      19.053101     485.426230       0.995868       0.955320
        0.131579      14.503424       0.625392       0.000000      33.073181     478.053451       0.991946       0.914722
        0.197368      14.207416       0.625392       0.000000      45.058594     470.853645       0.988217       0.877788
        0.263158      13.928745       0.625392       0.000000      55.537476     463.809231       0.984665       0.844073
        0.328947      13.669335       0.625392       0.000000      64.815613     456.901742       0.981274       0.813141
        0.394737      13.429864       0.625392       0.000000      73.111389     450.112084       0.978028       0.784587
        0.460526      13.210133       0.625392       0.000000      80.594055     443.419279       0.974911       0.758048
        0.526316      13.009375       0.625392       0.000000      87.397827     436.803928       0.971909       0.733216
        0.592105      12.826476       0.625392       0.000000      93.629761     430.247260       0.969012       0.709840
        0.657895      12.660142       0.625392       0.000000      99.379211     423.733514       0.966210       0.687709
        0.723684      12.509012       0.625392       0.000000     104.720825     417.249059       0.963496       0.666653
        0.789474      12.371730       0.625392       0.000000     109.533081     410.749475       0.960862       0.646522
        0.855263      12.246997       0.625392       0.000000     113.859070     404.222406       0.958303       0.627206
        0.921053      12.133592       0.625392       0.000000     117.867004     397.681727       0.955817       0.608636
        0.986842      12.030389       0.625392       0.000000     118.670654     391.102289       0.953096       0.588070
        1.052632      11.936362       0.625392       0.000000     117.796509     384.480302       0.950272       0.566682
        1.118421      11.850580       0.625392       0.000000     116.547974     377.822570       0.947480       0.545643
        1.184211      11.772208       0.625392       0.000000     115.033203     371.131129       0.944737       0.525074
        1.250000      11.700495       0.625392       0.000000     113.297913     364.409707       0.942053       0.505041
        1.315789      11.634773       0.625392       0.000000     111.375427     357.657189       0.939437       0.485607
        1.381579      11.574444       0.625392       0.000000     109.289062     350.875990       0.936894       0.466782
        1.447368      11.518976       0.625392       0.000000     107.061768     344.066348       0.934427       0.448598
        1.513158      11.467893       0.625392       0.000000     104.699280     337.227615       0.932048       0.431124
        1.578947      11.420774       0.625392       0.000000     102.247498     330.363588       0.929756       0.414353
        1.644737      11.377242       0.625392       0.000000      99.742004     323.493750       0.927554       0.398297
        1.710526      11.336960       0.625392       0.000000      97.202942     316.606781       0.925445       0.382968
        1.776316      11.299629       0.625392       0.000000      94.650146     309.722664       0.923432       0.368400
        1.842105      11.264980       0.625392       0.000000      92.098694     302.828435       0.921514       0.354561
        1.907895      11.232773       0.625392       0.000000      89.564392     295.927319       0.919679       0.341361
        1.973684      11.202793       0.625392       0.000000      87.016724     288.856156       0.917798       0.327736
        2.039474      11.174848       0.625392       0.000000      84.493835     281.707276       0.915944       0.314290
        2.105263      11.148763       0.625392       0.000000      82.019958     274.539164       0.914161       0.301377
        2.171053      11.124383       0.625392       0.000000      79.608521     267.359728       0.912462       0.289106
        2.236842      11.101566       0.625392       0.000000      77.272949     260.188387       0.910855       0.277543
        2.302632      11.080187       0.625392       0.000000      75.019409     253.038679       0.909337       0.266654
        2.368421      11.060130       0.625392       0.000000      72.852783     245.895080       0.907912       0.256479
        2.434211      11.041292       0.625392       0.000000      70.779480     238.776475       0.906577       0.246984
        2.500000      11.023578       0.625392       0.000000      68.882446     231.634688       0.905297       0.237889
        2.565789      11.006902       0.625392       0.000000      67.351074     224.389824       0.904001       0.228632
        2.631579      10.991188       0.625392       0.000000      66.018127     217.117997       0.902761       0.219778
        2.697368      10.976364       0.625392       0.000000      64.827148     209.863958       0.901593       0.211476
        2.763158      10.962365       0.625392       0.000000      63.748291     202.636709       0.900499       0.203728
        2.828947      10.949134       0.625392       0.000000      62.623291     196.100994       0.899502       0.196719
        2.894737      10.936615       0.625392       0.000000      61.478516     190.117061       0.898576       0.190244
        2.960526      10.924760       0.625392       0.000000      60.377319     184.397786       0.897703       0.184155
        3.026316      10.913523       0.625392       0.000000      59.331177     178.859870       0.896885       0.178481
        3.092105      10.902863       0.625392       0.000000      58.338867     173.505370       0.896108       0.173099
        3.157895      10.892741       0.625392       0.000000      57.405273     168.284236       0.895366       0.167962
        3.223684      10.883123       0.625392       0.000000      56.529053     163.204993       0.894663       0.163115
        3.289474      10.873977       0.625392       0.000000      55.708130     158.237159       0.893996       0.158521
        3.355263      10.865271       0.625392       0.000000      54.938477     153.376294       0.893352       0.154089
        3.421053      10.856980       0.625392       0.000000      54.287109     148.596115       0.892733       0.149832
        3.486842      10.849077       0.625392       0.000000      53.714233     143.909423       0.892134       0.145702
        3.552631      10.841539       0.625392       0.000000      53.205200     139.294461       0.891556       0.141724
        3.618421      10.834344       0.625392       0.000000      52.745728     134.785760       0.890998       0.137879
        3.684211      10.827472       0.625392       0.000000      52.330566     130.364559       0.890467       0.134226
        3.750000      10.820904       0.625392       0.000000      51.963745     125.996783       0.889946       0.130635
        3.815789      10.814622       0.625392       0.000000      51.631226     121.720181       0.889453       0.127249
        3.881579      10.808611       0.625392       0.000000      51.336060     117.528525       0.888971       0.123934
        3.947368      10.802855       0.625392       0.000000      51.073853     113.384884       0.888505       0.120721
        4.013158      10.797340       0.625392       0.000000      50.841797     109.311126       0.888056       0.117632
        4.078948      10.792053       0.625392       0.000000      50.637573     105.312390       0.887618       0.114616
        4.144737      10.786981       0.625392       0.000000      50.466797     101.382739       0.887197       0.111712
        4.210526      10.782114       0.625392       0.000000      50.317383      97.505656       0.886782       0.108849
        4.276316      10.777441       0.625392       0.000000      50.194946      93.686544       0.886390       0.106148
        4.342105      10.772951       0.625392       0.000000      50.094238      89.906404       0.885999       0.103453
        4.407895      10.768635       0.625392       0.000000      50.015625      86.190054       0.885627       0.100884
        4.473684      10.764484       0.625392       0.000000      49.961670      82.535895       0.885256       0.098316
        4.539474      10.760491       0.625392       0.000000      49.922852      78.931002       0.884899       0.095843
        4.605263      10.756647       0.625392       0.000000      49.690308      75.638781       0.884559       0.093501
        4.671053      10.752945       0.625392       0.000000      49.184326      72.819298       0.884246       0.091357
        4.736842      10.749377       0.625392       0.000000      48.622314      70.140197       0.883939       0.089249
        4.802631      10.745939       0.625392       0.000000      48.041138      67.544967       0.883647       0.087248
        4.868421      10.742623       0.625392       0.000000      47.447632      65.021310       0.883355       0.085236
        4.934211      10.739424       0.625392       0.000000      46.851807      62.565933       0.883074       0.083307
        5.000000      10.736337       0.625392       0.000000      46.248779      60.167188       0.882793       0.081369
        5.065790      10.733356       0.625392       0.000000      45.660889      57.833069       0.882529       0.079552
        5.131579      10.730477       0.625392       0.000000      45.062744      55.534310       0.882261       0.077702
        5.197368      10.727695       0.625392       0.000000      44.473145      53.273607       0.882004       0.075928
        5.263158      10.725005       0.625392       0.000000      43.889648      51.034685       0.881756       0.074223
        5.328948      10.722405       0.625392       0.000000      43.307129      48.875402       0.881509       0.072513
        5.394737      10.719889       0.625392       0.000000      42.716553      46.704155       0.881257       0.070757
        5.460526      10.717455       0.625392       0.000000      42.147949      44.613866       0.881023       0.069135
        5.526316      10.715098       0.625392       0.000000      41.575317      42.526131       0.880797       0.067570
        5.592105      10.712816       0.625392       0.001892      40.872070      40.868144       0.880547       0.065819
        5.657895      10.710606       0.625392       0.007019      39.957642      39.951774       0.880291       0.064008
        5.723684      10.708464       0.625392       0.012024      39.056152      39.060801       0.880036       0.062203
        5.789474      10.706387       0.625392       0.016907      38.182739      38.184126       0.879798       0.060521
        5.855263      10.704374       0.625392       0.021790      37.298950      37.315650       0.879562       0.058859
        5.921053      10.702422       0.625392       0.026550      36.431396      36.433924       0.879326       0.057186
        5.986842      10.700527       0.625392       0.031189      35.564941      35.567422       0.879096       0.055557
        6.052631      10.698689       0.625392       0.035950      34.706543      34.742951       0.878876       0.054002
        6.118421      10.696904       0.625392       0.040466      33.865112      33.867283       0.878669       0.052537
        6.184211      10.695171       0.625392       0.044983      33.030884      33.046862       0.878464       0.051095
        6.250000      10.693488       0.625392       0.049377      32.188354      32.185615       0.878256       0.049615
        6.315790      10.691852       0.625392       0.053772      31.356079      31.347292       0.878063       0.048258
        6.381579      10.690263       0.625392       0.057922      30.598145      30.559351       0.877869       0.046885
        6.447368      10.688717       0.625392       0.062195      29.868408      29.870176       0.877679       0.045542
        6.513158      10.687215       0.625392       0.066223      29.177246      29.176451       0.877502       0.044295
        6.578948      10.685754       0.625392       0.070374      28.493896      28.539295       0.877320       0.043007
        6.644737      10.684332       0.625392       0.074280      27.836670      27.869001       0.877149       0.041795
        6.710526      10.682949       0.625392       0.078186      27.185547      27.194762       0.876978       0.040586
        6.776316      10.681603       0.625392       0.081970      26.557129      26.560628       0.876818       0.039464
        6.842105      10.680292       0.625392       0.085876      25.926880      25.974816       0.876645       0.038233
        6.907895      10.679016       0.625392       0.089539      25.322144      25.325336       0.876492       0.037151
        6.973684      10.677772       0.625392       0.093201      24.729370      24.716908       0.876337       0.036053
        7.039473      10.676561       0.625392       0.096863      24.121216      24.106082       0.876177       0.034916
        7.105263      10.675381       0.625392       0.100525      23.545532      23.552406       0.876034       0.033907
        7.171053      10.674231       0.625392       0.104065      22.976562      22.964890       0.875886       0.032864
        7.236842      10.673109       0.625392       0.107605      22.401001      22.363597       0.875742       0.031838
        7.302632      10.672016       0.625392       0.111145      21.810669      21.823591       0.875590       0.030756
        7.368421      10.670950       0.625392       0.114685      21.279785      21.266975       0.875459       0.029833
        7.434211      10.669909       0.625392       0.118103      20.711426      20.698815       0.875317       0.028819
        7.500000      10.668895       0.625392       0.121521      20.166626      20.178790       0.875182       0.027865
