        0.065789       0.996956       0.003037       0.003037       0.000000       0.000000       0.000000       0.000000       0.000000       0.000000       0.000000       0.000000       0.000000       0.000000       0.000000       0.000000
        0.131579       0.992058       0.007948       0.007948       0.000000       0.000000       0.000000       0.000000       0.000000       0.000000       0.000000       0.000000       0.000000       0.000000       0.000000       0.000000
        0.197368       0.986595       0.013401       0.013401       0.000000       0.000000       0.000000       0.000000       0.000000       0.000000       0.000000       0.000000       0.000000       0.000000       0.000000       0.000000
        0.263158       0.981178       0.018821       0.018821       0.000000       0.000000       0.000000       0.000000       0.000000       0.000000       0.000000       0.000000       0.000000       0.000000       0.000000       0.000000
        0.328947       0.976067       0.023935       0.023935       0.000000       0.000000       0.000000       0.000000       0.000000       0.000000       0.000000       0.000000       0.000000       0.000000       0.000000       0.000000
        0.394737       0.971367       0.028627       0.028627       0.000000       0.000000       0.000000       0.000000       0.000000       0.000000       0.000000       0.000000       0.000000       0.000000       0.000000       0.000000
        0.460526       0.967125       0.032869       0.032869       0.000000       0.000000       0.000000       0.000000       0.000000       0.000000       0.000000       0.000000       0.000000       0.000000       0.000000       0.000000
        0.526316       0.963326       0.036677       0.036677       0.000000       0.000000       0.000000       0.000000       0.000000       0.000000       0.000000       0.000000       0.000000       0.000000       0.000000       0.000000
        0.592105       0.959908       0.040085       0.040085       0.000000       0.000000       0.000000       0.000000       0.000000       0.000000       0.000000       0.000000       0.000000       0.000000       0.000000       0.000000
        0.657895       0.956856       0.043139       0.043139       0.000000       0.000000       0.000000       0.000000       0.000000       0.000000       0.000000       0.000000       0.000000       0.000000       0.000000       0.000000
        0.723684       0.954109       0.045887       0.045887       0.000000       0.000000       0.000000       0.000000       0.000000       0.000000       0.000000       0.000000       0.000000       0.000000       0.000000       0.000000
        0.789474       0.950996       0.049001       0.048133       0.000868       0.000000       0.000000       0.000000       0.000000       0.000000       0.000000       0.000000       0.000000       0.000000       0.000000       0.000000
        0.855263       0.947533       0.052469       0.049905       0.002564       0.000000       0.000000       0.000000       0.000000       0.000000       0.000000       0.000000       0.000000       0.000000       0.000000       0.000000
        0.921053       0.944145       0.055863       0.051409       0.004454       0.000000       0.000000       0.000000       0.000000       0.000000       0.000000       0.000000       0.000000       0.000000       0.000000       0.000000
        0.986842       0.940895       0.059107       0.052722       0.006384       0.000000       0.000000       0.000000       0.000000       0.000000       0.000000       0.000000       0.000000       0.000000       0.000000       0.000000
        1.052632       0.937813       0.062182       0.053893       0.008290       0.000000       0.000000       0.000000       0.000000       0.000000       0.000000       0.000000       0.000000       0.000000       0.000000       0.000000
        1.118421       0.934898       0.065099       0.054955       0.010143       0.000000       0.000000       0.000000       0.000000       0.000000       0.000000       0.000000       0.000000       0.000000       0.000000       0.000000
        1.184211       0.932137       0.067869       0.055935       0.011934       0.000000       0.000000       0.000000       0.000000       0.000000       0.000000       0.000000       0.000000       0.000000       0.000000       0.000000
        1.250000       0.914497       0.076351       0.054806       0.012402       0.000000       0.000000       0.000000       0.000000       0.000000       0.000000       0.000000       0.000000       0.000000       0.009142       0.000000
        1.315789       0.882362       0.090345       0.051581       0.011487       0.000000       0.000000       0.000000       0.000000       0.000000       0.000000       0.000000       0.000000       0.000000       0.027278       0.000000
        1.381579       0.850624       0.104032       0.048269       0.010424       0.000000       0.000000       0.000000       0.000000       0.000000       0.000000       0.000000       0.000000       0.000000       0.045340       0.000000
        1.447368       0.820396       0.116970       0.045023       0.009323       0.000000       0.000000       0.000000       0.000000       0.000000       0.000000       0.000000       0.000000       0.000000       0.062625       0.000000
        1.513158       0.792000       0.129070       0.041895       0.008231       0.000000       0.000000       0.000000       0.000000       0.000000       0.000000       0.000000       0.000000       0.000000       0.078943       0.000000
        1.578947       0.765480       0.140301       0.038906       0.007173       0.000000       0.000000       0.000000       0.000000       0.000000       0.000000       0.000000       0.000000       0.000000       0.094226       0.000000
        1.644737       0.740807       0.150705       0.036066       0.006165       0.000000       0.000000       0.000000       0.000000       0.000000       0.000000       0.000000       0.000000       0.000000       0.108477       0.000000
        1.710526       0.717964       0.160321       0.033381       0.005218       0.000000       0.000000       0.000000       0.000000       0.000000       0.000000       0.000000       0.000000       0.000000       0.121727       0.000000
        1.776316       0.696800       0.169193       0.030852       0.004340       0.000000       0.000000       0.000000       0.000000       0.000000       0.000000       0.000000       0.000000       0.000000       0.134003       0.000000
        1.842105       0.677269       0.177368       0.028478       0.003537       0.000000       0.000000       0.000000       0.000000       0.000000       0.000000       0.000000       0.000000       0.000000       0.145354       0.000000
        1.907895       0.659248       0.184907       0.026259       0.002812       0.000000       0.000000       0.000000       0.000000       0.000000       0.000000       0.000000       0.000000       0.000000       0.155841       0.000000
        1.973684       0.642647       0.191853       0.024189       0.002167       0.000000       0.000000       0.000000       0.000000       0.000000       0.000000       0.000000       0.000000       0.000000       0.165491       0.000000
        2.039474       0.627373       0.198251       0.022266       0.001603       0.000000       0.000000       0.000000       0.000000       0.000000       0.000000       0.000000       0.000000       0.000000       0.174377       0.000000
        2.105263       0.613319       0.204133       0.020484       0.001120       0.000000       0.000000       0.000000       0.000000       0.000000       0.000000       0.000000       0.000000       0.000000       0.182533       0.000000
        2.171053       0.600410       0.209579       0.018836       0.000718       0.000000       0.000000       0.000000       0.000000       0.000000       0.000000       0.000000       0.000000       0.000000       0.190019       0.000000
        2.236842       0.588539       0.214594       0.017317       0.000396       0.000000       0.000000       0.000000       0.000000       0.000000       0.000000       0.000000       0.000000       0.000000       0.196878       0.000000
        2.302632       0.577629       0.219227       0.015920       0.000158       0.000000       0.000000       0.000000       0.000000       0.000000       0.000000       0.000000       0.000000       0.000000       0.203149       0.000000
        2.368421       0.567604       0.223522       0.014635       0.000014       0.000000       0.000000       0.000000       0.000000       0.000000       0.000000       0.000000       0.000000       0.000000       0.208867       0.000000
        2.434211       0.558418       0.227526       0.013455       0.000000       0.000000       0.000000       0.000000       0.000000       0.000000       0.000000       0.000000       0.000000       0.000000       0.214069       0.000000
        2.500000       0.549950       0.231218       0.012378       0.000000       0.000000       0.000000       0.000000       0.000000       0.000000       0.000000       0.000000       0.000000       0.000000       0.218831       0.000000
        2.565789       0.540108       0.233029       0.011366       0.000000       0.005194       0.000000       0.000000       0.000000       0.000000       0.000000       0.000000       0.000000       0.000000       0.221658       0.000000
        2.631579       0.529579       0.233593       0.010431       0.000000       0.013649       0.000000       0.000000       0.000000       0.000000       0.000000       0.000000       0.000000       0.000000       0.223168       0.000000
        2.697368       0.519142       0.233618       0.009580       0.000000       0.023213       0.000000       0.000000       0.000000       0.000000       0.000000       0.000000       0.000000       0.000000       0.224033       0.000000
        2.763158       0.508919       0.233247       0.008808       0.000000       0.033381       0.000000       0.000000       0.000000       0.000000       0.000000       0.000000       0.000000       0.000000       0.224446       0.000000
        2.828947       0.499016       0.232597       0.008110       0.000000       0.043878       0.000000       0.000000       0.000000       0.000000       0.000000       0.000000       0.000000       0.000000       0.224487       0.000000
        2.894737       0.489433       0.231728       0.007478       0.000000       0.054591       0.000000       0.000000       0.000000       0.000000       0.000000       0.000000       0.000000       0.000000       0.224253       0.000000
        2.960526       0.480110       0.230653       0.006906       0.000000       0.065425       0.000000       0.000000       0.000000       0.000000       0.000000       0.000000       0.000000       0.000058       0.223747       0.000000
        3.026316       0.470573       0.229157       0.006388       0.000000       0.076140       0.000000       0.000000       0.000000       0.000000       0.000000       0.000000       0.000000       0.001345       0.222763       0.000000
        3.092105       0.461113       0.227402       0.005918       0.000000       0.086767       0.000000       0.000000       0.000000       0.000000       0.000000       0.000000       0.000000       0.003260       0.221475       0.000000
        3.157895       0.451790       0.225449       0.005493       0.000000       0.097314       0.000000       0.000000       0.000000       0.000000       0.000000       0.000000       0.000000       0.005463       0.219965       0.000000
        3.223684       0.442696       0.223385       0.005106       0.000000       0.107813       0.000000       0.000000       0.000000       0.000000       0.000000       0.000000       0.000000       0.007806       0.218277       0.000000
        3.289474       0.433891       0.221238       0.004756       0.000000       0.118213       0.000000       0.000000       0.000000       0.000000       0.000000       0.000000       0.000000       0.010193       0.216481       0.000000
        3.355263       0.425346       0.219010       0.004438       0.000000       0.128489       0.000000       0.000000       0.000000       0.000000       0.000000       0.000000       0.000000       0.012564       0.214573       0.000000
        3.421053       0.417091       0.216743       0.004149       0.000000       0.138657       0.000000       0.000000       0.000000       0.000000       0.000000       0.000000       0.000000       0.014890       0.212595       0.000000
        3.486842       0.409081       0.214441       0.003885       0.000000       0.148762       0.000000       0.000000       0.000000       0.000000       0.000000       0.000000       0.000000       0.017159       0.210550       0.000000
        3.552631       0.401375       0.212120       0.003645       0.000000       0.158690       0.000000       0.000000       0.000000       0.000000       0.000000       0.000000       0.000000       0.019325       0.208468       0.000000
        3.618421       0.393898       0.209778       0.003427       0.000000       0.168549       0.000000       0.000000       0.000000       0.000000       0.000000       0.000000       0.000000       0.021410       0.206358       0.000000
        3.684211       0.386711       0.207445       0.003227       0.000000       0.178245       0.000000       0.000000       0.000000       0.000000       0.000000       0.000000       0.000000       0.023378       0.204222       0.000000
        3.750000       0.379738       0.205106       0.003045       0.000000       0.187845       0.000000       0.000000       0.000000       0.000000       0.000000       0.000000       0.000000       0.025248       0.202058       0.000000
        3.815789       0.372993       0.202766       0.002878       0.000000       0.197326       0.000000       0.000000       0.000000       0.000000       0.000000       0.000000       0.000000       0.027010       0.199888       0.000000
        3.881579       0.366493       0.200455       0.002725       0.000000       0.206663       0.000000       0.000000       0.000000       0.000000       0.000000       0.000000       0.000000       0.028673       0.197724       0.000000
        3.947368       0.360237       0.198153       0.002586       0.000000       0.215832       0.000000       0.000000       0.000000       0.000000       0.000000       0.000000       0.000000       0.030211       0.195576       0.000000
        4.013158       0.354149       0.195868       0.002457       0.000000       0.224936       0.000000       0.000000       0.000000       0.000000       0.000000       0.000000       0.000000       0.031662       0.193406       0.000000
        4.078948       0.348259       0.193588       0.002339       0.000000       0.233873       0.000000       0.000000       0.000000       0.000000       0.000000       0.000000       0.000000       0.033007       0.191259       0.000000
        4.144737       0.342598       0.191356       0.002231       0.000000       0.242642       0.000000       0.000000       0.000000       0.000000       0.000000       0.000000       0.000000       0.034253       0.189131       0.000000
        4.210526       0.337303       0.189803       0.002110       0.000000       0.250861       0.000000       0.000000       0.000000       0.000000       0.000000       0.000000       0.000000       0.035563       0.186458       0.001240
        4.276316       0.333382       0.191972       0.001892       0.000000       0.256275       0.000000       0.000000       0.000000       0.000000       0.000000       0.000000       0.000000       0.037582       0.180793       0.009296
        4.342105       0.329597       0.194088       0.001694       0.000000       0.261562       0.000000       0.000000       0.000000       0.000000       0.000000       0.000000       0.000000       0.039478       0.175293       0.017108
        4.407895       0.325890       0.196035       0.001517       0.000000       0.266822       0.000000       0.000000       0.000000       0.000000       0.000000       0.000000       0.000000       0.041231       0.170023       0.024505
        4.473684       0.322319       0.197944       0.001356       0.000000       0.271943       0.000000       0.000000       0.000000       0.000000       0.000000       0.000000       0.000000       0.042867       0.164908       0.031684
        4.539474       0.318840       0.199808       0.001210       0.000000       0.277025       0.000000       0.000000       0.000000       0.000000       0.000000       0.000000       0.000000       0.044409       0.159935       0.038656
        4.605263       0.315407       0.201499       0.001080       0.000000       0.282081       0.000000       0.000000       0.000000       0.000000       0.000000       0.000000       0.000000       0.045822       0.155176       0.045253
        4.671053       0.312080       0.203129       0.000963       0.000000       0.286998       0.000000       0.000000       0.000000       0.000000       0.000000       0.000000       0.000087       0.047142       0.150599       0.051665
        4.736842       0.308449       0.204390       0.000859       0.000000       0.291536       0.000000       0.000000       0.000000       0.000000       0.000000       0.000000       0.001043       0.048402       0.146170       0.058407
        4.802631       0.304695       0.205382       0.000766       0.000000       0.295924       0.000000       0.000000       0.000000       0.000000       0.000000       0.000000       0.002467       0.049601       0.141957       0.065132
        4.868421       0.300987       0.206260       0.000683       0.000000       0.300046       0.000000       0.000000       0.000000       0.000000       0.000000       0.000000       0.004147       0.050699       0.137891       0.071840
        4.934211       0.297264       0.206967       0.000608       0.000000       0.304105       0.000000       0.000000       0.000000       0.000000       0.000000       0.000000       0.005987       0.051700       0.133969       0.078369
        5.000000       0.293602       0.207624       0.000540       0.000000       0.308021       0.000000       0.000000       0.000000       0.000000       0.000000       0.000000       0.007955       0.052631       0.130160       0.084887
        5.065790       0.290016       0.208208       0.000480       0.000000       0.311866       0.000000       0.000000       0.000000       0.000000       0.000000       0.000000       0.009982       0.053469       0.126474       0.091236
        5.131579       0.286461       0.208640       0.000426       0.000000       0.315701       0.000000       0.000000       0.000000       0.000000       0.000000       0.000000       0.012019       0.054219       0.122957       0.097265
        5.197368       0.282982       0.209071       0.000376       0.000000       0.319446       0.000000       0.000000       0.000000       0.000000       0.000000       0.000000       0.014101       0.054907       0.119511       0.103296
        5.263158       0.279640       0.209448       0.000333       0.000000       0.323086       0.000000       0.000000       0.000000       0.000000       0.000000       0.000000       0.016133       0.055497       0.116215       0.109024
        5.328948       0.276314       0.209692       0.000294       0.000000       0.326710       0.000000       0.000000       0.000000       0.000000       0.000000       0.000067       0.018132       0.056019       0.113058       0.114610
        5.394737       0.272743       0.209463       0.000261       0.000000       0.329866       0.000000       0.000000       0.000000       0.000000       0.000000       0.000957       0.020119       0.056588       0.110289       0.120954
        5.460526       0.269127       0.208940       0.000234       0.000000       0.332784       0.000000       0.000000       0.000000       0.000000       0.000000       0.002254       0.022017       0.057121       0.107789       0.127438
        5.526316       0.265480       0.208249       0.000210       0.000000       0.335579       0.000000       0.000000       0.000000       0.000000       0.000000       0.003792       0.023862       0.057609       0.105416       0.134059
        5.592105       0.261925       0.207486       0.000188       0.000000       0.338219       0.000000       0.000000       0.000000       0.000000       0.000000       0.005466       0.025634       0.058054       0.103189       0.140668
        5.657895       0.258507       0.206687       0.000169       0.000000       0.340773       0.000000       0.000000       0.000000       0.000000       0.000000       0.007198       0.027307       0.058438       0.101091       0.147123
        5.723684       0.255135       0.205811       0.000152       0.000000       0.343334       0.000000       0.000000       0.000000       0.000000       0.000000       0.008971       0.028898       0.058762       0.099068       0.153430
        5.789474       0.251869       0.204908       0.000137       0.000000       0.345838       0.000000       0.000000       0.000000       0.000000       0.000091       0.010747       0.030399       0.059029       0.097131       0.159454
        5.855263       0.248695       0.204004       0.000123       0.000000       0.348130       0.000000       0.000000       0.000000       0.000000       0.000425       0.012508       0.031800       0.059209       0.095203       0.165069
        5.921053       0.245659       0.203155       0.000110       0.000000       0.350245       0.000000       0.000000       0.000000       0.000000       0.000843       0.014272       0.033146       0.059354       0.093333       0.170559
        5.986842       0.242653       0.202246       0.000099       0.000000       0.352364       0.000000       0.000000       0.000000       0.000000       0.001405       0.015992       0.034393       0.059421       0.091481       0.175661
        6.052631       0.239799       0.201391       0.000088       0.000000       0.354364       0.000000       0.000000       0.000000       0.000000       0.002028       0.017677       0.035572       0.059459       0.089705       0.180518
        6.118421       0.237083       0.200596       0.000079       0.000000       0.356232       0.000000       0.000000       0.000000       0.000000       0.002701       0.019315       0.036672       0.059441       0.087954       0.185140
        6.184211       0.234383       0.199777       0.000070       0.000000       0.358101       0.000000       0.000000       0.000000       0.000000       0.003437       0.020950       0.037736       0.059398       0.086232       0.189664
        6.250000       0.231804       0.198986       0.000062       0.000000       0.359887       0.000000       0.000000       0.000000       0.000000       0.004255       0.022507       0.038709       0.059303       0.084554       0.193835
        6.315790       0.229286       0.198218       0.000055       0.000000       0.361639       0.000000       0.000000       0.000000       0.000000       0.005107       0.024051       0.039644       0.059182       0.082897       0.197919
        6.381579       0.226845       0.197452       0.000048       0.000000       0.363329       0.000000       0.000000       0.000000       0.000000       0.006035       0.025527       0.040504       0.059019       0.081277       0.201668
        6.447368       0.224510       0.196731       0.000043       0.000000       0.364941       0.000000       0.000000       0.000000       0.000000       0.007005       0.026947       0.041300       0.058822       0.079689       0.205215
        6.513158       0.222176       0.196022       0.000037       0.000000       0.366570       0.000000       0.000000       0.000000       0.000000       0.007979       0.028404       0.042106       0.058623       0.078108       0.208814
        6.578948       0.219994       0.195368       0.000033       0.000000       0.368101       0.000000       0.000000       0.000000       0.000000       0.009002       0.029769       0.042832       0.058396       0.076595       0.212097
        6.644737       0.217812       0.194707       0.000028       0.000000       0.369584       0.000000       0.000000       0.000000       0.000000       0.010044       0.031111       0.043512       0.058122       0.075051       0.215315
        6.710526       0.215691       0.194045       0.000024       0.000000       0.371113       0.000000       0.000000       0.000000       0.000000       0.011201       0.032404       0.044150       0.057840       0.073568       0.218231
        6.776316       0.213661       0.193456       0.000021       0.000000       0.372502       0.000000       0.000000       0.000000       0.000000       0.012267       0.033689       0.044771       0.057552       0.072110       0.221208
        6.842105       0.211662       0.192864       0.000018       0.000000       0.373883       0.000000       0.000000       0.000000       0.000000       0.013398       0.034932       0.045346       0.057235       0.070663       0.224011
        6.907895       0.209740       0.192268       0.000015       0.000000       0.375121       0.000000       0.000000       0.000000       0.000210       0.014482       0.036102       0.045871       0.056916       0.069291       0.226528
        6.973684       0.207909       0.191655       0.000013       0.000000       0.375986       0.000000       0.000000       0.000000       0.000946       0.015320       0.037174       0.046335       0.056605       0.068026       0.228997
        7.039473       0.206200       0.191060       0.000011       0.000000       0.376719       0.000000       0.000000       0.000000       0.001898       0.016139       0.038140       0.046735       0.056294       0.066852       0.231078
        7.105263       0.204460       0.190416       0.000010       0.000000       0.377361       0.000000       0.000000       0.000000       0.002987       0.016885       0.039085       0.047112       0.055971       0.065692       0.233120
        7.171053       0.202797       0.189801       0.000008       0.000000       0.377928       0.000000       0.000000       0.000000       0.004185       0.017624       0.039973       0.047448       0.055638       0.064565       0.235013
        7.236842       0.201180       0.189222       0.000007       0.000000       0.378454       0.000000       0.000000       0.000000       0.005442       0.018279       0.040871       0.047791       0.055318       0.063469       0.236983
        7.302632       0.199699       0.188670       0.000006       0.000000       0.378857       0.000000       0.000000       0.000000       0.006724       0.018965       0.041642       0.048058       0.054992       0.062457       0.238587
        7.368421       0.196541       0.186705       0.000005       0.000000       0.380400       0.000000       0.000000       0.000000       0.007835       0.019020       0.043264       0.049057       0.055264       0.061896       0.241361
        7.434211       0.192711       0.184098       0.000004       0.000000       0.382565       0.000000       0.000000       0.000000       0.008789       0.018768       0.045235       0.050385       0.055856       0.061655       0.244519
        7.500000       0.189384       0.181902       0.000003       0.000000       0.384400       0.000000       0.000000       0.000000       0.009886       0.018739       0.046872       0.051401       0.056174       0.061197       0.247085
