   9.9999997764825821E-003   16790984624809.703        8.0398398146558248E-002   41.526769999999999     
   1.9999999552965164E-002   33619981086403.883        6.6745849081694744E-002   37.220329999999997     
   2.9999999329447746E-002   50474466637576.258        5.3946286634320426E-002   29.705970000000001     
   3.9999999105930328E-002   67356269484344.031        5.6195222557781130E-002   20.459810000000001     
   4.9999997019767761E-002   84266458709616.781        7.7292400291305782E-002   16.003240000000002     
   5.9999998658895493E-002   101205349841336.56       0.10785340366382291        14.379690000000000     
   7.0000000298023224E-002   118175407709544.88       0.14172439719162996        13.762330000000000     
   7.9999998211860657E-002   135177634579469.41       0.17479622463304736        13.507700000000000     
   8.9999996125698090E-002   152209550772694.97       0.20465905800055567        13.388150000000000     
   9.9999994039535522E-002   169275692467400.25       0.23048036352630677        13.318330000000000     
  0.10999999940395355        186377202988363.66       0.25243370172927743        13.265739999999999     
  0.11999999731779099        203516250198151.69       0.27090402658281493        13.218489999999999     
  0.12999999523162842        220696085890614.34       0.28692578233796240        13.170909999999999     
  0.14000000059604645        237919189744166.81       0.30176481464627075        13.119199999999999     
  0.14999999105930328        255190565660760.88       0.31641649670556321        13.060940000000000     
  0.15999999642372131        272515291784216.81       0.33175540270411685        12.994600000000000     
  0.17000000178813934        289904222275741.62       0.34860868321099203        12.919779999999999     
  0.17999999225139618        307364187387257.38       0.36778048477494879        12.837809999999999     
  0.18999999761581421        324885743553063.00       0.38030389171912254        12.786360000000000     
  0.19999998807907104        342446915180017.38       0.38501714704882217        12.766000000000000     
  0.20999999344348907        360043693207209.81       0.38985776671881234        12.742160000000000     
  0.21999999880790710        377669752227425.25       0.39552066182814882        12.709170000000000     
  0.22999998927116394        395341395755034.62       0.40234677770093408        12.662450000000000     
  0.23999999463558197        413051645054378.19       0.41069957300066362        12.598269999999999     
  0.25000000000000000        430821614512919.88       0.42113500947919841        12.514460000000000     
  0.25999999046325684        448661311934563.06       0.43439094916388388        12.411709999999999     
  0.26999998092651367        466574360322501.38       0.45131693341944296        12.294250000000000     
  0.28000000119209290        484568896585546.31       0.47277623611517405        12.169300000000000     
  0.28999999165534973        502669182966395.62       0.49950447171994417        12.045730000000001     
  0.29999998211860657        520871151010643.44       0.53197346208324281        11.932210000000000     
  0.31000000238418579        539194162997651.75       0.57035624682143160        11.835430000000001     
  0.31999999284744263        557636912270531.25       0.61448992488747733        11.759340000000000     
  0.32999998331069946        576236994911601.50       0.66399292034134227        11.704929999999999     
  0.34000000357627869        594982472828372.38       0.71821193071627853        11.671090000000000     
  0.34999999403953552        613887541066143.12       0.77640372165258031        11.655189999999999     
  0.35999998450279236        632964791045848.50       0.83774716465688281        11.653950000000000     
  0.37000000476837158        652229724469677.25       0.90146477531545777        11.663980000000000     
  0.37999999523162842        671680500139285.12       0.96667142606546130        11.682110000000000     
  0.38999998569488525        691322107108250.00        1.0253399707875939        11.702560000000000     
  0.39999997615814209        711128768599752.62        1.0790816682766986        11.722820000000000     
  0.40999999642372131        731118599629760.38        1.1302769765012413        11.742200000000000     
  0.41999998688697815        751285185700816.00        1.1793337545269369        11.760000000000000     
  0.42999997735023499        771596276145147.50        1.2263397606368354        11.775760000000000     
  0.43999999761581421        792096356690492.00        1.2713825473825162        11.789239999999999     
  0.44999998807907104        812779131626381.88        1.3144959238745726        11.800280000000001     
  0.45999997854232788        833618586602017.75        1.3552090561364536        11.808750000000000     
  0.46999999880790710        854634499651226.50        1.3938972071603744        11.814750000000000     
  0.47999998927116394        875805192148342.12        1.4306876165119904        11.818379999999999     
  0.48999997973442078        897192255147654.38        1.4657990476624205        11.819730000000000     
  0.50000000000000000        918746689015808.25        1.4992274377474253        11.818899999999999     
  0.50999999046325684        940439628514245.62        1.5310436804935994        11.816010000000000     
  0.51999998092651367        962304452787142.88        1.5613093378677145        11.811190000000000     
  0.52999997138977051        984407682548872.75        1.5901706523038559        11.804550000000001     
  0.53999996185302734        1006609030364302.4        1.6175476237759856        11.796230000000000     
  0.55000001192092896        1029054782411557.2        1.6436202559439004        11.786330000000000     
  0.56000000238418579        1051635238905417.4        1.6683836520976427        11.774970000000000     
  0.56999999284744263        1074425473223531.6        1.6919141003068934        11.762269999999999     
  0.57999998331069946        1097413606666905.1        1.7142772149164516        11.748310000000000     
  0.58999997377395630        1120554381392366.2        1.7354374444788534        11.733250000000000     
  0.59999996423721313        1143842927133327.2        1.7555252834389745        11.717150000000000     
  0.61000001430511475        1167395655139940.2        1.7746203308606827        11.700040000000000     
  0.62000000476837158        1191079761557439.5        1.7926816533454810        11.682110000000000     
  0.62999999523162842        1214890970054187.0        1.8097480544959825        11.663430000000000     
  0.63999998569488525        1238974675905883.2        1.8255474071778388        11.644489999999999     
  0.64999997615814209        1263226940496320.5        1.8383275022954713        11.627820000000000     
  0.65999996662139893        1287596566632830.0        1.8504519316706365        11.610650000000000     
  0.66999995708465576        1312117408607547.8        1.8620172915363151        11.592840000000001     
  0.68000000715255737        1336741714050513.0        1.8729610477577390        11.574550000000000     
  0.68999999761581421        1361595634745054.8        1.8833379854382881        11.555730000000001     
  0.69999998807907104        1386600177342855.0        1.8932042195470924        11.536350000000001     
  0.70999997854232788        1411714716693350.0        1.9024946567666172        11.516620000000000     
  0.71999996900558472        1437025135790275.2        1.9111170199214467        11.496840000000001     
  0.72999995946884155        1462536186113228.8        1.9191678806982027        11.476940000000001     
  0.74000000953674316        1488074795017850.8        1.9267008799100365        11.456880000000000     
  0.75000000000000000        1513818667841109.0        1.9338224059674818        11.436470000000000     
  0.75999999046325684        1539727654580400.0        1.9404993753990596        11.415870000000000     
  0.76999998092651367        1565825631420703.8        1.9468033907032132        11.394950000000000     
  0.77999997138977051        1592027309303235.0        1.9527382644700537        11.373760000000001     
  0.78999996185302734        1618496851848107.0        1.9583214111715022        11.352320000000001     
  0.79999995231628418        1644933134035792.8        1.9635512724632675        11.330710000000000     
  0.81000000238418579        1671619344050336.0        1.9684749885047104        11.308830000000000     
  0.81999999284744263        1698504165912078.5        1.9729340278409424        11.287509999999999     
  0.82999998331069946        1725450638221605.8        1.9770444251716917        11.266370000000000     
  0.83999997377395630        1752674121791699.8        1.9808748595306833        11.245150000000001     
  0.84999996423721313        1779950703146302.2        1.9844156527987313        11.223990000000001     
  0.85999995470046997        1807302476665544.2        1.9877042675535102        11.202750000000000     
  0.87000000476837158        1834879707891713.8        1.9907697189555693        11.181319999999999     
  0.87999999523162842        1862635951111740.2        1.9936098505879594        11.159760000000000     
  0.88999998569488525        1890557902182749.2        1.9962395897030552        11.138040000000000     
  0.89999997615814209        1918587949414614.0        1.9986468062625109        11.116339999999999     
  0.90999996662139893        1946891206723367.5        2.0008669162347643        11.094420000000000     
  0.91999995708465576        1975253976314086.2        2.0028855669120311        11.072520000000001     
  0.93000000715255737        2003620547088483.5        2.0047161522428834        11.050599999999999     
  0.93999999761581421        2032355595105710.8        2.0063731723041185        11.028570000000000     
  0.94999998807907104        2061100383656113.5        2.0078572816288958        11.006539999999999     
  0.95999997854232788        2090167797671224.8        2.0091832149293172        10.984389999999999     
  0.96999996900558472        2119250891569009.8        2.0103476180341087        10.962280000000000     
  0.97999995946884155        2148430202928655.2        2.0113615075742515        10.940160000000001     
  0.98999994993209839        2177965400110195.5        2.0122281272989078        10.918110000000000     
   1.0000000000000000        2207513426286650.5        2.0129567347057584        10.896060000000000     
   1.0099999904632568        2237299264016988.2        2.0135553576618443        10.873900000000001     
   1.0199999809265137        2267375654724747.5        2.0140242059419600        10.851820000000000     
   1.0299999713897705        2297380535664556.0        2.0143682163697458        10.829900000000000     
   1.0399999618530273        2327634631709282.5        2.0145957361862701        10.807980000000001     
   1.0499999523162842        2358018680721016.0        2.0147103007254010        10.786220000000000     
   1.0599999427795410        2388543373528852.5        2.0147178313977858        10.764730000000000     
   1.0699999332427979        2419236506288439.5        2.0146240137953311        10.743350000000000     
   1.0799999237060547        2450079785803326.0        2.0144337723153614        10.722149999999999     
   1.0900000333786011        2481084853198526.0        2.0141518037886654        10.701110000000000     
   1.1000000238418579        2512391639548203.0        2.0137804729245667        10.680140000000000     
   1.1100000143051147        2543474631208811.0        2.0133264668808724        10.659390000000000     
   1.1200000047683716        2575133977344663.5        2.0128460603938008        10.640770000000000     
   1.1299999952316284        2606727040340124.0        2.0123424303346122        10.623720000000000     
   1.1399999856948853        2638491156601114.0        2.0117556905604248        10.606090000000000     
