        0.065789      13.525059       1.151932       0.000000      19.053101     483.709673       0.992390       0.955320
        0.131579      13.242256       1.151932       0.000000      33.073181     474.708662       0.985164       0.914722
        0.197368      12.971988       1.151932       0.000000      45.058594     465.961030       0.978296       0.877788
        0.263158      12.717549       1.151932       0.000000      55.537476     457.442455       0.971754       0.844073
        0.328947      12.480697       1.151932       0.000000      64.815613     449.127438       0.965509       0.813141
        0.394737      12.262049       1.151932       0.000000      73.111389     440.990211       0.959529       0.784587
        0.460526      12.061426       1.151932       0.000000      80.594055     433.003378       0.953787       0.758048
        0.526316      11.878125       1.151932       0.000000      87.397827     425.142093       0.948258       0.733216
        0.592105      11.711130       1.151932       0.000000      93.629700     417.382799       0.942921       0.709838
        0.657895      11.559260       1.151932       0.000000      99.379211     409.705985       0.937761       0.687709
        0.723684      11.421271       1.151932       0.000000     104.720825     402.094940       0.932762       0.666653
        0.789474      11.295927       1.151932       0.000000     109.533081     394.502094       0.927910       0.646522
        0.855263      11.182040       1.151932       0.000000     113.859070     386.912816       0.923196       0.627206
        0.921053      11.078497       1.151932       0.000000     117.867004     379.340770       0.918617       0.608639
        0.986842      10.984268       1.151932       0.000000     121.627563     371.786400       0.914168       0.590755
        1.052632      10.898417       1.151932       0.000000     125.185303     364.251004       0.909849       0.573519
        1.118421      10.820094       1.151932       0.000000     128.575012     356.728282       0.905656       0.556890
        1.184211      10.748537       1.151932       0.000000     131.821899     349.221497       0.901588       0.540844
        1.250000      10.683060       1.151932       0.000000     133.310486     341.685311       0.897370       0.524081
        1.315789      10.623053       1.151932       0.000000     132.895386     334.100466       0.892951       0.506373
        1.381579      10.567970       1.151932       0.000000     132.118896     326.498740       0.888588       0.488919
        1.447368      10.517325       1.151932       0.000000     131.106140     318.885083       0.884312       0.471848
        1.513158      10.470685       1.151932       0.000000     129.906921     311.265579       0.880136       0.455210
        1.578947      10.427663       1.151932       0.000000     128.551697     303.642697       0.876071       0.439050
        1.644737      10.387916       1.151932       0.000000     127.062561     296.023265       0.872121       0.423376
        1.710526      10.351137       1.151932       0.000000     125.456909     288.402237       0.868300       0.408249
        1.776316      10.317052       1.151932       0.000000     123.752136     280.793188       0.864605       0.393649
        1.842105      10.285416       1.151932       0.000000     121.963135     273.199461       0.861048       0.379629
        1.907895      10.256010       1.151932       0.000000     120.105286     265.616061       0.857626       0.366168
        1.973684      10.228637       1.151932       0.000000     118.190918     258.053531       0.854345       0.353293
        2.039474      10.203121       1.151932       0.000000     116.234863     250.502054       0.851205       0.341000
        2.105263      10.179305       1.151932       0.000000     114.250427     242.977002       0.848207       0.329291
        2.171053      10.157045       1.151932       0.000000     112.245789     235.481610       0.845344       0.318136
        2.236842      10.136212       1.151932       0.000000     110.235718     228.000594       0.842617       0.307534
        2.302632      10.116692       1.151932       0.000000     108.227539     220.539824       0.840021       0.297468
        2.368421      10.098380       1.151932       0.000000     106.227478     213.105680       0.837552       0.287916
        2.434211      10.081179       1.151932       0.000000     104.239258     205.701676       0.835208       0.278872
        2.500000      10.065006       1.151932       0.000000     102.285278     198.317404       0.832978       0.270286
        2.565789      10.049780       1.151932       0.000000     100.282654     191.612576       0.830899       0.262320
        2.631579      10.035432       1.151932       0.000000      98.280579     185.413598       0.828939       0.254835
        2.697368      10.021897       1.151932       0.000000      96.320007     179.440748       0.827064       0.247684
        2.763158      10.009116       1.151932       0.000000      94.417358     173.641424       0.825262       0.240816
        2.828947       9.997035       1.151932       0.000000      92.575684     167.979215       0.823538       0.234248
        2.894737       9.985605       1.151932       0.000000      90.798462     162.456504       0.821876       0.227920
        2.960526       9.974780       1.151932       0.000000      89.087280     157.048414       0.820266       0.221786
        3.026316       9.964521       1.151932       0.000000      87.438843     151.670247       0.818657       0.215626
        3.092105       9.954787       1.151932       0.000000      85.855591     146.339904       0.817076       0.209562
        3.157895       9.945546       1.151932       0.000000      84.338135     141.084553       0.815524       0.203594
        3.223684       9.936764       1.151932       0.000000      82.879272     135.921445       0.814005       0.197748
        3.289474       9.928413       1.151932       0.000000      81.484741     130.814150       0.812532       0.192073
        3.355263       9.920465       1.151932       0.000000      80.153687     125.808255       0.811100       0.186553
        3.421053       9.912895       1.151932       0.000000      78.881836     120.864088       0.809710       0.181191
        3.486842       9.905679       1.151932       0.000000      77.665405     116.001070       0.808349       0.175938
        3.552631       9.898796       1.151932       0.000000      76.510254     111.216878       0.807038       0.170878
        3.618421       9.892227       1.151932       0.000000      75.408936     106.515839       0.805754       0.165915
        3.684211       9.885952       1.151932       0.000000      74.362549     101.878816       0.804515       0.161126
        3.750000       9.879955       1.151932       0.000000      73.364990      97.308856       0.803303       0.156438
        3.815789       9.874220       1.151932       0.000000      72.419556      92.812088       0.802123       0.151870
        3.881579       9.868731       1.151932       0.000000      71.518921      88.379983       0.800977       0.147430
        3.947368       9.863476       1.151932       0.000000      70.673462      84.023357       0.799870       0.143144
        4.013158       9.858440       1.151932       0.000000      69.864136      79.708213       0.798781       0.138921
        4.078948       9.853613       1.151932       0.000000      69.103882      75.477885       0.797722       0.134814
        4.144737       9.848983       1.151932       0.000000      68.383057      71.298010       0.796698       0.130843
        4.210526       9.844539       1.151932       0.000793      67.483521      67.462444       0.795699       0.126966
        4.276316       9.840272       1.151932       0.006042      65.407715      65.386596       0.794778       0.123411
        4.342105       9.836172       1.151932       0.011292      63.362305      63.354566       0.793891       0.119987
        4.407895       9.832232       1.151932       0.016418      61.380615      61.366612       0.793030       0.116666
        4.473684       9.828442       1.151932       0.021545      59.427002      59.405712       0.792202       0.113476
        4.539474       9.824796       1.151932       0.026672      57.492920      57.511926       0.791393       0.110355
        4.605263       9.821286       1.151932       0.031677      55.621582      55.631001       0.790604       0.107307
        4.671053       9.817906       1.151932       0.036682      53.785034      53.798161       0.789839       0.104353
        4.736842       9.814649       1.151932       0.042053      52.009521      52.018110       0.789021       0.101165
        4.802631       9.811509       1.151932       0.047546      50.294800      50.298043       0.788179       0.097868
        4.868421       9.808482       1.151932       0.053162      48.622314      48.622737       0.787354       0.094634
        4.934211       9.805561       1.151932       0.058777      46.993652      46.950120       0.786529       0.091393
        5.000000       9.802742       1.151932       0.064514      45.382690      45.377288       0.785715       0.088192
        5.065790       9.800021       1.151932       0.070251      43.802490      43.828063       0.784919       0.085057
        5.131579       9.797392       1.151932       0.075867      42.273193      42.277885       0.784132       0.081954
        5.197368       9.794852       1.151932       0.081604      40.745850      40.792538       0.783356       0.078893
        5.263158       9.792396       1.151932       0.087219      39.265259      39.278952       0.782616       0.075978
        5.328948       9.790022       1.151932       0.092834      37.828735      37.830446       0.781877       0.073064
        5.394737       9.787725       1.151932       0.099182      36.533325      36.547207       0.781068       0.069842
        5.460526       9.785502       1.151932       0.105774      35.348633      35.313516       0.780243       0.066551
        5.526316       9.783350       1.151932       0.112610      34.215942      34.191100       0.779405       0.063197
        5.592105       9.781267       1.151932       0.119568      33.134644      33.156623       0.778581       0.059899
        5.657895       9.779248       1.151932       0.126526      32.104614      32.100426       0.777785       0.056713
        5.723684       9.777293       1.151932       0.133484      31.108887      31.105922       0.776996       0.053551
        5.789474       9.775397       1.151932       0.140320      30.145752      30.147228       0.776227       0.050474
        5.855263       9.773559       1.151932       0.146912      29.192993      29.172804       0.775487       0.047511
        5.921053       9.771776       1.151932       0.153503      28.250488      28.266907       0.774773       0.044658
        5.986842       9.770046       1.151932       0.159851      27.326538      27.337331       0.774071       0.041849
        6.052631       9.768368       1.151932       0.166077      26.421875      26.399528       0.773399       0.039165
        6.118421       9.766738       1.151932       0.172180      25.527588      25.500116       0.772764       0.036632
        6.184211       9.765156       1.151932       0.178284      24.635620      24.667785       0.772124       0.034076
        6.250000       9.763619       1.151932       0.184143      23.765869      23.752306       0.771518       0.031659
        6.315790       9.762126       1.151932       0.190002      22.895630      22.899520       0.770920       0.029275
        6.381579       9.760674       1.151932       0.195618      22.042236      22.022198       0.770344       0.026977
        6.447368       9.759264       1.151932       0.201111      21.201172      21.152759       0.769794       0.024789
        6.513158       9.757892       1.151932       0.206726      20.340088      20.323300       0.769235       0.022556
        6.578948       9.756558       1.151932       0.212097      19.509521      19.511324       0.768712       0.020478
        6.644737       9.755260       1.151932       0.217468      18.668823      18.675975       0.768195       0.018417
        6.710526       9.753997       1.151932       0.222595      17.844604      17.833233       0.767686       0.016389
        6.776316       9.752767       1.151932       0.227844      17.017700      16.997503       0.767197       0.014443
        6.842105       9.751571       1.151932       0.232971      16.194946      16.188075       0.766717       0.012531
        6.907895       9.750405       1.151932       0.237854      15.402100      15.408461       0.766251       0.010677
        6.973684       9.749270       1.151932       0.242737      14.662720      14.674798       0.765803       0.008897
        7.039473       9.748164       1.151932       0.247253      13.968750      13.943913       0.765381       0.007226
        7.105263       9.747087       1.151932       0.251770      13.278809      13.257407       0.764950       0.005511
        7.171053       9.746037       1.151932       0.256165      12.606079      12.606482       0.764539       0.003880
        7.236842       9.745013       1.151932       0.260681      11.932007      11.964261       0.764129       0.002248
        7.302632       9.744014       1.151932       0.264832      11.312622      11.277557       0.763757       0.000776
        7.368421       9.743041       1.151932       0.270325      10.571777      10.564618       0.762657      -0.003773
        7.434211       9.742091       1.151932       0.276306       9.814087       9.802586       0.761208      -0.009804
        7.500000       9.741164       1.151932       0.281677       9.079102       9.075095       0.759980      -0.014902
