        0.064725       0.996094       0.003418       0.004170       0.000000       0.000000       0.000000       0.000000       0.000000       0.000000       0.000000       0.000000       0.000000       0.000000       0.000000       0.000000
        0.129450       0.988281       0.011536       0.011324       0.000000       0.000000       0.000000       0.000000       0.000000       0.000000       0.000000       0.000000       0.000000       0.000000       0.000000       0.000000
        0.194175       0.980469       0.019226       0.019103       0.000000       0.000000       0.000000       0.000000       0.000000       0.000000       0.000000       0.000000       0.000000       0.000000       0.000000       0.000000
        0.258900       0.973877       0.026072       0.026192       0.000000       0.000000       0.000000       0.000000       0.000000       0.000000       0.000000       0.000000       0.000000       0.000000       0.000000       0.000000
        0.323625       0.968018       0.031920       0.031982       0.000000       0.000000       0.000000       0.000000       0.000000       0.000000       0.000000       0.000000       0.000000       0.000000       0.000000       0.000000
        0.388350       0.963379       0.036550       0.036470       0.000000       0.000000       0.000000       0.000000       0.000000       0.000000       0.000000       0.000000       0.000000       0.000000       0.000000       0.000000
        0.453074       0.959961       0.039961       0.039880       0.000000       0.000000       0.000000       0.000000       0.000000       0.000000       0.000000       0.000000       0.000000       0.000000       0.000000       0.000000
        0.517799       0.957520       0.042397       0.042457       0.000000       0.000000       0.000000       0.000000       0.000000       0.000000       0.000000       0.000000       0.000000       0.000000       0.000000       0.000000
        0.582524       0.955566       0.044347       0.044352       0.000000       0.000000       0.000000       0.000000       0.000000       0.000000       0.000000       0.000000       0.000000       0.000000       0.000000       0.000000
        0.647249       0.954102       0.045809       0.045838       0.000000       0.000000       0.000000       0.000000       0.000000       0.000000       0.000000       0.000000       0.000000       0.000000       0.000000       0.000000
        0.711974       0.953003       0.047066       0.047051       0.000000       0.000000       0.000000       0.000000       0.000000       0.000000       0.000000       0.000000       0.000000       0.000000       0.000000       0.000000
        0.776699       0.951416       0.048655       0.047920       0.000813       0.000000       0.000000       0.000000       0.000000       0.000000       0.000000       0.000000       0.000000       0.000000       0.000000       0.000000
        0.841424       0.949463       0.050611       0.048562       0.002079       0.000000       0.000000       0.000000       0.000000       0.000000       0.000000       0.000000       0.000000       0.000000       0.000000       0.000000
        0.906149       0.947327       0.052660       0.049159       0.003490       0.000000       0.000000       0.000000       0.000000       0.000000       0.000000       0.000000       0.000000       0.000000       0.000000       0.000000
        0.970874       0.945190       0.054796       0.049783       0.004974       0.000000       0.000000       0.000000       0.000000       0.000000       0.000000       0.000000       0.000000       0.000000       0.000000       0.000000
        1.035599       0.942993       0.056993       0.050444       0.006494       0.000000       0.000000       0.000000       0.000000       0.000000       0.000000       0.000000       0.000000       0.000000       0.000000       0.000000
        1.100324       0.940918       0.059068       0.051094       0.008002       0.000000       0.000000       0.000000       0.000000       0.000000       0.000000       0.000000       0.000000       0.000000       0.000000       0.000000
        1.165049       0.939209       0.060776       0.051479       0.009339       0.000000       0.000000       0.000000       0.000000       0.000000       0.000000       0.000000       0.000000       0.000000       0.000000       0.000000
        1.229774       0.937988       0.061997       0.051566       0.010462       0.000000       0.000000       0.000000       0.000000       0.000000       0.000000       0.000000       0.000000       0.000000       0.000000       0.000000
        1.294498       0.915588       0.071516       0.048800       0.009829       0.000000       0.000000       0.000000       0.000000       0.000000       0.000000       0.000000       0.000000       0.000000       0.012914       0.000000
        1.359223       0.884277       0.084546       0.044900       0.008447       0.000000       0.000000       0.000000       0.000000       0.000000       0.000000       0.000000       0.000000       0.000000       0.031159       0.000000
        1.423948       0.854889       0.096779       0.041292       0.007177       0.000000       0.000000       0.000000       0.000000       0.000000       0.000000       0.000000       0.000000       0.000000       0.048310       0.000000
        1.488673       0.827576       0.108218       0.037989       0.006035       0.000000       0.000000       0.000000       0.000000       0.000000       0.000000       0.000000       0.000000       0.000000       0.064206       0.000000
        1.553398       0.802185       0.118935       0.034983       0.005025       0.000000       0.000000       0.000000       0.000000       0.000000       0.000000       0.000000       0.000000       0.000000       0.078914       0.000000
        1.618123       0.778442       0.128950       0.032249       0.004138       0.000000       0.000000       0.000000       0.000000       0.000000       0.000000       0.000000       0.000000       0.000000       0.092580       0.000000
        1.682848       0.756378       0.138370       0.029754       0.003359       0.000000       0.000000       0.000000       0.000000       0.000000       0.000000       0.000000       0.000000       0.000000       0.105257       0.000000
        1.747573       0.735748       0.147222       0.027485       0.002684       0.000000       0.000000       0.000000       0.000000       0.000000       0.000000       0.000000       0.000000       0.000000       0.117065       0.000000
        1.812298       0.716400       0.155548       0.025413       0.002099       0.000000       0.000000       0.000000       0.000000       0.000000       0.000000       0.000000       0.000000       0.000000       0.128038       0.000000
        1.877023       0.698242       0.163444       0.023520       0.001598       0.000000       0.000000       0.000000       0.000000       0.000000       0.000000       0.000000       0.000000       0.000000       0.138336       0.000000
        1.941748       0.681198       0.170889       0.021788       0.001172       0.000000       0.000000       0.000000       0.000000       0.000000       0.000000       0.000000       0.000000       0.000000       0.147910       0.000000
        2.006473       0.665146       0.177937       0.020206       0.000817       0.000000       0.000000       0.000000       0.000000       0.000000       0.000000       0.000000       0.000000       0.000000       0.156926       0.000000
        2.071197       0.650024       0.184627       0.018752       0.000525       0.000000       0.000000       0.000000       0.000000       0.000000       0.000000       0.000000       0.000000       0.000000       0.165340       0.000000
        2.135922       0.635727       0.190983       0.017419       0.000294       0.000000       0.000000       0.000000       0.000000       0.000000       0.000000       0.000000       0.000000       0.000000       0.173289       0.000000
        2.200647       0.622208       0.197062       0.016191       0.000122       0.000000       0.000000       0.000000       0.000000       0.000000       0.000000       0.000000       0.000000       0.000000       0.180734       0.000000
        2.265372       0.609406       0.202822       0.015065       0.000016       0.000000       0.000000       0.000000       0.000000       0.000000       0.000000       0.000000       0.000000       0.000000       0.187759       0.000000
        2.330097       0.597275       0.208368       0.014019       0.000000       0.000000       0.000000       0.000000       0.000000       0.000000       0.000000       0.000000       0.000000       0.000000       0.194344       0.000000
        2.394822       0.585754       0.213643       0.013059       0.000000       0.000000       0.000000       0.000000       0.000000       0.000000       0.000000       0.000000       0.000000       0.000000       0.200583       0.000000
        2.459547       0.574814       0.218695       0.012174       0.000000       0.000000       0.000000       0.000000       0.000000       0.000000       0.000000       0.000000       0.000000       0.000000       0.206498       0.000000
        2.524272       0.564377       0.223482       0.011361       0.000000       0.000000       0.000000       0.000000       0.000000       0.000000       0.000000       0.000000       0.000000       0.000000       0.212142       0.000000
        2.588997       0.554443       0.228090       0.010607       0.000000       0.000000       0.000000       0.000000       0.000000       0.000000       0.000000       0.000000       0.000000       0.000000       0.217476       0.000000
        2.653722       0.544968       0.232479       0.009913       0.000000       0.000000       0.000000       0.000000       0.000000       0.000000       0.000000       0.000000       0.000000       0.000000       0.222569       0.000000
        2.718447       0.535889       0.236684       0.009270       0.000000       0.000000       0.000000       0.000000       0.000000       0.000000       0.000000       0.000000       0.000000       0.000000       0.227427       0.000000
        2.783172       0.527252       0.240709       0.008676       0.000000       0.000000       0.000000       0.000000       0.000000       0.000000       0.000000       0.000000       0.000000       0.000000       0.232030       0.000000
        2.847897       0.518982       0.244586       0.008124       0.000000       0.000000       0.000000       0.000000       0.000000       0.000000       0.000000       0.000000       0.000000       0.000000       0.236447       0.000000
        2.912621       0.510696       0.247858       0.007610       0.000000       0.001199       0.000000       0.000000       0.000000       0.000000       0.000000       0.000000       0.000000       0.000000       0.240231       0.000000
        2.977346       0.502029       0.250161       0.007126       0.000000       0.004771       0.000000       0.000000       0.000000       0.000000       0.000000       0.000000       0.000000       0.000000       0.243019       0.000000
        3.042071       0.493515       0.252072       0.006676       0.000000       0.009020       0.000000       0.000000       0.000000       0.000000       0.000000       0.000000       0.000000       0.000000       0.245380       0.000000
        3.106796       0.485214       0.253742       0.006258       0.000000       0.013583       0.000000       0.000000       0.000000       0.000000       0.000000       0.000000       0.000000       0.000000       0.247465       0.000000
        3.171521       0.477158       0.255228       0.005868       0.000000       0.018290       0.000000       0.000000       0.000000       0.000000       0.000000       0.000000       0.000000       0.000000       0.249343       0.000000
        3.236246       0.469345       0.256548       0.005506       0.000000       0.023048       0.000000       0.000000       0.000000       0.000000       0.000000       0.000000       0.000000       0.000000       0.251053       0.000000
        3.300971       0.461456       0.257385       0.005175       0.000000       0.027654       0.000000       0.000000       0.000000       0.000000       0.000000       0.000000       0.000000       0.001314       0.252203       0.000000
        3.365696       0.453354       0.257565       0.004878       0.000000       0.032001       0.000000       0.000000       0.000000       0.000000       0.000000       0.000000       0.000000       0.004402       0.252682       0.000000
        3.430421       0.445320       0.257440       0.004605       0.000000       0.036173       0.000000       0.000000       0.000000       0.000000       0.000000       0.000000       0.000000       0.008216       0.252846       0.000000
        3.495146       0.437424       0.257124       0.004351       0.000000       0.040208       0.000000       0.000000       0.000000       0.000000       0.000000       0.000000       0.000000       0.012467       0.252773       0.000000
        3.559871       0.429703       0.256655       0.004117       0.000000       0.044108       0.000000       0.000000       0.000000       0.000000       0.000000       0.000000       0.000000       0.016993       0.252536       0.000000
        3.624596       0.422173       0.256071       0.003897       0.000000       0.047869       0.000000       0.000000       0.000000       0.000000       0.000000       0.000000       0.000000       0.021703       0.252182       0.000000
        3.689321       0.414841       0.255398       0.003693       0.000000       0.051529       0.000000       0.000000       0.000000       0.000000       0.000000       0.000000       0.000000       0.026518       0.251701       0.000000
        3.754045       0.407684       0.254670       0.003501       0.000000       0.055032       0.000000       0.000000       0.000000       0.000000       0.000000       0.000000       0.000000       0.031453       0.251173       0.000000
        3.818770       0.400742       0.253871       0.003322       0.000000       0.058438       0.000000       0.000000       0.000000       0.000000       0.000000       0.000000       0.000000       0.036385       0.250552       0.000000
        3.883495       0.393990       0.253041       0.003154       0.000000       0.061728       0.000000       0.000000       0.000000       0.000000       0.000000       0.000000       0.000000       0.041360       0.249901       0.000000
        3.948220       0.387428       0.252174       0.002996       0.000000       0.064905       0.000000       0.000000       0.000000       0.000000       0.000000       0.000000       0.000000       0.046311       0.249182       0.000000
        4.012945       0.381058       0.251285       0.002848       0.000000       0.067982       0.000000       0.000000       0.000000       0.000000       0.000000       0.000000       0.000000       0.051244       0.248430       0.000000
        4.077670       0.374870       0.250366       0.002708       0.000000       0.070969       0.000000       0.000000       0.000000       0.000000       0.000000       0.000000       0.000000       0.056140       0.247663       0.000000
        4.142395       0.368843       0.249443       0.002576       0.000000       0.073845       0.000000       0.000000       0.000000       0.000000       0.000000       0.000000       0.000000       0.061022       0.246869       0.000000
        4.207120       0.363007       0.248493       0.002452       0.000000       0.076652       0.000000       0.000000       0.000000       0.000000       0.000000       0.000000       0.000000       0.065803       0.246043       0.000000
        4.271845       0.357307       0.247550       0.002335       0.000000       0.079333       0.000000       0.000000       0.000000       0.000000       0.000000       0.000000       0.000000       0.070580       0.245205       0.000000
        4.336570       0.351799       0.246608       0.002224       0.000000       0.081934       0.000000       0.000000       0.000000       0.000000       0.000000       0.000000       0.000000       0.075285       0.244376       0.000000
        4.401295       0.346413       0.245646       0.002119       0.000000       0.084467       0.000000       0.000000       0.000000       0.000000       0.000000       0.000000       0.000000       0.079934       0.243527       0.000000
        4.466020       0.341171       0.244661       0.002021       0.000000       0.086873       0.000000       0.000000       0.000000       0.000000       0.000000       0.000000       0.000074       0.084513       0.242708       0.000000
        4.530744       0.335754       0.242761       0.001944       0.000000       0.089026       0.000000       0.000000       0.000000       0.000000       0.000000       0.000000       0.001597       0.088457       0.242404       0.000000
        4.595469       0.330353       0.240462       0.001878       0.000000       0.091027       0.000000       0.000000       0.000000       0.000000       0.000000       0.000000       0.003754       0.092053       0.242342       0.000000
        4.660194       0.324982       0.237974       0.001818       0.000000       0.092860       0.000000       0.000000       0.000000       0.000000       0.000000       0.000000       0.006259       0.095502       0.242425       0.000000
        4.724919       0.319733       0.235397       0.001764       0.000000       0.094589       0.000000       0.000000       0.000000       0.000000       0.000000       0.000000       0.008938       0.098769       0.242573       0.000000
        4.789644       0.314583       0.232754       0.001714       0.000000       0.096271       0.000000       0.000000       0.000000       0.000000       0.000000       0.000000       0.011734       0.101892       0.242765       0.000000
        4.854369       0.309563       0.230080       0.001668       0.000000       0.097906       0.000000       0.000000       0.000000       0.000000       0.000000       0.000000       0.014585       0.104881       0.243007       0.000000
        4.919094       0.304604       0.227378       0.001624       0.000000       0.099353       0.000000       0.000000       0.000000       0.000000       0.000000       0.000000       0.017544       0.107833       0.243308       0.000000
        4.983819       0.299797       0.224692       0.001583       0.000000       0.100850       0.000000       0.000000       0.000000       0.000000       0.000000       0.000000       0.020482       0.110627       0.243588       0.000000
        5.048544       0.295067       0.221993       0.001545       0.000000       0.102207       0.000000       0.000000       0.000000       0.000000       0.000000       0.000000       0.023461       0.113366       0.243911       0.000000
        5.113269       0.290436       0.219307       0.001509       0.000000       0.103503       0.000000       0.000000       0.000000       0.000000       0.000000       0.000000       0.026456       0.116040       0.244257       0.000000
        5.177993       0.285942       0.216653       0.001474       0.000000       0.104785       0.000000       0.000000       0.000000       0.000000       0.000000       0.000000       0.029402       0.118591       0.244586       0.000000
        5.242719       0.281593       0.214050       0.001442       0.000000       0.106097       0.000000       0.000000       0.000000       0.000000       0.000000       0.000000       0.032298       0.121036       0.244902       0.000000
        5.307444       0.277306       0.211453       0.001411       0.000000       0.107286       0.000000       0.000000       0.000000       0.000000       0.000000       0.000000       0.035215       0.123454       0.245249       0.000000
        5.372168       0.273109       0.208886       0.001381       0.000000       0.108396       0.000000       0.000000       0.000000       0.000000       0.000000       0.000000       0.038146       0.125857       0.245649       0.000000
        5.436893       0.269035       0.206353       0.001353       0.000000       0.109574       0.000000       0.000000       0.000000       0.000000       0.000000       0.000000       0.040957       0.128095       0.245966       0.000000
        5.501618       0.265022       0.203846       0.001326       0.000000       0.110579       0.000000       0.000000       0.000000       0.000000       0.000000       0.000000       0.043816       0.130357       0.246344       0.000000
        5.566343       0.261162       0.201370       0.001301       0.000000       0.111689       0.000000       0.000000       0.000000       0.000000       0.000000       0.000076       0.046516       0.132482       0.246749       0.000000
        5.631068       0.257271       0.198608       0.001282       0.000000       0.112611       0.000000       0.000000       0.000000       0.000000       0.000000       0.000673       0.048830       0.134445       0.247512       0.000000
        5.695793       0.253532       0.195845       0.001266       0.000000       0.113574       0.000000       0.000000       0.000000       0.000000       0.000000       0.001449       0.050918       0.136287       0.248411       0.000000
        5.760518       0.249763       0.193003       0.001251       0.000000       0.114364       0.000000       0.000000       0.000000       0.000000       0.000000       0.002358       0.052974       0.138143       0.249437       0.000000
        5.825243       0.246101       0.190190       0.001238       0.000000       0.115144       0.000000       0.000000       0.000000       0.000000       0.000000       0.003309       0.054896       0.139899       0.250472       0.000000
        5.889968       0.242546       0.187431       0.001225       0.000000       0.115932       0.000000       0.000000       0.000000       0.000000       0.000000       0.004287       0.056717       0.141567       0.251484       0.000000
        5.954693       0.239113       0.184761       0.001212       0.000000       0.116609       0.000000       0.000000       0.000000       0.000000       0.000168       0.005299       0.058475       0.143164       0.252445       0.000000
        6.019418       0.235710       0.182163       0.001198       0.000000       0.116603       0.000000       0.000000       0.000000       0.000000       0.000843       0.006421       0.060275       0.144711       0.253229       0.000000
        6.084143       0.232422       0.179652       0.001185       0.000000       0.116447       0.000000       0.000000       0.000000       0.000000       0.001674       0.007575       0.062036       0.146212       0.253983       0.000000
        6.148868       0.229240       0.177222       0.001171       0.000000       0.116252       0.000000       0.000000       0.000000       0.000000       0.002615       0.008734       0.063719       0.147615       0.254641       0.000000
        6.213592       0.226067       0.174780       0.001157       0.000000       0.115838       0.000000       0.000000       0.000000       0.000000       0.003512       0.009931       0.065413       0.149051       0.255377       0.000000
        6.278317       0.222969       0.172388       0.001145       0.000000       0.115432       0.000000       0.000000       0.000000       0.000000       0.004481       0.011124       0.067047       0.150427       0.256075       0.000000
        6.343042       0.219948       0.170038       0.001133       0.000000       0.114928       0.000000       0.000000       0.000000       0.000000       0.005410       0.012335       0.068681       0.151837       0.256870       0.000000
        6.407767       0.217033       0.167782       0.001120       0.000000       0.114501       0.000000       0.000000       0.000000       0.000000       0.006424       0.013512       0.070197       0.153076       0.257451       0.000000
        6.472492       0.214127       0.165515       0.001109       0.000000       0.113981       0.000000       0.000000       0.000000       0.000000       0.007407       0.014714       0.071735       0.154371       0.258142       0.000000
        6.537217       0.211342       0.163342       0.001097       0.000000       0.113532       0.000000       0.000000       0.000000       0.000000       0.008458       0.015874       0.073174       0.155552       0.258721       0.000000
        6.601942       0.208565       0.161160       0.001087       0.000000       0.112966       0.000000       0.000000       0.000000       0.000000       0.009430       0.017049       0.074626       0.156773       0.259388       0.000000
        6.666667       0.205849       0.159030       0.001076       0.000000       0.112428       0.000000       0.000000       0.000000       0.000000       0.010436       0.018227       0.076048       0.157949       0.259998       0.000000
        6.731392       0.203239       0.156978       0.001066       0.000000       0.111903       0.000000       0.000000       0.000000       0.000000       0.011439       0.019368       0.077404       0.159065       0.260574       0.000000
        6.796117       0.200615       0.154891       0.001056       0.000000       0.111287       0.000000       0.000000       0.000000       0.000000       0.012386       0.020510       0.078768       0.160228       0.261258       0.000000
        6.860841       0.198128       0.152932       0.001046       0.000000       0.110802       0.000000       0.000000       0.000000       0.000000       0.013436       0.021615       0.080038       0.161249       0.261755       0.000000
        6.925566       0.195580       0.150889       0.001038       0.000000       0.110064       0.000000       0.000000       0.000000       0.000000       0.014241       0.022766       0.081404       0.162453       0.262543       0.000000
        6.990291       0.193138       0.148939       0.001029       0.000000       0.109453       0.000000       0.000000       0.000000       0.000000       0.015163       0.023875       0.082687       0.163544       0.263198       0.000000
        7.055017       0.190742       0.147047       0.001020       0.000000       0.108965       0.000000       0.000000       0.000000       0.000000       0.016238       0.024960       0.083882       0.164479       0.263616       0.000000
        7.119742       0.188431       0.145203       0.001012       0.000000       0.108362       0.000000       0.000000       0.000000       0.000000       0.017130       0.026044       0.085107       0.165507       0.264217       0.000000
        7.184466       0.186165       0.143381       0.001004       0.000000       0.107760       0.000000       0.000000       0.000000       0.000000       0.018023       0.027086       0.086281       0.166505       0.264827       0.000000
        7.249191       0.183846       0.141501       0.000996       0.000000       0.107032       0.000000       0.000000       0.000000       0.000000       0.018799       0.028156       0.087499       0.167577       0.265549       0.000000
        7.313916       0.181694       0.139787       0.000988       0.000000       0.106521       0.000000       0.000000       0.000000       0.000000       0.019768       0.029166       0.088587       0.168442       0.265979       0.000000
        7.378641       0.179451       0.137974       0.000981       0.000000       0.105831       0.000000       0.000000       0.000000       0.000000       0.020572       0.030228       0.089770       0.169465       0.266645       0.000000
        7.443366       0.177406       0.136346       0.000974       0.000000       0.105358       0.000000       0.000000       0.000000       0.000000       0.021552       0.031216       0.090815       0.170286       0.267041       0.000000
        7.508091       0.175331       0.134664       0.000967       0.000000       0.104734       0.000000       0.000000       0.000000       0.000000       0.022365       0.032206       0.091901       0.171218       0.267643       0.000000
        7.572816       0.173302       0.133036       0.000960       0.000000       0.104190       0.000000       0.000000       0.000000       0.000000       0.023266       0.033167       0.092911       0.172020       0.268051       0.000000
        7.637540       0.171272       0.131388       0.000953       0.000000       0.103539       0.000000       0.000000       0.000000       0.000000       0.024026       0.034153       0.093985       0.172946       0.268663       0.000000
        7.702265       0.169319       0.129801       0.000947       0.000000       0.102960       0.000000       0.000000       0.000000       0.000000       0.024856       0.035076       0.094971       0.173776       0.269177       0.000000
        7.766990       0.167366       0.128216       0.000941       0.000000       0.102345       0.000000       0.000000       0.000000       0.000000       0.025634       0.036039       0.096003       0.174655       0.269744       0.000000
