   9.9999997764825821E-003   16797534613677.498       0.24816394831424932        73.337840000000000     
   1.9999999552965164E-002   33667729744270.953       0.19382928789174078        64.503119999999996     
   2.9999999329447746E-002   50566144209164.758       0.16793511367665695        57.989609999999999     
   3.9999999105930328E-002   67510484694048.555       0.15764032441696318        54.967810000000000     
   4.9999997019767761E-002   84452605347057.641       0.15397553194822564        53.993490000000001     
   5.9999998658895493E-002   101400219898352.00       0.15250629489019751        53.724249999999998     
   7.0000000298023224E-002   118353848041012.61       0.15133728092899365        53.676870000000001     
   7.9999998211860657E-002   135316555964217.69       0.14953508271311700        53.835580000000000     
   8.9999996125698090E-002   152288722301497.62       0.14545548210647463        53.937109999999997     
   9.9999994039535522E-002   169280102434402.22       0.13543880646445433        52.607100000000003     
  0.10999999940395355        186325545496108.50       0.11683265294605774        46.771349999999998     
  0.11999999731779099        203379823340192.41       0.10062791397619751        35.416020000000003     
  0.12999999523162842        220470212429221.56       0.10159800055546783        24.944890000000001     
  0.14000000059604645        237585294363786.91       0.11654057416129684        18.918759999999999     
  0.14999999105930328        254772583939869.00       0.14005879953923894        15.775219999999999     
  0.15999999642372131        272020722151553.78       0.17107098183880928        14.034810000000000     
  0.17000000178813934        289347764621313.81       0.21738558182557630        12.919560000000001     
  0.17999999225139618        306788812904679.81       0.30181643524220697        12.246840000000001     
  0.18999999761581421        324409526510347.44       0.42964307082554676        12.128539999999999     
  0.19999998807907104        342250916646597.44       0.55063087700644142        12.277049999999999     
  0.20999999344348907        360253292850979.25       0.66407662214184060        12.475130000000000     
  0.21999999880790710        378462091147149.25       0.77603949177425957        12.680949999999999     
  0.22999998927116394        396873421261186.56       0.88334262105778616        12.872840000000000     
  0.23999999463558197        415477839627390.00       0.98403122460048154        13.042320000000000     
  0.25000000000000000        434268486297089.94        1.0775746013463503        13.188040000000001     
  0.25999999046325684        453260952062717.50        1.1640540569505120        13.311349999999999     
  0.26999998092651367        472445912145561.38        1.2435732452224006        13.414220000000000     
  0.28000000119209290        491800381263066.12        1.3166789628997544        13.499219999999999     
  0.28999999165534973        511373299655091.56        1.3835134240700810        13.568310000000000     
  0.29999998211860657        531100967798276.44        1.4448951795079457        13.623950000000001     
  0.31000000238418579        551026535066720.44        1.5010159039844948        13.667730000000001     
  0.31999999284744263        571110326605779.88        1.5524752652519238        13.701409999999999     
  0.32999998331069946        591381504621487.62        1.5994991466035260        13.726250000000000     
  0.34000000357627869        611831516450567.50        1.6426538982730010        13.743570000000000     
  0.34999999403953552        632432387756885.75        1.6821616834747743        13.754350000000001     
  0.35999998450279236        653208588660372.50        1.7184351975449568        13.759490000000000     
  0.37000000476837158        674141588390595.25        1.7516856749026672        13.759740000000001     
  0.37999999523162842        695254312836614.50        1.7822322059407860        13.755780000000000     
  0.38999998569488525        716523420354904.88        1.8102747750241395        13.748160000000000     
  0.39999997615814209        737945287942272.88        1.8360273934088185        13.737380000000000     
  0.40999999642372131        759519974992213.50        1.8596867582180057        13.723870000000000     
  0.41999998688697815        781243442747068.50        1.8813809201734202        13.708030000000001     
  0.42999997735023499        803095734992525.75        1.9013768745673922        13.690110000000001     
  0.43999999761581421        825124901066020.88        1.9197495032534933        13.670430000000000     
  0.44999998807907104        847271963227042.75        1.9363176198365222        13.649670000000000     
  0.45999997854232788        869587999881270.75        1.9508834005429454        13.628620000000000     
  0.46999999880790710        892011538761404.75        1.9640596617313064        13.606890000000000     
  0.47999998927116394        914584333494412.88        1.9760608862349762        13.584450000000000     
  0.48999997973442078        937280963664445.38        1.9869971354035800        13.561400000000001     
  0.50000000000000000        960077077938562.25        1.9969712124237227        13.537789999999999     
  0.50999999046325684        983020488080219.12        2.0059295776225108        13.514070000000000     
  0.51999998092651367        1006056552074038.0        2.0139069228274420        13.490539999999999     
  0.52999997138977051        1029198514669398.8        2.0210932157223631        13.466939999999999     
  0.53999996185302734        1052472687184575.4        2.0275890109596193        13.443220000000000     
  0.55000001192092896        1075844977753452.0        2.0334551702211190        13.419390000000000     
  0.56000000238418579        1099320969364556.4        2.0387461725321372        13.395479999999999     
  0.56999999284744263        1122896623260230.1        2.0435247365330893        13.371409999999999     
  0.57999998331069946        1146619097875483.5        2.0477952422069690        13.347410000000000     
  0.58999997377395630        1170377446161702.8        2.0516303730704752        13.323300000000000     
  0.59999996423721313        1194300908363954.2        2.0550484284164021        13.299180000000000     
  0.61000001430511475        1218258343645332.0        2.0580801780358562        13.275080000000001     
  0.62000000476837158        1242327557484254.0        2.0607566554953607        13.250990000000000     
  0.62999999523162842        1266512232277409.0        2.0631072448268677        13.226870000000000     
  0.63999998569488525        1290814387403626.0        2.0651447823792215        13.202840000000000     
  0.64999997615814209        1315141606584722.8        2.0669004140313261        13.178800000000001     
  0.65999996662139893        1339596046632057.5        2.0683807622419881        13.154940000000000     
  0.66999995708465576        1364131618193529.0        2.0696111055446016        13.131180000000001     
  0.68000000715255737        1388799637248796.8        2.0706133093143544        13.107410000000000     
  0.68999999761581421        1413528831603889.5        2.0713905412175055        13.083940000000000     
  0.69999998807907104        1438346284692516.0        2.0719501323014589        13.061270000000000     
  0.70999997854232788        1463217191926620.8        2.0723219709890368        13.039070000000001     
  0.71999996900558472        1488244779200471.2        2.0725218966086292        13.017360000000000     
  0.72999995946884155        1513245401827603.2        2.0725648491254929        12.996029999999999     
  0.74000000953674316        1538396052423043.8        2.0724608385012675        12.974750000000000     
  0.75000000000000000        1563625458792822.0        2.0722174840951628        12.953620000000001     
  0.75999999046325684        1588910932621857.5        2.0718520684375066        12.933109999999999     
  0.76999998092651367        1614305334120678.5        2.0713574387475315        12.912400000000000     
  0.77999997138977051        1639733114763675.8        2.0707554399018484        12.892130000000000     
  0.78999996185302734        1665284671450202.8        2.0700491049768925        12.872090000000000     
  0.79999995231628418        1690827675473452.8        2.0692371233416780        12.852100000000000     
  0.81000000238418579        1716483883498127.0        2.0683180005407200        12.832010000000000     
  0.81999999284744263        1742213501882591.2        2.0673208922302413        12.812340000000001     
  0.82999998331069946        1768137574569605.8        2.0662490108701963        12.792999999999999     
  0.83999997377395630        1793989068405760.2        2.0650699894700200        12.773350000000001     
  0.84999996423721313        1819928345827488.8        2.0638496156899122        12.754379999999999     
  0.85999995470046997        1846015988199666.8        2.0625291655973839        12.735130000000000     
  0.87000000476837158        1872030338999044.2        2.0611788294076687        12.716540000000000     
  0.87999999523162842        1898149103562589.8        2.0597617059411752        12.698020000000000     
  0.88999998569488525        1924518983822892.2        2.0583151713346459        12.680000000000000     
  0.89999997615814209        1950791102390465.0        2.0568175535203235        12.662150000000000     
  0.90999996662139893        1977034474506469.2        2.0552616953942109        12.644360000000001     
  0.91999995708465576        2003522666608763.8        2.0536351953913519        12.626469999999999     
  0.93000000715255737        2029979380158721.0        2.0520206381814496        12.609330000000000     
  0.93999999761581421        2056599069458891.8        2.0503723822442237        12.592400000000000     
  0.94999998807907104        2083209493373845.8        2.0486731098919524        12.575490000000000     
  0.95999997854232788        2109767651013221.8        2.0469902421565700        12.559240000000001     
  0.96999996900558472        2136556255413103.5        2.0452446787929968        12.542840000000000     
  0.97999995946884155        2163466497690695.5        2.0435088233799439        12.526970000000000     
  0.98999994993209839        2190124673975610.2        2.0416933681738616        12.510780000000000     
   1.0000000000000000        2217125194365565.8        2.0398805892060592        12.494999999999999     
   1.0099999904632568        2244022132500283.2        2.0380107534700995        12.479100000000001     
   1.0199999809265137        2271039045494851.5        2.0361391227827785        12.463520000000001     
   1.0299999713897705        2298196602285522.5        2.0342389019310443        12.448040000000001     
   1.0399999618530273        2325258654336272.5        2.0322935673795550        12.432499999999999     
   1.0499999523162842        2352495085688272.0        2.0303758930931468        12.417470000000000     
   1.0599999427795410        2379702057866762.5        2.0283607970881117        12.401960000000001     
   1.0699999332427979        2407036607272461.0        2.0264589103538300        12.387570000000000     
   1.0799999237060547        2434514651362021.5        2.0244746672848364        12.372809999999999     
   1.0900000333786011        2461983905214325.5        2.0224175017129715        12.357749999999999     
   1.1000000238418579        2489455297232448.0        2.0203898094654003        12.343140000000000     
   1.1100000143051147        2516915285699535.5        2.0183501304824265        12.328659999999999     
   1.1200000047683716        2544575311457701.5        2.0163520107950608        12.314670000000000     
   1.1299999952316284        2572051692529402.5        2.0142359693064522        12.300060000000000     
   1.1399999856948853        2599978751440979.0        2.0122231413785636        12.286339999999999     
   1.1499999761581421        2627724541405890.5        2.0100536631500239        12.271750000000001     
   1.1599999666213989        2655650887595527.0        2.0079395101487703        12.257700000000000     
   1.1699999570846558        2683265299149552.0        2.0058020075909027        12.243670000000000     
   1.1799999475479126        2711253414573964.0        2.0037307654278496        12.230230000000001     
   1.1899999380111694        2739072852472644.5        2.0016163420932167        12.216650000000000     
   1.1999999284744263        2767367913479091.0        1.9994901296478584        12.203139999999999     
