        0.064725       4.344033       0.600417       0.000000      21.175171     490.043386       0.996243       3.084507       0.967245
        0.129450       4.344033       0.600417       0.000000      37.215149     486.741269       0.992662       6.025039       0.936020
        0.194175       4.344033       0.600417       0.000000      50.709961     482.861377       0.989239       8.835809       0.906172
        0.258900       4.344033       0.600417       0.000000      62.004822     478.342816       0.985952      11.534448       0.877515
        0.323625       4.344033       0.600417       0.000000      71.389709     473.229694       0.982798      14.124770       0.850008
        0.388350       4.344033       0.600417       0.000000      79.257080     467.601109       0.979763      16.616421       0.823549
        0.453074       4.344033       0.600417       0.000000      85.959045     461.522506       0.976841      19.015364       0.798075
        0.517799       4.344033       0.600417       0.000000      91.767273     455.086823       0.974027      21.326543       0.773532
        0.582524       4.344033       0.600417       0.000000      96.840820     448.397689       0.971313      23.554392       0.749874
        0.647249       4.344033       0.600417       0.000000     101.410217     441.521911       0.968698      25.702311       0.727066
        0.711974       4.344033       0.600417       0.000000     105.598633     434.527757       0.966171      27.777143       0.705033
        0.776699       4.344033       0.600417       0.000000     109.371765     427.456126       0.963737      29.775574       0.683811
        0.841424       4.344033       0.600417       0.000000     112.827942     420.393042       0.961389      31.703581       0.663338
        0.906149       4.344033       0.600417       0.000000     116.122070     413.390160       0.959127      33.560356       0.643620
        0.970874       4.344033       0.600417       0.000000     119.323975     406.486167       0.956948      35.350180       0.624614
        1.035599       4.344033       0.600417       0.000000     122.456360     399.728335       0.954870      37.056235       0.606498
        1.100324       4.344033       0.600417       0.000000     125.490479     393.201606       0.953013      38.580463       0.590312
        1.165049       4.344033       0.600417       0.000000     128.224243     387.097036       0.951663      39.689623       0.578533
        1.229774       4.344033       0.600417       0.000000     130.630066     381.430438       0.950838      40.366350       0.571347
        1.294498       4.344033       0.600417       0.000000     130.463196     376.760461       0.950272      40.831282       0.566410
        1.359223       4.344033       0.600417       0.000000     128.970825     372.620161       0.949868      41.163195       0.562885
        1.423948       4.344033       0.600417       0.000000     127.379883     368.599151       0.949570      41.407914       0.560287
        1.488673       4.344033       0.600417       0.000000     125.737793     364.680759       0.949338      41.598755       0.558260
        1.553398       4.344033       0.600417       0.000000     124.077271     360.835546       0.949146      41.755739       0.556593
        1.618123       4.344033       0.600417       0.000000     122.411194     357.066776       0.948982      41.891002       0.555157
        1.682848       4.344033       0.600417       0.000000     120.737671     353.371686       0.948842      42.005437       0.553942
        1.747573       4.344033       0.600417       0.000000     119.075745     349.741061       0.948719      42.106443       0.552869
        1.812298       4.344033       0.600417       0.000000     117.419739     346.177286       0.948611      42.195622       0.551922
        1.877023       4.344033       0.600417       0.000000     115.775024     342.682058       0.948509      42.279340       0.551033
        1.941748       4.344033       0.600417       0.000000     114.144043     339.247753       0.948420      42.352021       0.550261
        2.006473       4.344033       0.600417       0.000000     112.533630     335.874269       0.948337      42.420224       0.549537
        2.071197       4.344033       0.600417       0.000000     110.936035     332.561425       0.948263      42.481411       0.548887
        2.135922       4.344033       0.600417       0.000000     109.358276     329.308368       0.948191      42.540498       0.548260
        2.200647       4.344033       0.600417       0.000000     107.792969     326.106585       0.948124      42.595444       0.547676
        2.265372       4.344033       0.600417       0.000000     106.254395     322.962405       0.948061      42.646505       0.547134
        2.330097       4.344033       0.600417       0.000000     104.715820     319.866101       0.948003      42.694628       0.546623
        2.394822       4.344033       0.600417       0.000000     103.206543     316.831875       0.947948      42.740097       0.546140
        2.459547       4.344033       0.600417       0.000000     101.720703     313.841909       0.947895      42.782919       0.545685
        2.524272       4.344033       0.600417       0.000000     100.268921     310.912159       0.947846      42.823844       0.545251
        2.588997       4.344033       0.600417       0.000000      98.830933     308.028878       0.947798      42.862864       0.544837
        2.653722       4.344033       0.600417       0.000000      97.425049     305.193649       0.947753      42.899656       0.544446
        2.718447       4.344033       0.600417       0.000000      96.040161     302.415164       0.947707      42.937398       0.544045
        2.783172       4.344033       0.600417       0.000000      94.681396     299.670985       0.947668      42.969600       0.543703
        2.847897       4.344033       0.600417       0.000000      93.344116     296.977741       0.947628      43.002127       0.543358
        2.912621       4.344033       0.600417       0.000000      92.019287     294.443536       0.947592      43.031723       0.543043
        2.977346       4.344033       0.600417       0.000000      90.687866     292.184661       0.947555      43.061992       0.542722
        3.042071       4.344033       0.600417       0.000000      89.375244     290.053828       0.947523      43.089026       0.542435
        3.106796       4.344033       0.600417       0.000000      88.082520     288.008723       0.947491      43.115150       0.542158
        3.171521       4.344033       0.600417       0.000000      86.809082     286.037156       0.947460      43.140644       0.541887
        3.236246       4.344033       0.600417       0.000000      85.559814     284.126881       0.947430      43.165249       0.541626
        3.300971       4.344033       0.600417       0.000000      84.366699     282.287545       0.947400      43.189644       0.541366
        3.365696       4.344033       0.600417       0.000000      83.258423     280.512224       0.947371      43.213382       0.541114
        3.430421       4.344033       0.600417       0.000000      82.192261     278.787511       0.947342      43.236924       0.540864
        3.495146       4.344033       0.600417       0.000000      81.161987     277.102479       0.947314      43.260324       0.540616
        3.559871       4.344033       0.600417       0.000000      80.162964     275.463473       0.947287      43.282708       0.540378
        3.624596       4.344033       0.600417       0.000000      79.187622     273.854926       0.947260      43.304511       0.540147
        3.689321       4.344033       0.600417       0.000000      78.239014     272.283902       0.947236      43.324166       0.539938
        3.754045       4.344033       0.600417       0.000000      77.308228     270.745238       0.947207      43.347740       0.539688
        3.818770       4.344033       0.600417       0.000000      76.401733     269.231470       0.947184      43.367317       0.539480
        3.883495       4.344033       0.600417       0.000000      75.512451     267.753149       0.947158      43.388181       0.539258
        3.948220       4.344033       0.600417       0.000000      74.639893     266.294794       0.947134      43.407845       0.539049
        4.012945       4.344033       0.600417       0.000000      73.784790     264.871501       0.947111      43.427010       0.538846
        4.077670       4.344033       0.600417       0.000000      72.946533     263.461225       0.947089      43.444878       0.538656
        4.142395       4.344033       0.600417       0.000000      72.119751     262.083543       0.947065      43.464640       0.538446
        4.207120       4.344033       0.600417       0.000000      71.313110     260.721831       0.947046      43.480246       0.538281
        4.271845       4.344033       0.600417       0.000000      70.513550     259.384971       0.947022      43.499952       0.538071
        4.336570       4.344033       0.600417       0.000000      69.729492     258.068763       0.947001      43.517639       0.537883
        4.401295       4.344033       0.600417       0.000000      68.957642     256.772196       0.946979      43.535419       0.537695
        4.466020       4.344033       0.600417       0.000000      68.203491     255.497043       0.946955      43.554845       0.537488
        4.530744       4.344033       0.600417       0.000000      67.646118     254.258720       0.946936      43.570693       0.537320
        4.595469       4.344033       0.600417       0.000000      67.190674     253.036318       0.946920      43.583961       0.537179
        4.660194       4.344033       0.600417       0.000000      66.784912     251.840751       0.946897      43.602516       0.536982
        4.724919       4.344033       0.600417       0.000000      66.417603     250.659790       0.946877      43.619476       0.536802
        4.789644       4.344033       0.600417       0.000000      66.083862     249.499619       0.946858      43.634383       0.536644
        4.854369       4.344033       0.600417       0.000000      65.777344     248.351399       0.946843      43.646675       0.536513
        4.919094       4.344033       0.600417       0.000000      65.486572     247.213035       0.946817      43.668112       0.536286
        4.983819       4.344033       0.600417       0.000000      65.218262     246.088789       0.946802      43.680965       0.536149
        5.048544       4.344033       0.600417       0.000000      64.964478     244.981304       0.946779      43.699285       0.535955
        5.113269       4.344033       0.600417       0.000000      64.725952     243.896380       0.946755      43.719253       0.535742
        5.177993       4.344033       0.600417       0.000000      64.501465     242.802981       0.946737      43.734386       0.535582
        5.242719       4.344033       0.600417       0.000000      64.289307     241.732408       0.946726      43.743446       0.535486
        5.307444       4.344033       0.600417       0.000000      64.086670     240.674817       0.946707      43.758826       0.535322
        5.372168       4.344033       0.600417       0.000000      63.894287     239.633260       0.946683      43.778210       0.535116
        5.436893       4.344033       0.600417       0.000000      63.712891     238.587263       0.946672      43.787219       0.535021
        5.501618       4.344033       0.600417       0.000000      63.536987     237.569048       0.946648      43.806805       0.534813
        5.566343       4.344033       0.600417       0.000000      63.384033     236.553735       0.946638      43.815053       0.534725
        5.631068       4.344033       0.600417       0.000000      63.315308     235.559846       0.946620      43.830377       0.534562
        5.695793       4.344033       0.600417       0.000000      63.286011     234.562847       0.946610      43.838039       0.534481
        5.760518       4.344033       0.600417       0.000000      63.275146     233.574424       0.946585      43.858561       0.534263
        5.825243       4.344033       0.600417       0.000000      63.283813     232.610121       0.946565      43.875574       0.534083
        5.889968       4.344033       0.600417       0.000000      63.300537     231.641721       0.946549      43.888110       0.533949
        5.954693       4.344033       0.600417       0.000000      63.313843     230.728259       0.946542      43.894114       0.533886
        6.019418       4.344033       0.600417       0.000000      63.295532     229.917006       0.946525      43.908220       0.533736
        6.084143       4.344033       0.600417       0.000000      63.275513     229.136471       0.946510      43.920071       0.533610
        6.148868       4.344033       0.600417       0.000000      63.247925     228.384767       0.946504      43.925384       0.533554
        6.213592       4.344033       0.600417       0.000000      63.231323     227.661494       0.946483      43.942929       0.533367
        6.278317       4.344033       0.600417       0.000000      63.215820     226.945612       0.946467      43.955736       0.533231
        6.343042       4.344033       0.600417       0.000000      63.208984     226.243071       0.946444      43.974765       0.533029
        6.407767       4.344033       0.600417       0.000000      63.190308     225.551538       0.946438      43.979766       0.532976
        6.472492       4.344033       0.600417       0.000000      63.186523     224.879553       0.946419      43.995314       0.532811
        6.537217       4.344033       0.600417       0.000000      63.179443     224.198322       0.946413      43.999914       0.532762
        6.601942       4.344033       0.600417       0.000000      63.182373     223.556798       0.946397      44.013286       0.532620
        6.666667       4.344033       0.600417       0.000000      63.181519     222.912022       0.946383      44.025011       0.532496
        6.731392       4.344033       0.600417       0.000000      63.181030     222.265178       0.946377      44.029433       0.532449
        6.796117       4.344033       0.600417       0.000000      63.195435     221.624277       0.946357      44.046410       0.532268
        6.860841       4.344033       0.600417       0.000000      63.195435     221.009553       0.946358      44.045001       0.532283
        6.925566       4.344033       0.600417       0.000000      63.222900     220.397846       0.946325      44.072523       0.531991
        6.990291       4.344033       0.600417       0.000000      63.238281     219.796445       0.946308      44.085947       0.531849
        7.055017       4.344033       0.600417       0.000000      63.246094     219.169434       0.946305      44.088809       0.531818
        7.119742       4.344033       0.600417       0.000000      63.263550     218.588998       0.946294      44.097649       0.531724
        7.184466       4.344033       0.600417       0.000000      63.289429     218.004395       0.946284      44.106159       0.531634
        7.249191       4.344033       0.600417       0.000000      63.324707     217.415459       0.946253      44.131111       0.531369
        7.313916       4.344033       0.600417       0.000000      63.340332     216.850800       0.946256      44.128797       0.531394
        7.378641       4.344033       0.600417       0.000000      63.375366     216.266611       0.946225      44.154667       0.531119
        7.443366       4.344033       0.600417       0.000000      63.392578     215.687555       0.946233      44.147598       0.531194
        7.508091       4.344033       0.600417       0.000000      63.426147     215.145738       0.946221      44.157524       0.531088
        7.572816       4.344033       0.600417       0.000000      63.451294     214.594496       0.946218      44.160101       0.531061
        7.637540       4.344033       0.600417       0.000000      63.485229     214.040616       0.946196      44.178330       0.530868
        7.702265       4.344033       0.600417       0.000000      63.528687     213.495561       0.946186      44.186611       0.530780
        7.766990       4.344033       0.600417       0.000000      63.566040     212.975915       0.946169      44.200777       0.530629
