        0.064725       0.984375       0.013672       0.003788       0.000000       0.000000       0.000000       0.000000       0.000000       0.000000       0.000000       0.000000       0.000000       0.000000       0.000000       0.000000
        0.129450       0.984375       0.013672       0.011076       0.000000       0.000000       0.000000       0.000000       0.000000       0.000000       0.000000       0.000000       0.000000       0.000000       0.000000       0.000000
        0.194175       0.976562       0.020508       0.018787       0.000000       0.000000       0.000000       0.000000       0.000000       0.000000       0.000000       0.000000       0.000000       0.000000       0.000000       0.000000
        0.258900       0.976562       0.025635       0.026422       0.000000       0.000000       0.000000       0.000000       0.000000       0.000000       0.000000       0.000000       0.000000       0.000000       0.000000       0.000000
        0.323625       0.968750       0.030762       0.032241       0.000000       0.000000       0.000000       0.000000       0.000000       0.000000       0.000000       0.000000       0.000000       0.000000       0.000000       0.000000
        0.388350       0.964844       0.036530       0.036587       0.000000       0.000000       0.000000       0.000000       0.000000       0.000000       0.000000       0.000000       0.000000       0.000000       0.000000       0.000000
        0.453074       0.958984       0.040375       0.039704       0.000000       0.000000       0.000000       0.000000       0.000000       0.000000       0.000000       0.000000       0.000000       0.000000       0.000000       0.000000
        0.517799       0.957031       0.042297       0.042444       0.000000       0.000000       0.000000       0.000000       0.000000       0.000000       0.000000       0.000000       0.000000       0.000000       0.000000       0.000000
        0.582524       0.955078       0.044220       0.044348       0.000000       0.000000       0.000000       0.000000       0.000000       0.000000       0.000000       0.000000       0.000000       0.000000       0.000000       0.000000
        0.647249       0.953125       0.046143       0.045659       0.000000       0.000000       0.000000       0.000000       0.000000       0.000000       0.000000       0.000000       0.000000       0.000000       0.000000       0.000000
        0.711974       0.953125       0.047424       0.046950       0.000000       0.000000       0.000000       0.000000       0.000000       0.000000       0.000000       0.000000       0.000000       0.000000       0.000000       0.000000
        0.776699       0.951172       0.048065       0.048051       0.000847       0.000000       0.000000       0.000000       0.000000       0.000000       0.000000       0.000000       0.000000       0.000000       0.000000       0.000000
        0.841424       0.949219       0.050682       0.048557       0.002077       0.000000       0.000000       0.000000       0.000000       0.000000       0.000000       0.000000       0.000000       0.000000       0.000000       0.000000
        0.906149       0.947266       0.052631       0.049163       0.003492       0.000000       0.000000       0.000000       0.000000       0.000000       0.000000       0.000000       0.000000       0.000000       0.000000       0.000000
        0.970874       0.945312       0.055328       0.049719       0.004944       0.000000       0.000000       0.000000       0.000000       0.000000       0.000000       0.000000       0.000000       0.000000       0.000000       0.000000
        1.035599       0.942871       0.057017       0.050456       0.006499       0.000000       0.000000       0.000000       0.000000       0.000000       0.000000       0.000000       0.000000       0.000000       0.000000       0.000000
        1.100324       0.940430       0.059454       0.051143       0.008028       0.000000       0.000000       0.000000       0.000000       0.000000       0.000000       0.000000       0.000000       0.000000       0.000000       0.000000
        1.165049       0.938477       0.061403       0.052149       0.009721       0.000000       0.000000       0.000000       0.000000       0.000000       0.000000       0.000000       0.000000       0.000000       0.000000       0.000000
        1.229774       0.935547       0.064327       0.052822       0.011205       0.000000       0.000000       0.000000       0.000000       0.000000       0.000000       0.000000       0.000000       0.000000       0.000000       0.000000
        1.294498       0.933594       0.066730       0.053873       0.012893       0.000000       0.000000       0.000000       0.000000       0.000000       0.000000       0.000000       0.000000       0.000000       0.000000       0.000000
        1.359223       0.930664       0.069201       0.054854       0.014520       0.000000       0.000000       0.000000       0.000000       0.000000       0.000000       0.000000       0.000000       0.000000       0.000000       0.000000
        1.423948       0.927734       0.072124       0.055738       0.016060       0.000000       0.000000       0.000000       0.000000       0.000000       0.000000       0.000000       0.000000       0.000000       0.000000       0.000000
        1.488673       0.925781       0.074581       0.056963       0.017805       0.000000       0.000000       0.000000       0.000000       0.000000       0.000000       0.000000       0.000000       0.000000       0.000000       0.000000
        1.553398       0.922852       0.077525       0.057908       0.019341       0.000000       0.000000       0.000000       0.000000       0.000000       0.000000       0.000000       0.000000       0.000000       0.000000       0.000000
        1.618123       0.919922       0.079922       0.059049       0.020992       0.000000       0.000000       0.000000       0.000000       0.000000       0.000000       0.000000       0.000000       0.000000       0.000000       0.000000
        1.682848       0.916992       0.082846       0.060002       0.022489       0.000000       0.000000       0.000000       0.000000       0.000000       0.000000       0.000000       0.000000       0.000000       0.000000       0.000000
        1.747573       0.914551       0.085282       0.061191       0.024138       0.000000       0.000000       0.000000       0.000000       0.000000       0.000000       0.000000       0.000000       0.000000       0.000000       0.000000
        1.812298       0.912109       0.088019       0.062247       0.025671       0.000000       0.000000       0.000000       0.000000       0.000000       0.000000       0.000000       0.000000       0.000000       0.000000       0.000000
        1.877023       0.909180       0.090643       0.063216       0.027120       0.000000       0.000000       0.000000       0.000000       0.000000       0.000000       0.000000       0.000000       0.000000       0.000000       0.000000
        1.941748       0.906738       0.093080       0.064292       0.028632       0.000000       0.000000       0.000000       0.000000       0.000000       0.000000       0.000000       0.000000       0.000000       0.000000       0.000000
        2.006473       0.904297       0.095516       0.065312       0.030085       0.000000       0.000000       0.000000       0.000000       0.000000       0.000000       0.000000       0.000000       0.000000       0.000000       0.000000
        2.071197       0.902344       0.097799       0.066423       0.031592       0.000000       0.000000       0.000000       0.000000       0.000000       0.000000       0.000000       0.000000       0.000000       0.000000       0.000000
        2.135922       0.896729       0.101305       0.066701       0.032430       0.000000       0.000000       0.000000       0.000000       0.000000       0.000000       0.000000       0.000000       0.000000       0.002051       0.000000
        2.200647       0.878174       0.108888       0.064567       0.031341       0.000000       0.000000       0.000000       0.000000       0.000000       0.000000       0.000000       0.000000       0.000000       0.012991       0.000000
        2.265372       0.858154       0.116843       0.062115       0.029969       0.000000       0.000000       0.000000       0.000000       0.000000       0.000000       0.000000       0.000000       0.000000       0.024927       0.000000
        2.330097       0.838623       0.124795       0.059540       0.028471       0.000000       0.000000       0.000000       0.000000       0.000000       0.000000       0.000000       0.000000       0.000000       0.036651       0.000000
        2.394822       0.819824       0.132251       0.057060       0.027021       0.000000       0.000000       0.000000       0.000000       0.000000       0.000000       0.000000       0.000000       0.000000       0.048047       0.000000
        2.459547       0.801758       0.139413       0.054636       0.025593       0.000000       0.000000       0.000000       0.000000       0.000000       0.000000       0.000000       0.000000       0.000000       0.059029       0.000000
        2.524272       0.784424       0.146077       0.052306       0.024216       0.000000       0.000000       0.000000       0.000000       0.000000       0.000000       0.000000       0.000000       0.000000       0.069619       0.000000
        2.588997       0.768066       0.152603       0.050027       0.022861       0.000000       0.000000       0.000000       0.000000       0.000000       0.000000       0.000000       0.000000       0.000000       0.079530       0.000000
        2.653722       0.751953       0.158118       0.047893       0.021601       0.001429       0.000000       0.000000       0.000000       0.000000       0.000000       0.000000       0.000000       0.000000       0.088496       0.000000
        2.718447       0.735474       0.162407       0.045839       0.020387       0.005800       0.000000       0.000000       0.000000       0.000000       0.000000       0.000000       0.000000       0.000000       0.096228       0.000000
        2.783172       0.719482       0.166232       0.043848       0.019209       0.011102       0.000000       0.000000       0.000000       0.000000       0.000000       0.000000       0.000000       0.000000       0.103222       0.000000
        2.847897       0.704102       0.169531       0.041989       0.018119       0.016800       0.000000       0.000000       0.000000       0.000000       0.000000       0.000000       0.000000       0.000000       0.109632       0.000000
        2.912621       0.689331       0.172552       0.040196       0.017069       0.022761       0.000000       0.000000       0.000000       0.000000       0.000000       0.000000       0.000000       0.000000       0.115442       0.000000
        2.977346       0.675049       0.175348       0.038474       0.016062       0.028887       0.000000       0.000000       0.000000       0.000000       0.000000       0.000000       0.000000       0.000000       0.120673       0.000000
        3.042071       0.661621       0.177750       0.036866       0.015132       0.035031       0.000000       0.000000       0.000000       0.000000       0.000000       0.000000       0.000000       0.000000       0.125773       0.000000
        3.106796       0.648560       0.179882       0.035327       0.014245       0.041136       0.000000       0.000000       0.000000       0.000000       0.000000       0.000000       0.000000       0.000000       0.130311       0.000000
        3.171521       0.635986       0.181962       0.033854       0.013401       0.047410       0.000000       0.000000       0.000000       0.000000       0.000000       0.000000       0.000000       0.000000       0.134606       0.000000
        3.236246       0.624146       0.183706       0.032470       0.012615       0.053488       0.000000       0.000000       0.000000       0.000000       0.000000       0.000000       0.000000       0.000000       0.138669       0.000000
        3.300971       0.612915       0.185392       0.031147       0.011868       0.059479       0.000000       0.000000       0.000000       0.000000       0.000000       0.000000       0.000000       0.000000       0.142233       0.000000
        3.365696       0.602051       0.186854       0.029893       0.011167       0.065457       0.000000       0.000000       0.000000       0.000000       0.000000       0.000000       0.000000       0.000000       0.145733       0.000000
        3.430421       0.591431       0.188175       0.028694       0.010500       0.071356       0.000000       0.000000       0.000000       0.000000       0.000000       0.000000       0.000000       0.000000       0.148885       0.000000
        3.495146       0.581543       0.189332       0.027570       0.009883       0.077087       0.000000       0.000000       0.000000       0.000000       0.000000       0.000000       0.000000       0.000000       0.151938       0.000000
        3.559871       0.572021       0.190532       0.026478       0.009285       0.082799       0.000000       0.000000       0.000000       0.000000       0.000000       0.000000       0.000000       0.000000       0.154609       0.000000
        3.624596       0.562866       0.191433       0.025467       0.008741       0.088347       0.000000       0.000000       0.000000       0.000000       0.000000       0.000000       0.000000       0.000000       0.157367       0.000000
        3.689321       0.554016       0.192355       0.024481       0.008212       0.093873       0.000000       0.000000       0.000000       0.000000       0.000000       0.000000       0.000000       0.000000       0.159812       0.000000
        3.754045       0.545532       0.193199       0.023543       0.007714       0.099227       0.000000       0.000000       0.000000       0.000000       0.000000       0.000000       0.000000       0.000000       0.161973       0.000000
        3.818770       0.537354       0.194007       0.022650       0.007244       0.104640       0.000000       0.000000       0.000000       0.000000       0.000000       0.000000       0.000000       0.000000       0.164165       0.000000
        3.883495       0.529602       0.194645       0.021808       0.006807       0.109721       0.000000       0.000000       0.000000       0.000000       0.000000       0.000000       0.000000       0.000000       0.166127       0.000000
        3.948220       0.522095       0.195199       0.021008       0.006396       0.114669       0.000000       0.000000       0.000000       0.000000       0.000000       0.000000       0.000000       0.000000       0.167957       0.000000
        4.012945       0.514893       0.195861       0.020217       0.005990       0.119618       0.000000       0.000000       0.000000       0.000000       0.000000       0.000000       0.000000       0.000000       0.169501       0.000000
        4.077670       0.507935       0.196358       0.019490       0.005625       0.124557       0.000000       0.000000       0.000000       0.000000       0.000000       0.000000       0.000000       0.000000       0.171306       0.000000
        4.142395       0.501160       0.196823       0.018783       0.005273       0.129274       0.000000       0.000000       0.000000       0.000000       0.000000       0.000000       0.000000       0.000000       0.172735       0.000000
        4.207120       0.494812       0.197223       0.018117       0.004946       0.133814       0.000000       0.000000       0.000000       0.000000       0.000000       0.000000       0.000000       0.000000       0.174136       0.000000
        4.271845       0.488525       0.197547       0.017484       0.004640       0.138313       0.000000       0.000000       0.000000       0.000000       0.000000       0.000000       0.000000       0.000000       0.175506       0.000000
        4.336570       0.482605       0.197955       0.016868       0.004343       0.142730       0.000000       0.000000       0.000000       0.000000       0.000000       0.000000       0.000000       0.000000       0.176685       0.000000
        4.401295       0.476807       0.198161       0.016296       0.004074       0.146963       0.000000       0.000000       0.000000       0.000000       0.000000       0.000000       0.000000       0.000000       0.177930       0.000000
        4.466020       0.471252       0.198571       0.015721       0.003803       0.151259       0.000000       0.000000       0.000000       0.000000       0.000000       0.000000       0.000000       0.000000       0.178916       0.000000
        4.530744       0.465881       0.198762       0.015198       0.003564       0.155364       0.000000       0.000000       0.000000       0.000000       0.000000       0.000000       0.000000       0.000000       0.180041       0.000000
        4.595469       0.460571       0.199010       0.014680       0.003327       0.159497       0.000000       0.000000       0.000000       0.000000       0.000000       0.000000       0.000000       0.000000       0.181022       0.000000
        4.660194       0.455627       0.199206       0.014195       0.003110       0.163323       0.000000       0.000000       0.000000       0.000000       0.000000       0.000000       0.000000       0.000000       0.181890       0.000000
        4.724919       0.450623       0.199394       0.013718       0.002899       0.167199       0.000000       0.000000       0.000000       0.000000       0.000000       0.000000       0.000000       0.000000       0.182664       0.000000
        4.789644       0.446045       0.199517       0.013286       0.002713       0.170877       0.000000       0.000000       0.000000       0.000000       0.000000       0.000000       0.000000       0.000000       0.183604       0.000000
        4.854369       0.441467       0.199674       0.012853       0.002527       0.174592       0.000000       0.000000       0.000000       0.000000       0.000000       0.000000       0.000000       0.000000       0.184353       0.000000
        4.919094       0.437073       0.199863       0.012435       0.002351       0.178124       0.000000       0.000000       0.000000       0.000000       0.000000       0.000000       0.000000       0.000000       0.184953       0.000000
        4.983819       0.432678       0.199908       0.012045       0.002190       0.181697       0.000000       0.000000       0.000000       0.000000       0.000000       0.000000       0.000000       0.000000       0.185703       0.000000
        5.048544       0.428589       0.200067       0.011660       0.002032       0.185074       0.000000       0.000000       0.000000       0.000000       0.000000       0.000000       0.000000       0.000000       0.186254       0.000000
        5.113269       0.424561       0.200125       0.011303       0.001890       0.188434       0.000000       0.000000       0.000000       0.000000       0.000000       0.000000       0.000000       0.000000       0.186923       0.000000
        5.177993       0.420715       0.200225       0.010957       0.001754       0.191661       0.000000       0.000000       0.000000       0.000000       0.000000       0.000000       0.000000       0.000000       0.187490       0.000000
        5.242719       0.416809       0.200267       0.010618       0.001623       0.194900       0.000000       0.000000       0.000000       0.000000       0.000000       0.000000       0.000000       0.000000       0.187992       0.000000
        5.307444       0.413147       0.200334       0.010299       0.001502       0.197983       0.000000       0.000000       0.000000       0.000000       0.000000       0.000000       0.000000       0.000000       0.188434       0.000000
        5.372168       0.409668       0.200386       0.009995       0.001390       0.200936       0.000000       0.000000       0.000000       0.000000       0.000000       0.000000       0.000000       0.000000       0.188892       0.000000
        5.436893       0.406128       0.200383       0.009701       0.001284       0.204002       0.000000       0.000000       0.000000       0.000000       0.000000       0.000000       0.000000       0.000040       0.189455       0.000000
        5.501618       0.402588       0.200365       0.009408       0.001178       0.206788       0.000000       0.000000       0.000000       0.000000       0.000000       0.000000       0.000000       0.000646       0.189714       0.000000
        5.566343       0.398743       0.200113       0.009129       0.001081       0.209533       0.000000       0.000000       0.000000       0.000000       0.000000       0.000000       0.000000       0.001612       0.189936       0.000000
        5.631068       0.395142       0.199891       0.008865       0.000991       0.212001       0.000000       0.000000       0.000000       0.000000       0.000000       0.000000       0.000000       0.002750       0.190123       0.000000
        5.695793       0.391479       0.199671       0.008600       0.000901       0.214603       0.000000       0.000000       0.000000       0.000000       0.000000       0.000000       0.000000       0.004070       0.190191       0.000000
        5.760518       0.387756       0.199388       0.008344       0.000817       0.217118       0.000000       0.000000       0.000000       0.000000       0.000000       0.000000       0.000000       0.005528       0.190208       0.000000
        5.825243       0.384216       0.199094       0.008101       0.000739       0.219518       0.000000       0.000000       0.000000       0.000000       0.000000       0.000000       0.000000       0.007044       0.190259       0.000000
        5.889968       0.380676       0.198783       0.007862       0.000665       0.221817       0.000000       0.000000       0.000000       0.000000       0.000000       0.000000       0.000000       0.008617       0.190169       0.000000
        5.954693       0.377075       0.198342       0.007639       0.000598       0.224104       0.000000       0.000000       0.000000       0.000000       0.000000       0.000000       0.000000       0.010261       0.190148       0.000000
        6.019418       0.373718       0.198007       0.007421       0.000534       0.226284       0.000000       0.000000       0.000000       0.000000       0.000000       0.000000       0.000000       0.011929       0.190113       0.000000
        6.084143       0.370361       0.197656       0.007208       0.000473       0.228460       0.000000       0.000000       0.000000       0.000000       0.000000       0.000000       0.000000       0.013631       0.189987       0.000000
        6.148868       0.367004       0.197290       0.006999       0.000416       0.230579       0.000000       0.000000       0.000000       0.000000       0.000000       0.000000       0.000000       0.015361       0.189778       0.000000
        6.213592       0.363708       0.196822       0.006806       0.000365       0.232691       0.000000       0.000000       0.000000       0.000000       0.000000       0.000000       0.000000       0.017117       0.189751       0.000000
        6.278317       0.360657       0.196468       0.006618       0.000318       0.234593       0.000000       0.000000       0.000000       0.000000       0.000000       0.000000       0.000000       0.018797       0.189579       0.000000
        6.343042       0.357544       0.196052       0.006436       0.000274       0.236523       0.000000       0.000000       0.000000       0.000000       0.000000       0.000000       0.000000       0.020521       0.189411       0.000000
        6.407767       0.354431       0.195623       0.006258       0.000233       0.238438       0.000000       0.000000       0.000000       0.000000       0.000000       0.000000       0.000000       0.022262       0.189192       0.000000
        6.472492       0.351501       0.195264       0.006086       0.000195       0.240344       0.000000       0.000000       0.000000       0.000000       0.000000       0.000000       0.000000       0.024000       0.189016       0.000000
        6.537217       0.348450       0.194791       0.005920       0.000160       0.242210       0.000000       0.000000       0.000000       0.000000       0.000000       0.000000       0.000000       0.025721       0.188749       0.000000
        6.601942       0.345642       0.194442       0.005759       0.000128       0.244013       0.000000       0.000000       0.000000       0.000000       0.000000       0.000000       0.000000       0.027455       0.188568       0.000000
        6.666667       0.342957       0.194047       0.005609       0.000101       0.245678       0.000000       0.000000       0.000000       0.000000       0.000000       0.000000       0.000000       0.029082       0.188380       0.000000
        6.731392       0.340149       0.193608       0.005461       0.000077       0.247403       0.000000       0.000000       0.000000       0.000000       0.000000       0.000000       0.000000       0.030774       0.188151       0.000000
        6.796117       0.337463       0.193263       0.005311       0.000054       0.249118       0.000000       0.000000       0.000000       0.000000       0.000000       0.000000       0.000000       0.032451       0.187847       0.000000
        6.860841       0.334839       0.192821       0.005175       0.000036       0.250698       0.000000       0.000000       0.000000       0.000000       0.000000       0.000000       0.000000       0.034043       0.187601       0.000000
        6.925566       0.332336       0.192406       0.005045       0.000021       0.252210       0.000000       0.000000       0.000000       0.000000       0.000000       0.000000       0.000000       0.035616       0.187417       0.000000
        6.990291       0.329895       0.192036       0.004918       0.000009       0.253688       0.000000       0.000000       0.000000       0.000000       0.000000       0.000000       0.000000       0.037159       0.187150       0.000000
        7.055017       0.327332       0.191621       0.004789       0.000001       0.255308       0.000000       0.000000       0.000000       0.000000       0.000000       0.000000       0.000000       0.038771       0.186852       0.000000
        7.119742       0.325073       0.191291       0.004670       0.000000       0.256701       0.000000       0.000000       0.000000       0.000000       0.000000       0.000000       0.000000       0.040265       0.186626       0.000000
        7.184466       0.322693       0.190916       0.004551       0.000000       0.258240       0.000000       0.000000       0.000000       0.000000       0.000000       0.000000       0.000000       0.041817       0.186361       0.000000
        7.249191       0.320374       0.190481       0.004441       0.000000       0.259620       0.000000       0.000000       0.000000       0.000000       0.000000       0.000000       0.000000       0.043283       0.186122       0.000000
        7.313916       0.318176       0.190150       0.004329       0.000000       0.260949       0.000000       0.000000       0.000000       0.000000       0.000000       0.000000       0.000000       0.044717       0.185796       0.000000
        7.378641       0.315979       0.189777       0.004225       0.000000       0.262379       0.000000       0.000000       0.000000       0.000000       0.000000       0.000000       0.000000       0.046176       0.185562       0.000000
        7.443366       0.313904       0.189436       0.004124       0.000000       0.263694       0.000000       0.000000       0.000000       0.000000       0.000000       0.000000       0.000000       0.047602       0.185374       0.000000
        7.508091       0.311707       0.189088       0.004020       0.000000       0.265056       0.000000       0.000000       0.000000       0.000000       0.000000       0.000000       0.000000       0.049021       0.184991       0.000000
        7.572816       0.309692       0.188756       0.003923       0.000000       0.266361       0.000000       0.000000       0.000000       0.000000       0.000000       0.000000       0.000000       0.050395       0.184748       0.000000
        7.637540       0.307678       0.188419       0.003830       0.000000       0.267710       0.000000       0.000000       0.000000       0.000000       0.000000       0.000000       0.000000       0.051789       0.184527       0.000000
        7.702265       0.305725       0.188061       0.003742       0.000000       0.268867       0.000000       0.000000       0.000000       0.000000       0.000000       0.000000       0.000000       0.053082       0.184263       0.000000
        7.766990       0.303833       0.187718       0.003657       0.000000       0.270032       0.000000       0.000000       0.000000       0.000000       0.000000       0.000000       0.000000       0.054389       0.184071       0.000000
