  density  pressure  energy
   0.100000E-01   0.192901E-01   0.940647E+01
   0.200000E-01   0.588712E-01   0.188505E+02
   0.300000E-01   0.100656E+00   0.282878E+02
   0.400000E-01   0.137904E+00   0.379569E+02
   0.500000E-01   0.161353E+00   0.473583E+02
   0.600000E-01   0.174318E+00   0.569633E+02
   0.700000E-01   0.192539E+00   0.663492E+02
   0.800000E-01   0.233754E+00   0.758612E+02
   0.900000E-01   0.304029E+00   0.853742E+02
   0.100000E+00   0.415903E+00   0.948907E+02
   0.110000E+00   0.588228E+00   0.104564E+03
   0.120000E+00   0.823318E+00   0.114000E+03
   0.130000E+00   0.111818E+01   0.123674E+03
   0.140000E+00   0.149342E+01   0.133261E+03
   0.150000E+00   0.195190E+01   0.142970E+03
   0.160000E+00   0.248970E+01   0.152573E+03
   0.170000E+00   0.311824E+01   0.162278E+03
   0.180000E+00   0.384908E+01   0.172044E+03
   0.190000E+00   0.466124E+01   0.181818E+03
   0.200000E+00   0.559382E+01   0.191754E+03
   0.210000E+00   0.660986E+01   0.201554E+03
   0.220000E+00   0.773162E+01   0.211476E+03
   0.230000E+00   0.899182E+01   0.221600E+03
   0.240000E+00   0.103351E+02   0.231642E+03
   0.250000E+00   0.117852E+02   0.241634E+03
   0.260000E+00   0.133515E+02   0.251781E+03
   0.270000E+00   0.150504E+02   0.262026E+03
   0.280000E+00   0.168703E+02   0.272400E+03
   0.290000E+00   0.187737E+02   0.282662E+03
   0.300000E+00   0.208177E+02   0.293097E+03
   0.310000E+00   0.229751E+02   0.303597E+03
   0.320000E+00   0.252809E+02   0.314297E+03
   0.330000E+00   0.274777E+02   0.324905E+03
   0.340000E+00   0.289765E+02   0.335541E+03
   0.350000E+00   0.304493E+02   0.346317E+03
   0.360000E+00   0.319710E+02   0.357140E+03
   0.370000E+00   0.335483E+02   0.367924E+03
   0.380000E+00   0.352175E+02   0.378807E+03
   0.390000E+00   0.369871E+02   0.389752E+03
   0.400000E+00   0.388654E+02   0.400783E+03
   0.410000E+00   0.407181E+02   0.411715E+03
   0.420000E+00   0.424742E+02   0.422740E+03
   0.430000E+00   0.442670E+02   0.433903E+03
   0.440000E+00   0.460730E+02   0.445016E+03
   0.450000E+00   0.479298E+02   0.456176E+03
   0.460000E+00   0.498517E+02   0.467418E+03
   0.470000E+00   0.518313E+02   0.478697E+03
   0.480000E+00   0.538591E+02   0.489931E+03
   0.490000E+00   0.559680E+02   0.501438E+03
   0.500000E+00   0.581266E+02   0.512839E+03
   0.510000E+00   0.603182E+02   0.524165E+03
   0.520000E+00   0.625979E+02   0.535682E+03
   0.530000E+00   0.649448E+02   0.547271E+03
   0.540000E+00   0.673240E+02   0.558781E+03
   0.550000E+00   0.697691E+02   0.570391E+03
   0.560000E+00   0.722770E+02   0.582061E+03
   0.570000E+00   0.748506E+02   0.593840E+03
   0.580000E+00   0.774786E+02   0.605585E+03
   0.590000E+00   0.801572E+02   0.617545E+03
   0.600000E+00   0.828851E+02   0.629321E+03
   0.610000E+00   0.856424E+02   0.641093E+03
   0.620000E+00   0.884940E+02   0.653034E+03
   0.630000E+00   0.914124E+02   0.665221E+03
   0.640000E+00   0.943345E+02   0.677222E+03
   0.650000E+00   0.973277E+02   0.689225E+03
   0.660000E+00   0.100349E+03   0.701340E+03
   0.670000E+00   0.103431E+03   0.713484E+03
   0.680000E+00   0.106579E+03   0.725687E+03
   0.690000E+00   0.109752E+03   0.737984E+03
   0.700000E+00   0.113002E+03   0.750346E+03
   0.710000E+00   0.116286E+03   0.762852E+03
   0.720000E+00   0.119589E+03   0.775114E+03
   0.730000E+00   0.122965E+03   0.787646E+03
   0.740000E+00   0.126359E+03   0.800075E+03
   0.750000E+00   0.129821E+03   0.812690E+03
   0.760000E+00   0.133310E+03   0.825227E+03
   0.770000E+00   0.136871E+03   0.838035E+03
   0.780000E+00   0.140435E+03   0.850649E+03
   0.790000E+00   0.144050E+03   0.863431E+03
   0.800000E+00   0.147681E+03   0.876143E+03
   0.810000E+00   0.151401E+03   0.889102E+03
   0.820000E+00   0.155138E+03   0.901948E+03
   0.830000E+00   0.158872E+03   0.914699E+03
   0.840000E+00   0.162723E+03   0.927913E+03
   0.850000E+00   0.166436E+03   0.940764E+03
   0.860000E+00   0.170230E+03   0.953979E+03
   0.870000E+00   0.173941E+03   0.966852E+03
   0.880000E+00   0.177717E+03   0.980046E+03
   0.890000E+00   0.181500E+03   0.993308E+03
   0.900000E+00   0.185329E+03   0.100659E+04
   0.910000E+00   0.189154E+03   0.101981E+04
   0.920000E+00   0.193008E+03   0.103319E+04
   0.930000E+00   0.196868E+03   0.104650E+04
   0.940000E+00   0.200778E+03   0.105993E+04
   0.950000E+00   0.204730E+03   0.107344E+04
   0.960000E+00   0.208728E+03   0.108713E+04
   0.970000E+00   0.212662E+03   0.110040E+04
   0.980000E+00   0.216644E+03   0.111389E+04
   0.990000E+00   0.220729E+03   0.112763E+04
   0.100000E+01   0.224819E+03   0.114136E+04
   0.101000E+01   0.228948E+03   0.115518E+04
   0.102000E+01   0.233047E+03   0.116892E+04
   0.103000E+01   0.237193E+03   0.118255E+04
   0.104000E+01   0.241410E+03   0.119651E+04
   0.105000E+01   0.245614E+03   0.121040E+04
   0.106000E+01   0.249906E+03   0.122434E+04
   0.107000E+01   0.254125E+03   0.123809E+04
   0.108000E+01   0.258347E+03   0.125179E+04
   0.109000E+01   0.262757E+03   0.126613E+04
   0.110000E+01   0.267091E+03   0.128000E+04
   0.111000E+01   0.271461E+03   0.129418E+04
   0.112000E+01   0.275843E+03   0.130821E+04
   0.113000E+01   0.280315E+03   0.132235E+04
   0.114000E+01   0.284801E+03   0.133668E+04
   0.115000E+01   0.289254E+03   0.135084E+04
   0.116000E+01   0.293744E+03   0.136513E+04
   0.117000E+01   0.298385E+03   0.137967E+04
   0.118000E+01   0.303034E+03   0.139433E+04
   0.119000E+01   0.307635E+03   0.140865E+04
   0.120000E+01   0.312121E+03   0.142278E+04
