   9.9999997764825821E-003   16768914373286.059       0.20974682656031787        67.312539999999998     
   1.9999999552965164E-002   33604783775876.969       0.15861325842614005        56.969420000000000     
   2.9999999329447746E-002   50428592586894.359       0.13837496242335962        49.876339999999999     
   3.9999999105930328E-002   67665776410849.531       0.13021414215634863        46.339820000000003     
   4.9999997019767761E-002   84425559034283.078       0.12728374666450709        45.157470000000004     
   5.9999998658895493E-002   101548391819942.73       0.12628916339933419        44.864269999999998     
   7.0000000298023224E-002   118280727224510.61       0.12535406979819713        44.747430000000001     
   7.9999998211860657E-002   135237785341506.11       0.12336779587263604        44.741979999999998     
   8.9999996125698090E-002   152196588142416.50       0.11923508891200198        44.498609999999999     
   9.9999994039535522E-002   169161582715178.12       0.11105119066205615        42.785750000000000     
  0.10999999940395355        186406023681800.62        9.8696177178848252E-002   37.191600000000001     
  0.11999999731779099        203227419632084.62        9.2085677409131386E-002   28.284269999999999     
  0.12999999523162842        220473612706808.94        9.8418341949700783E-002   21.134049999999998     
  0.14000000059604645        237564595730787.88       0.11516454714366436        16.867370000000001     
  0.14999999105930328        254873255913852.91       0.13926920979169499        14.548230000000000     
  0.15999999642372131        271991738126005.62       0.16857061315191740        13.282050000000000     
  0.17000000178813934        289292498974238.88       0.20250348399004714        12.557510000000001     
  0.17999999225139618        306702989304439.88       0.24081554673847308        12.136200000000001     
  0.18999999761581421        324126397719798.06       0.28164569944335494        11.903029999999999     
  0.19999998807907104        341839200939425.56       0.32626106766200680        11.776550000000000     
  0.20999999344348907        359310539905229.19       0.37230851914399166        11.721610000000000     
  0.21999999880790710        376998368160219.38       0.42027867803983537        11.709980000000000     
  0.22999998927116394        395047130684177.25       0.47095714712180975        11.726530000000000     
  0.23999999463558197        412948122192635.44       0.52163040795361881        11.760059999999999     
  0.25000000000000000        430760587696832.25       0.57288709268283056        11.803559999999999     
  0.25999999046325684        448850094158343.50       0.62468314643935874        11.852600000000001     
  0.26999998092651367        467113237502416.31       0.67714833615988856        11.904370000000000     
  0.28000000119209290        485606738516752.56       0.72956251178368892        11.956210000000000     
  0.28999999165534973        503902191922092.12       0.78064962814538119        12.005540000000000     
  0.29999998211860657        522504412728981.56       0.83175190802043020        12.052830000000000     
  0.31000000238418579        541221797522628.81       0.88195052736836010        12.096719999999999     
  0.31999999284744263        560298097206414.69       0.93183134278976931        12.137390000000000     
  0.32999998331069946        579208748432713.00       0.97593531862536720        12.170480000000000     
  0.34000000357627869        598168518079356.38        1.0036711257400166        12.189349999999999     
  0.34999999403953552        617379997357707.00        1.0286435815638164        12.204160000000000     
  0.35999998450279236        636672964511164.38        1.0523103156950817        12.215750000000000     
  0.37000000476837158        655897926112874.38        1.0748749878502544        12.224240000000000     
  0.37999999523162842        675299583362137.38        1.0969007175109253        12.229870000000000     
  0.38999998569488525        694811534331570.25        1.1184922043120338        12.232690000000000     
  0.39999997615814209        714475057500181.38        1.1397405675999468        12.232749999999999     
  0.40999999642372131        733964023187058.62        1.1592172815527042        12.230350000000000     
  0.41999998688697815        753618102789968.38        1.1763816754012675        12.226110000000000     
  0.42999997735023499        773518487216542.75        1.1926664199456256        12.220020000000000     
  0.43999999761581421        793329425039683.50        1.2079239866880582        12.212310000000000     
  0.44999998807907104        813224761019184.88        1.2225356628500259        12.202940000000000     
  0.45999997854232788        833266501963801.50        1.2366407906738803        12.191920000000000     
  0.46999999880790710        853373694539881.38        1.2502071416537526        12.179399999999999     
  0.47999998927116394        873399458634349.38        1.2632063930257649        12.165520000000001     
  0.48999997973442078        893913556044508.12        1.2758633350741690        12.150160000000000     
  0.50000000000000000        914238900927633.88        1.2880045695770845        12.133630000000000     
  0.50999999046325684        934429066216194.88        1.2995806153201972        12.116160000000001     
  0.51999998092651367        954959912591936.62        1.3109006512543300        12.097400000000000     
  0.52999997138977051        975619524064786.12        1.3218630226493879        12.077590000000001     
  0.53999996185302734        996138432348037.75        1.3323304604082815        12.057110000000000     
  0.55000001192092896        1016835521116216.8        1.3424741195631584        12.035750000000000     
  0.56000000238418579        1037640349684281.8        1.3522915789992969        12.013600000000000     
  0.56999999284744263        1058639276193927.5        1.3618040157541276        11.990700000000000     
  0.57999998331069946        1079576552255788.2        1.3709828436510487        11.967219999999999     
  0.58999997377395630        1100897866656162.5        1.3798272480884624        11.943239999999999     
  0.59999996423721313        1121891447751260.4        1.3883484794331171        11.918820000000000     
  0.61000001430511475        1142875882248132.2        1.3965083887695404        11.894200000000000     
  0.62000000476837158        1164164411439279.5        1.4045063385398244        11.868830000000001     
  0.62999999523162842        1185890314327428.5        1.4122620517758420        11.843019999999999     
  0.63999998569488525        1207284445152642.8        1.4196229175506392        11.817349999999999     
  0.64999997615814209        1228681664439596.0        1.4267774069803556        11.791270000000001     
  0.65999996662139893        1250278208295687.8        1.4336327276577197        11.765169999999999     
  0.66999995708465576        1271927731149297.8        1.4402716904215043        11.738810000000001     
  0.68000000715255737        1293682380489014.8        1.4467119138852882        11.712170000000000     
  0.68999999761581421        1315604400697573.8        1.4528785895357714        11.685630000000000     
  0.69999998807907104        1337642000647355.2        1.4588764223560546        11.658759999999999     
  0.70999997854232788        1359936774430382.0        1.4646335486850088        11.631959999999999     
  0.71999996900558472        1381796193895236.5        1.4701351504931048        11.605350000000000     
  0.72999995946884155        1404137057030364.2        1.4754802420935789        11.578510000000000     
  0.74000000953674316        1426294275479027.0        1.4805880703637790        11.551900000000000     
  0.75000000000000000        1448783384777614.2        1.4855407359566446        11.525130000000001     
  0.75999999046325684        1471132206641068.8        1.4902850664812208        11.498540000000000     
  0.76999998092651367        1493965441849545.5        1.4948872701313627        11.471790000000000     
  0.77999997138977051        1516452769343283.5        1.4992644767341965        11.445410000000001     
  0.78999996185302734        1539239083690729.5        1.5034836875462754        11.419060000000000     
  0.79999995231628418        1561899483828826.8        1.5075122838002162        11.392980000000000     
  0.81000000238418579        1585002959439443.0        1.5114334214893443        11.366680000000001     
  0.81999999284744263        1607903190510252.5        1.5151744337082573        11.340650000000000     
  0.82999998331069946        1630634625268341.0        1.5187275816021408        11.315040000000000     
  0.83999997377395630        1654190322949702.8        1.5222065959987838        11.289040000000000     
  0.84999996423721313        1677099819405728.2        1.5253915696446692        11.264360000000000     
  0.85999995470046997        1700658961909798.8        1.5284791381183698        11.239540000000000     
  0.87000000476837158        1723607301711538.5        1.5313434181125183        11.215640000000000     
  0.87999999523162842        1747127244508924.8        1.5341059785279973        11.191700000000001     
  0.88999998569488525        1770769775479941.2        1.5367260407258569        11.168100000000001     
  0.89999997615814209        1794449724352792.2        1.5392348658096091        11.144570000000000     
  0.90999996662139893        1818016469224219.2        1.5416036778808822        11.121440000000000     
  0.91999995708465576        1841870916185309.2        1.5438594104819505        11.098480000000000     
  0.93000000715255737        1865588164173005.0        1.5459912405403811        11.075830000000000     
  0.93999999761581421        1889535146199267.0        1.5480284380703875        11.053229999999999     
  0.94999998807907104        1913618495689993.2        1.5499677105777538        11.030730000000000     
  0.95999997854232788        1938021263396699.2        1.5518137173012985        11.008300000000000     
  0.96999996900558472        1961690996588414.5        1.5535217264135397        10.986560000000001     
  0.97999995946884155        1985733602141587.5        1.5551465482998592        10.964869999999999     
  0.98999994993209839        2010217976510390.0        1.5567105364661924        10.942940000000000     
   1.0000000000000000        2034708290228690.0        1.5581764751481522        10.921300000000000     
   1.0099999904632568        2059343286500750.8        1.5595602655103100        10.899770000000000     
   1.0199999809265137        2083832649923131.8        1.5608432925400446        10.878700000000000     
   1.0299999713897705        2108134329901388.8        1.5620532659173703        10.857690000000000     
   1.0399999618530273        2133015927964589.2        1.5631985534084423        10.836610000000000     
   1.0499999523162842        2157785391109275.2        1.5642583030899686        10.815899999999999     
   1.0599999427795410        2182636104555088.0        1.5652602196033187        10.795059999999999     
   1.0699999332427979        2207141385434122.2        1.5661705018138539        10.774839999999999     
   1.0799999237060547        2231570167491627.8        1.5670111078767852        10.754890000000000     
   1.0900000333786011        2257130039267451.0        1.5678172560698154        10.734330000000000     
   1.1000000238418579        2281860065131473.5        1.5685417470637055        10.714410000000001     
   1.1100000143051147        2307136511149272.5        1.5692074130835836        10.694590000000000     
   1.1200000047683716        2332153288807037.5        1.5698124895068617        10.674980000000000     
   1.1299999952316284        2357348246949730.0        1.5703689895482194        10.655239999999999     
   1.1399999856948853        2382896952748498.0        1.5708685245488818        10.635710000000000     
   1.1499999761581421        2408134911781552.5        1.5713087573530673        10.616569999999999     
   1.1599999666213989        2433615671422068.5        1.5716989676682935        10.597540000000000     
   1.1699999570846558        2459535942925405.0        1.5720485505814477        10.578120000000000     
   1.1799999475479126        2485675020064231.5        1.5723467186765885        10.558930000000000     
   1.1899999380111694        2511196642429291.0        1.5725930307334790        10.540190000000001     
   1.1999999284744263        2536389462406164.0        1.5727887113009635        10.522160000000000     
