309.030 10.373 1.586 5.151e+01 4.527e-02 8.551e-01 2.257e-01
293.089 10.436 1.585 5.487e+01 4.664e-02 8.279e-01 2.242e-01
277.971 10.498 1.584 5.852e+01 4.807e-02 8.004e-01 2.227e-01
263.633 10.559 1.582 6.251e+01 4.956e-02 7.728e-01 2.211e-01
250.035 10.620 1.579 6.688e+01 5.109e-02 7.460e-01 2.195e-01
237.137 10.680 1.576 7.165e+01 5.269e-02 7.191e-01 2.178e-01
224.905 10.739 1.572 7.689e+01 5.434e-02 6.923e-01 2.161e-01
213.304 10.797 1.568 8.263e+01 5.607e-02 6.654e-01 2.143e-01
202.302 10.854 1.563 8.893e+01 5.785e-02 6.387e-01 2.125e-01
191.867 10.911 1.557 9.586e+01 5.968e-02 6.130e-01 2.107e-01
181.970 10.966 1.551 1.035e+02 6.161e-02 5.865e-01 2.088e-01
172.584 11.021 1.545 1.119e+02 6.357e-02 5.611e-01 2.069e-01
163.682 11.074 1.537 1.211e+02 6.563e-02 5.351e-01 2.049e-01
155.239 11.127 1.530 1.313e+02 6.773e-02 5.103e-01 2.029e-01
147.231 11.178 1.521 1.424e+02 6.991e-02 4.851e-01 2.009e-01
139.637 11.228 1.513 1.547e+02 7.214e-02 4.605e-01 1.988e-01
132.434 11.276 1.503 1.681e+02 7.446e-02 4.357e-01 1.968e-01
125.603 11.323 1.494 1.829e+02 7.682e-02 4.116e-01 1.947e-01
119.124 11.368 1.484 1.992e+02 7.927e-02 3.875e-01 1.926e-01
112.980 11.412 1.473 2.171e+02 8.176e-02 3.642e-01 1.905e-01
107.152 11.455 1.462 2.367e+02 8.429e-02 3.417e-01 1.884e-01
101.625 11.495 1.451 2.584e+02 8.693e-02 3.187e-01 1.863e-01
96.383 11.534 1.439 2.823e+02 8.960e-02 2.968e-01 1.841e-01
91.411 11.571 1.426 3.086e+02 9.233e-02 2.752e-01 1.820e-01
86.696 11.606 1.414 3.376e+02 9.512e-02 2.541e-01 1.798e-01
82.224 11.639 1.400 3.696e+02 9.797e-02 2.335e-01 1.776e-01
77.983 11.669 1.387 4.051e+02 1.009e-01 2.128e-01 1.754e-01
73.961 11.698 1.373 4.443e+02 1.038e-01 1.937e-01 1.732e-01
70.146 11.724 1.358 4.878e+02 1.069e-01 1.746e-01 1.710e-01
66.527 11.748 1.343 5.362e+02 1.099e-01 1.566e-01 1.687e-01
63.096 11.769 1.327 5.900e+02 1.130e-01 1.389e-01 1.664e-01
59.841 11.787 1.311 6.500e+02 1.162e-01 1.218e-01 1.641e-01
56.754 11.802 1.294 7.173e+02 1.194e-01 1.053e-01 1.618e-01
53.827 11.815 1.276 7.927e+02 1.226e-01 9.041e-02 1.595e-01
51.050 11.824 1.258 8.779e+02 1.259e-01 7.574e-02 1.571e-01
48.417 11.830 1.239 9.743e+02 1.292e-01 6.221e-02 1.546e-01
45.920 11.833 1.220 1.084e+03 1.326e-01 4.997e-02 1.521e-01
43.551 11.831 1.199 1.210e+03 1.360e-01 3.772e-02 1.496e-01
41.305 11.827 1.178 1.354e+03 1.394e-01 2.767e-02 1.470e-01
39.174 11.818 1.156 1.521e+03 1.429e-01 1.769e-02 1.443e-01
37.154 11.806 1.133 1.713e+03 1.464e-01 9.174e-03 1.416e-01
35.237 11.790 1.109 1.935e+03 1.499e-01 1.621e-03 1.389e-01
33.420 11.770 1.085 2.193e+03 1.534e-01 -4.690e-03 1.361e-01
31.696 11.745 1.060 2.496e+03 1.570e-01 -1.020e-02 1.332e-01
30.061 11.716 1.034 2.855e+03 1.605e-01 -1.405e-02 1.302e-01
28.510 11.683 1.007 3.287e+03 1.640e-01 -1.622e-02 1.272e-01
27.040 11.645 0.978 3.810e+03 1.676e-01 -1.785e-02 1.240e-01
25.645 11.604 0.950 4.432e+03 1.712e-01 -1.905e-02 1.208e-01
24.322 11.562 0.922 5.162e+03 1.747e-01 -1.931e-02 1.177e-01
23.067 11.519 0.894 6.019e+03 1.781e-01 -1.862e-02 1.146e-01
21.878 11.474 0.867 7.027e+03 1.814e-01 -1.765e-02 1.115e-01
20.749 11.427 0.839 8.215e+03 1.847e-01 -1.647e-02 1.084e-01
19.679 11.380 0.813 9.614e+03 1.878e-01 -1.384e-02 1.054e-01
18.664 11.331 0.787 1.127e+04 1.909e-01 -1.110e-02 1.025e-01
17.701 11.281 0.761 1.322e+04 1.938e-01 -7.636e-03 9.955e-02
16.788 11.230 0.736 1.552e+04 1.966e-01 -3.501e-03 9.668e-02
15.922 11.178 0.711 1.825e+04 1.993e-01 1.262e-03 9.385e-02
15.101 11.126 0.686 2.148e+04 2.018e-01 7.224e-03 9.106e-02
14.322 11.072 0.663 2.531e+04 2.042e-01 1.307e-02 8.833e-02
13.583 11.018 0.639 2.986e+04 2.063e-01 1.999e-02 8.564e-02
12.882 10.963 0.617 3.525e+04 2.084e-01 2.735e-02 8.301e-02
12.218 10.908 0.594 4.167e+04 2.102e-01 3.571e-02 8.042e-02
11.588 10.852 0.573 4.931e+04 2.119e-01 4.442e-02 7.788e-02
10.990 10.796 0.551 5.840e+04 2.134e-01 5.400e-02 7.539e-02
10.423 10.740 0.531 6.923e+04 2.146e-01 6.440e-02 7.295e-02
9.886 10.684 0.511 8.214e+04 2.156e-01 7.559e-02 7.057e-02
9.376 10.628 0.491 9.757e+04 2.165e-01 8.752e-02 6.823e-02
8.892 10.572 0.472 1.160e+05 2.171e-01 1.001e-01 6.595e-02
8.433 10.516 0.454 1.380e+05 2.175e-01 1.134e-01 6.372e-02
7.998 10.460 0.436 1.644e+05 2.177e-01 1.271e-01 6.155e-02
7.586 10.405 0.419 1.959e+05 2.177e-01 1.420e-01 5.942e-02
7.194 10.351 0.402 2.337e+05 2.174e-01 1.579e-01 5.734e-02
6.823 10.297 0.386 2.791e+05 2.169e-01 1.741e-01 5.532e-02
6.471 10.243 0.370 3.335e+05 2.162e-01 1.907e-01 5.335e-02
6.138 10.191 0.355 3.989e+05 2.153e-01 2.087e-01 5.143e-02
5.821 10.140 0.340 4.774e+05 2.141e-01 2.274e-01 4.956e-02
5.521 10.090 0.326 5.719e+05 2.127e-01 2.468e-01 4.774e-02
5.236 10.041 0.313 6.856e+05 2.111e-01 2.667e-01 4.597e-02
4.966 9.993 0.300 8.225e+05 2.094e-01 2.870e-01 4.425e-02
4.710 9.948 0.287 9.873e+05 2.073e-01 3.088e-01 4.258e-02
4.467 9.903 0.275 1.186e+06 2.052e-01 3.304e-01 4.096e-02
4.236 9.861 0.263 1.426e+06 2.028e-01 3.532e-01 3.939e-02
4.018 9.821 0.252 1.716e+06 2.003e-01 3.766e-01 3.786e-02
3.811 9.782 0.241 2.067e+06 1.977e-01 4.000e-01 3.638e-02
3.614 9.746 0.231 2.491e+06 1.949e-01 4.242e-01 3.495e-02
3.428 9.713 0.221 3.004e+06 1.919e-01 4.489e-01 3.356e-02
3.251 9.682 0.211 3.625e+06 1.889e-01 4.737e-01 3.222e-02
3.083 9.654 0.202 4.378e+06 1.858e-01 4.987e-01 3.093e-02
2.924 9.629 0.194 5.290e+06 1.826e-01 5.238e-01 2.968e-02
2.773 9.608 0.185 6.396e+06 1.794e-01 5.493e-01 2.847e-02
2.630 9.589 0.177 7.740e+06 1.762e-01 5.740e-01 2.730e-02
2.495 9.575 0.170 9.374e+06 1.729e-01 5.991e-01 2.618e-02
2.366 9.564 0.163 1.136e+07 1.698e-01 6.235e-01 2.510e-02
2.244 9.557 0.156 1.378e+07 1.667e-01 6.472e-01 2.406e-02
2.128 9.555 0.149 1.672e+07 1.636e-01 6.705e-01 2.306e-02
2.018 9.557 0.143 2.031e+07 1.607e-01 6.926e-01 2.210e-02
1.914 9.563 0.137 2.468e+07 1.580e-01 7.134e-01 2.119e-02
1.816 9.575 0.132 3.002e+07 1.555e-01 7.332e-01 2.031e-02
1.722 9.591 0.126 3.654e+07 1.532e-01 7.511e-01 1.947e-02
1.633 9.614 0.122 4.451e+07 1.511e-01 7.677e-01 1.866e-02
1.549 9.641 0.117 5.424e+07 1.493e-01 7.818e-01 1.790e-02
1.469 9.675 0.113 6.612e+07 1.479e-01 7.940e-01 1.717e-02
1.393 9.714 0.108 8.059e+07 1.468e-01 8.035e-01 1.648e-02
1.321 9.760 0.105 9.821e+07 1.461e-01 8.106e-01 1.582e-02
1.253 9.812 0.101 1.196e+08 1.458e-01 8.149e-01 1.520e-02
1.189 9.870 0.098 1.455e+08 1.460e-01 8.161e-01 1.462e-02
1.127 9.934 0.095 1.769e+08 1.466e-01 8.142e-01 1.408e-02
1.069 10.005 0.092 2.146e+08 1.477e-01 8.093e-01 1.356e-02
1.014 10.083 0.089 2.598e+08 1.493e-01 8.012e-01 1.308e-02
0.962 10.166 0.087 3.136e+08 1.515e-01 7.895e-01 1.264e-02
0.912 10.256 0.085 3.773e+08 1.542e-01 7.747e-01 1.222e-02
