        0.064725       4.344033       0.600417       0.000000      20.508667     490.032016       0.996248       0.967289
        0.129450       4.344033       0.600417       0.000000      36.941223     486.790625       0.992674       0.936126
        0.194175       4.344033       0.600417       0.000000      50.428894     482.934620       0.989265       0.906399
        0.258900       4.344033       0.600417       0.000000      62.185852     478.322770       0.985924       0.877264
        0.323625       4.344033       0.600417       0.000000      71.581726     473.193472       0.982805       0.850071
        0.388350       4.344033       0.600417       0.000000      79.342102     467.582851       0.979737       0.823325
        0.453074       4.344033       0.600417       0.000000      85.832214     461.580525       0.976852       0.798169
        0.517799       4.344033       0.600417       0.000000      91.757874     455.070707       0.974040       0.773646
        0.582524       4.344033       0.600417       0.000000      96.838135     448.407062       0.971328       0.750004
        0.647249       4.344033       0.600417       0.000000     101.278076     441.614355       0.968713       0.727204
        0.711974       4.344033       0.600417       0.000000     105.523010     434.538466       0.966157       0.704913
        0.776699       4.344033       0.600417       0.000000     109.471008     427.433729       0.963762       0.684031
        0.841424       4.344033       0.600417       0.000000     112.824402     420.348810       0.961374       0.663211
        0.906149       4.344033       0.600417       0.000000     116.125183     413.337044       0.959130       0.643643
        0.970874       4.344033       0.600417       0.000000     119.272888     406.438176       0.956948       0.624617
        1.035599       4.344033       0.600417       0.000000     122.465454     399.738642       0.954844       0.606270
        1.100324       4.344033       0.600417       0.000000     125.530334     393.147660       0.952817       0.588598
        1.165049       4.344033       0.600417       0.000000     128.778687     386.641358       0.950868       0.571605
        1.229774       4.344033       0.600417       0.000000     131.682007     380.396394       0.948988       0.555214
        1.294498       4.344033       0.600417       0.000000     134.835327     374.245592       0.947167       0.539335
        1.359223       4.344033       0.600417       0.000000     137.872986     368.260398       0.945447       0.524341
        1.423948       4.344033       0.600417       0.000000     140.775635     362.552789       0.943777       0.509780
        1.488673       4.344033       0.600417       0.000000     143.915955     356.921758       0.942159       0.495669
        1.553398       4.344033       0.600417       0.000000     146.774841     351.427663       0.940619       0.482240
        1.618123       4.344033       0.600417       0.000000     149.757141     346.112730       0.939165       0.469560
        1.682848       4.344033       0.600417       0.000000     152.539490     341.061073       0.937748       0.457210
        1.747573       4.344033       0.600417       0.000000     155.484314     336.025911       0.936395       0.445407
        1.812298       4.344033       0.600417       0.000000     158.281006     331.207008       0.935084       0.433983
        1.877023       4.344033       0.600417       0.000000     160.969421     326.499145       0.933850       0.423222
        1.941748       4.344033       0.600417       0.000000     163.717529     321.916922       0.932660       0.412843
        2.006473       4.344033       0.600417       0.000000     166.387329     317.454604       0.931520       0.402902
        2.071197       4.344033       0.600417       0.000000     169.105957     313.106716       0.930419       0.393301
        2.135922       4.344033       0.600417       0.000000     171.087524     308.885690       0.929326       0.383771
        2.200647       4.344033       0.600417       0.000000     170.935364     304.848475       0.928075       0.372867
        2.265372       4.344033       0.600417       0.000000     170.382385     300.842087       0.926810       0.361835
        2.330097       4.344033       0.600417       0.000000     169.579468     297.037815       0.925584       0.351147
        2.394822       4.344033       0.600417       0.000000     168.725281     293.227020       0.924414       0.340949
        2.459547       4.344033       0.600417       0.000000     167.786316     289.577187       0.923274       0.331009
        2.524272       4.344033       0.600417       0.000000     166.804688     285.966053       0.922172       0.321393
        2.588997       4.344033       0.600417       0.000000     165.738464     282.444923       0.921106       0.312099
        2.653722       4.344033       0.600417       0.000000     164.697327     279.174077       0.920108       0.303398
        2.718447       4.344033       0.600417       0.000000     163.617432     276.257451       0.919164       0.295171
        2.783172       4.344033       0.600417       0.000000     162.483459     273.544658       0.918254       0.287234
        2.847897       4.344033       0.600417       0.000000     161.385132     270.934300       0.917390       0.279697
        2.912621       4.344033       0.600417       0.000000     160.251526     268.465434       0.916555       0.272418
        2.977346       4.344033       0.600417       0.000000     159.090271     266.130255       0.915739       0.265303
        3.042071       4.344033       0.600417       0.000000     157.971130     263.849438       0.914970       0.258599
        3.106796       4.344033       0.600417       0.000000     156.837952     261.629229       0.914221       0.252074
        3.171521       4.344033       0.600417       0.000000     155.694336     259.528982       0.913476       0.245577
        3.236246       4.344033       0.600417       0.000000     154.579651     257.457432       0.912780       0.239508
        3.300971       4.344033       0.600417       0.000000     153.460876     255.483054       0.912117       0.233724
        3.365696       4.344033       0.600417       0.000000     152.355774     253.604194       0.911463       0.228021
        3.430421       4.344033       0.600417       0.000000     151.248596     251.729203       0.910815       0.222376
        3.495146       4.344033       0.600417       0.000000     150.179871     249.915273       0.910213       0.217126
        3.559871       4.344033       0.600417       0.000000     149.079041     248.190847       0.909621       0.211958
        3.624596       4.344033       0.600417       0.000000     148.043457     246.520832       0.909049       0.206974
        3.689321       4.344033       0.600417       0.000000     146.972046     244.879340       0.908485       0.202052
        3.754045       4.344033       0.600417       0.000000     145.914673     243.252176       0.907942       0.197325
        3.818770       4.344033       0.600417       0.000000     144.869141     241.693160       0.907403       0.192620
        3.883495       4.344033       0.600417       0.000000     143.855591     240.217278       0.906902       0.188250
        3.948220       4.344033       0.600417       0.000000     142.859253     238.742486       0.906412       0.183983
        4.012945       4.344033       0.600417       0.000000     141.809448     237.319084       0.905930       0.179780
        4.077670       4.344033       0.600417       0.000000     140.838501     235.929961       0.905453       0.175615
        4.142395       4.344033       0.600417       0.000000     139.847656     234.533018       0.904991       0.171594
        4.207120       4.344033       0.600417       0.000000     138.889893     233.237860       0.904560       0.167834
        4.271845       4.344033       0.600417       0.000000     137.954346     231.941027       0.904124       0.164030
        4.336570       4.344033       0.600417       0.000000     136.999268     230.684009       0.903708       0.160406
        4.401295       4.344033       0.600417       0.000000     136.103027     229.478037       0.903302       0.156864
        4.466020       4.344033       0.600417       0.000000     135.139282     228.247017       0.902899       0.153348
        4.530744       4.344033       0.600417       0.000000     134.265625     227.108392       0.902512       0.149974
        4.595469       4.344033       0.600417       0.000000     133.352539     225.961418       0.902117       0.146532
        4.660194       4.344033       0.600417       0.000000     132.481812     224.823579       0.901760       0.143416
        4.724919       4.344033       0.600417       0.000000     131.586792     223.748442       0.901384       0.140142
        4.789644       4.344033       0.600417       0.000000     130.780518     222.667834       0.901044       0.137177
        4.854369       4.344033       0.600417       0.000000     129.925415     221.659295       0.900695       0.134135
        4.919094       4.344033       0.600417       0.000000     129.070923     220.634531       0.900360       0.131210
        4.983819       4.344033       0.600417       0.000000     128.264404     219.617415       0.900017       0.128222
        5.048544       4.344033       0.600417       0.000000     127.430298     218.629323       0.899700       0.125453
        5.113269       4.344033       0.600417       0.000000     126.653320     217.679012       0.899382       0.122681
        5.177993       4.344033       0.600417       0.000000     125.870850     216.737785       0.899077       0.120026
        5.242719       4.344033       0.600417       0.000000     125.079102     215.851051       0.898761       0.117272
        5.307444       4.344033       0.600417       0.000000     124.317871     214.923027       0.898468       0.114712
        5.372168       4.344033       0.600417       0.000000     123.582764     214.052545       0.898190       0.112287
        5.436893       4.344033       0.600417       0.000000     122.846802     213.194351       0.897892       0.109689
        5.501618       4.344033       0.600417       0.000000     122.079102     212.299151       0.897605       0.107189
        5.566343       4.344033       0.600417       0.000000     121.334351     211.455388       0.897291       0.104454
        5.631068       4.344033       0.600417       0.000000     120.613647     210.565083       0.897003       0.101938
        5.695793       4.344033       0.600417       0.000000     119.856689     209.679921       0.896701       0.099312
        5.760518       4.344033       0.600417       0.000000     119.103027     208.853186       0.896392       0.096612
        5.825243       4.344033       0.600417       0.000000     118.376099     207.963118       0.896098       0.094048
        5.889968       4.344033       0.600417       0.000000     117.634521     207.123827       0.895805       0.091495
        5.954693       4.344033       0.600417       0.000000     116.936890     206.321549       0.895504       0.088873
        6.019418       4.344033       0.600417       0.000000     116.232178     205.505765       0.895221       0.086401
        6.084143       4.344033       0.600417       0.000000     115.520264     204.683595       0.894935       0.083911
        6.148868       4.344033       0.600417       0.000000     114.796387     203.915672       0.894648       0.081403
        6.213592       4.344033       0.600417       0.000000     114.128052     203.122762       0.894361       0.078903
        6.278317       4.344033       0.600417       0.000000     113.459717     202.353428       0.894102       0.076644
        6.343042       4.344033       0.600417       0.000000     112.792603     201.592671       0.893832       0.074290
        6.407767       4.344033       0.600417       0.000000     112.125854     200.807049       0.893558       0.071899
        6.472492       4.344033       0.600417       0.000000     111.461548     200.100207       0.893295       0.069609
        6.537217       4.344033       0.600417       0.000000     110.803589     199.332064       0.893024       0.067245
        6.601942       4.344033       0.600417       0.000000     110.149170     198.607812       0.892767       0.065003
        6.666667       4.344033       0.600417       0.000000     109.540283     197.898948       0.892528       0.062921
        6.731392       4.344033       0.600417       0.000000     108.919434     197.258277       0.892270       0.060671
        6.796117       4.344033       0.600417       0.000000     108.255615     196.538534       0.892020       0.058491
        6.860841       4.344033       0.600417       0.000000     107.667969     195.890248       0.891780       0.056403
        6.925566       4.344033       0.600417       0.000000     107.093506     195.224741       0.891550       0.054395
        6.990291       4.344033       0.600417       0.000000     106.511963     194.555822       0.891325       0.052432
        7.055017       4.344033       0.600417       0.000000     105.896484     193.914729       0.891078       0.050276
        7.119742       4.344033       0.600417       0.000000     105.334717     193.269222       0.890864       0.048416
        7.184466       4.344033       0.600417       0.000000     104.750366     192.625749       0.890632       0.046394
        7.249191       4.344033       0.600417       0.000000     104.206421     192.049659       0.890411       0.044466
        7.313916       4.344033       0.600417       0.000000     103.633545     191.430911       0.890199       0.042615
        7.378641       4.344033       0.600417       0.000000     103.100220     190.808779       0.889981       0.040715
        7.443366       4.344033       0.600417       0.000000     102.565918     190.207982       0.889774       0.038906
        7.508091       4.344033       0.600417       0.000000     101.992188     189.667385       0.889554       0.036993
        7.572816       4.344033       0.600417       0.000000     101.455444     189.075238       0.889349       0.035205
        7.637540       4.344033       0.600417       0.000000     100.936279     188.476919       0.889139       0.033373
        7.702265       4.344033       0.600417       0.000000     100.432983     187.966983       0.888943       0.031660
        7.766990       4.344033       0.600417       0.000000      99.948853     187.379560       0.888748       0.029967
