323.594 11.178 1.919 2.266e+01 3.548e-02 9.119e-01 2.534e-01
305.492 11.242 1.916 2.424e+01 3.665e-02 8.835e-01 2.516e-01
288.403 11.303 1.913 2.596e+01 3.787e-02 8.548e-01 2.498e-01
272.270 11.362 1.908 2.787e+01 3.914e-02 8.269e-01 2.479e-01
257.040 11.419 1.903 2.998e+01 4.045e-02 7.999e-01 2.459e-01
242.661 11.474 1.895 3.236e+01 4.183e-02 7.736e-01 2.438e-01
229.087 11.528 1.887 3.508e+01 4.328e-02 7.486e-01 2.416e-01
216.272 11.580 1.876 3.822e+01 4.484e-02 7.232e-01 2.391e-01
204.174 11.631 1.864 4.177e+01 4.645e-02 6.992e-01 2.366e-01
192.752 11.680 1.851 4.577e+01 4.812e-02 6.761e-01 2.340e-01
181.970 11.726 1.837 5.026e+01 4.987e-02 6.532e-01 2.313e-01
171.791 11.770 1.822 5.532e+01 5.167e-02 6.317e-01 2.285e-01
162.181 11.812 1.805 6.105e+01 5.351e-02 6.118e-01 2.256e-01
153.109 11.851 1.787 6.757e+01 5.542e-02 5.928e-01 2.226e-01
144.544 11.887 1.768 7.504e+01 5.740e-02 5.746e-01 2.195e-01
136.458 11.920 1.747 8.365e+01 5.946e-02 5.575e-01 2.163e-01
128.825 11.951 1.725 9.367e+01 6.158e-02 5.422e-01 2.130e-01
121.619 11.979 1.700 1.054e+02 6.380e-02 5.278e-01 2.095e-01
114.815 12.004 1.674 1.194e+02 6.615e-02 5.139e-01 2.058e-01
108.393 12.028 1.646 1.358e+02 6.856e-02 5.015e-01 2.020e-01
102.329 12.050 1.618 1.549e+02 7.104e-02 4.897e-01 1.982e-01
96.605 12.071 1.589 1.769e+02 7.355e-02 4.793e-01 1.943e-01
91.201 12.089 1.560 2.026e+02 7.614e-02 4.686e-01 1.904e-01
86.099 12.107 1.530 2.324e+02 7.872e-02 4.600e-01 1.865e-01
81.283 12.122 1.500 2.670e+02 8.138e-02 4.509e-01 1.826e-01
76.736 12.136 1.469 3.074e+02 8.406e-02 4.430e-01 1.787e-01
72.444 12.149 1.439 3.545e+02 8.675e-02 4.360e-01 1.748e-01
68.391 12.160 1.408 4.095e+02 8.949e-02 4.292e-01 1.709e-01
64.565 12.170 1.377 4.737e+02 9.223e-02 4.232e-01 1.670e-01
60.954 12.179 1.346 5.489e+02 9.499e-02 4.180e-01 1.631e-01
57.544 12.187 1.315 6.368e+02 9.774e-02 4.133e-01 1.592e-01
54.325 12.194 1.284 7.399e+02 1.005e-01 4.092e-01 1.554e-01
51.286 12.200 1.253 8.607e+02 1.033e-01 4.055e-01 1.516e-01
48.417 12.206 1.222 1.002e+03 1.060e-01 4.028e-01 1.478e-01
45.709 12.210 1.192 1.169e+03 1.088e-01 3.997e-01 1.441e-01
43.152 12.214 1.162 1.364e+03 1.115e-01 3.973e-01 1.404e-01
40.738 12.218 1.132 1.594e+03 1.142e-01 3.956e-01 1.367e-01
38.459 12.221 1.102 1.864e+03 1.169e-01 3.938e-01 1.331e-01
36.308 12.224 1.073 2.181e+03 1.195e-01 3.924e-01 1.296e-01
34.277 12.227 1.045 2.554e+03 1.222e-01 3.913e-01 1.261e-01
32.359 12.229 1.017 2.992e+03 1.249e-01 3.897e-01 1.227e-01
30.549 12.233 0.989 3.505e+03 1.274e-01 3.892e-01 1.194e-01
28.840 12.236 0.963 4.104e+03 1.300e-01 3.879e-01 1.161e-01
27.227 12.240 0.937 4.799e+03 1.325e-01 3.869e-01 1.130e-01
25.704 12.244 0.912 5.603e+03 1.350e-01 3.857e-01 1.099e-01
24.266 12.249 0.888 6.531e+03 1.374e-01 3.850e-01 1.070e-01
22.909 12.253 0.865 7.601e+03 1.398e-01 3.838e-01 1.042e-01
21.627 12.258 0.842 8.833e+03 1.420e-01 3.834e-01 1.014e-01
20.417 12.262 0.820 1.025e+04 1.442e-01 3.829e-01 9.873e-02
19.275 12.265 0.799 1.188e+04 1.464e-01 3.825e-01 9.615e-02
18.197 12.268 0.778 1.375e+04 1.484e-01 3.829e-01 9.363e-02
17.179 12.270 0.758 1.592e+04 1.504e-01 3.841e-01 9.117e-02
16.218 12.270 0.738 1.843e+04 1.522e-01 3.856e-01 8.874e-02
15.311 12.268 0.718 2.139e+04 1.539e-01 3.880e-01 8.634e-02
14.454 12.264 0.697 2.491e+04 1.555e-01 3.914e-01 8.392e-02
13.646 12.258 0.676 2.921e+04 1.570e-01 3.962e-01 8.144e-02
12.882 12.251 0.655 3.461e+04 1.584e-01 4.023e-01 7.887e-02
12.162 12.244 0.633 4.124e+04 1.598e-01 4.086e-01 7.628e-02
11.482 12.239 0.612 4.918e+04 1.611e-01 4.146e-01 7.377e-02
10.839 12.237 0.591 5.859e+04 1.624e-01 4.205e-01 7.134e-02
10.233 12.236 0.572 6.971e+04 1.637e-01 4.253e-01 6.902e-02
9.661 12.238 0.554 8.281e+04 1.650e-01 4.300e-01 6.678e-02
9.120 12.243 0.536 9.821e+04 1.662e-01 4.344e-01 6.464e-02
8.610 12.249 0.519 1.163e+05 1.675e-01 4.376e-01 6.259e-02
8.128 12.258 0.504 1.373e+05 1.688e-01 4.406e-01 6.063e-02
7.674 12.268 0.488 1.619e+05 1.702e-01 4.425e-01 5.876e-02
7.244 12.281 0.474 1.904e+05 1.715e-01 4.442e-01 5.698e-02
6.839 12.296 0.460 2.233e+05 1.728e-01 4.453e-01 5.527e-02
6.457 12.312 0.448 2.611e+05 1.742e-01 4.455e-01 5.366e-02
6.095 12.330 0.435 3.045e+05 1.756e-01 4.453e-01 5.211e-02
5.754 12.350 0.424 3.541e+05 1.770e-01 4.449e-01 5.064e-02
5.433 12.370 0.413 4.105e+05 1.784e-01 4.435e-01 4.925e-02
5.129 12.392 0.402 4.743e+05 1.798e-01 4.421e-01 4.792e-02
4.842 12.414 0.392 5.464e+05 1.813e-01 4.400e-01 4.666e-02
4.571 12.437 0.383 6.275e+05 1.828e-01 4.378e-01 4.546e-02
4.315 12.460 0.374 7.184e+05 1.842e-01 4.354e-01 4.432e-02
4.074 12.483 0.366 8.202e+05 1.856e-01 4.329e-01 4.322e-02
3.846 12.505 0.357 9.339e+05 1.871e-01 4.300e-01 4.218e-02
3.631 12.527 0.349 1.061e+06 1.884e-01 4.275e-01 4.118e-02
3.428 12.548 0.342 1.202e+06 1.897e-01 4.250e-01 4.022e-02
3.236 12.568 0.335 1.361e+06 1.910e-01 4.229e-01 3.928e-02
3.055 12.587 0.327 1.538e+06 1.921e-01 4.214e-01 3.838e-02
2.884 12.604 0.320 1.737e+06 1.931e-01 4.202e-01 3.750e-02
2.723 12.619 0.313 1.961e+06 1.941e-01 4.195e-01 3.663e-02
2.570 12.633 0.306 2.216e+06 1.948e-01 4.201e-01 3.577e-02
2.427 12.644 0.299 2.507e+06 1.954e-01 4.211e-01 3.493e-02
2.291 12.653 0.292 2.842e+06 1.959e-01 4.231e-01 3.408e-02
2.163 12.660 0.285 3.228e+06 1.961e-01 4.265e-01 3.323e-02
2.042 12.664 0.278 3.678e+06 1.962e-01 4.306e-01 3.238e-02
1.928 12.666 0.270 4.203e+06 1.961e-01 4.361e-01 3.152e-02
1.820 12.666 0.263 4.819e+06 1.957e-01 4.429e-01 3.066e-02
1.718 12.664 0.256 5.545e+06 1.951e-01 4.509e-01 2.979e-02
1.622 12.661 0.248 6.400e+06 1.942e-01 4.606e-01 2.892e-02
1.531 12.656 0.241 7.409e+06 1.932e-01 4.712e-01 2.806e-02
1.445 12.650 0.233 8.602e+06 1.918e-01 4.832e-01 2.719e-02
1.365 12.643 0.226 1.001e+07 1.903e-01 4.963e-01 2.634e-02
1.288 12.635 0.218 1.169e+07 1.886e-01 5.106e-01 2.549e-02
1.216 12.626 0.211 1.368e+07 1.867e-01 5.258e-01 2.465e-02
1.148 12.618 0.204 1.604e+07 1.844e-01 5.427e-01 2.382e-02
1.084 12.610 0.196 1.886e+07 1.820e-01 5.607e-01 2.300e-02
1.023 12.602 0.189 2.222e+07 1.794e-01 5.797e-01 2.219e-02
0.966 12.595 0.183 2.622e+07 1.767e-01 5.998e-01 2.140e-02
0.912 12.589 0.176 3.101e+07 1.737e-01 6.210e-01 2.063e-02
0.861 12.584 0.169 3.674e+07 1.705e-01 6.431e-01 1.987e-02
0.813 12.582 0.163 4.359e+07 1.672e-01 6.667e-01 1.912e-02
0.767 12.581 0.157 5.181e+07 1.637e-01 6.909e-01 1.840e-02
0.724 12.582 0.151 6.166e+07 1.601e-01 7.158e-01 1.769e-02
0.684 12.586 0.145 7.349e+07 1.564e-01 7.417e-01 1.700e-02
0.646 12.593 0.139 8.769e+07 1.525e-01 7.683e-01 1.632e-02
0.610 12.603 0.134 1.048e+08 1.486e-01 7.956e-01 1.567e-02
0.575 12.617 0.129 1.253e+08 1.445e-01 8.236e-01 1.504e-02
0.543 12.635 0.123 1.500e+08 1.405e-01 8.521e-01 1.442e-02
0.513 12.657 0.119 1.798e+08 1.363e-01 8.810e-01 1.383e-02
0.484 12.684 0.114 2.157e+08 1.322e-01 9.104e-01 1.325e-02
0.457 12.716 0.109 2.590e+08 1.280e-01 9.400e-01 1.269e-02
0.432 12.753 0.105 3.113e+08 1.238e-01 9.696e-01 1.215e-02
0.407 12.795 0.101 3.746e+08 1.197e-01 9.990e-01 1.163e-02
0.385 12.844 0.097 4.511e+08 1.157e-01 1.029e+00 1.113e-02
0.363 12.900 0.093 5.439e+08 1.116e-01 1.058e+00 1.065e-02
0.343 12.963 0.089 6.564e+08 1.077e-01 1.087e+00 1.018e-02
0.324 13.033 0.086 7.930e+08 1.039e-01 1.115e+00 9.733e-03
0.305 13.111 0.083 9.590e+08 1.002e-01 1.143e+00 9.302e-03
0.288 13.198 0.079 1.161e+09 9.664e-02 1.170e+00 8.889e-03
0.272 13.293 0.076 1.407e+09 9.327e-02 1.195e+00 8.493e-03
0.257 13.397 0.074 1.707e+09 9.010e-02 1.220e+00 8.115e-03
0.243 13.512 0.071 2.072e+09 8.710e-02 1.243e+00 7.753e-03
0.229 13.635 0.068 2.518e+09 8.437e-02 1.264e+00 7.410e-03
0.216 13.770 0.066 3.062e+09 8.183e-02 1.284e+00 7.082e-03
0.204 13.914 0.064 3.728e+09 7.958e-02 1.302e+00 6.771e-03
0.193 14.070 0.062 4.542e+09 7.757e-02 1.318e+00 6.475e-03
0.182 14.237 0.060 5.540e+09 7.583e-02 1.332e+00 6.195e-03
0.172 14.415 0.058 6.765e+09 7.439e-02 1.343e+00 5.930e-03
0.162 14.605 0.056 8.268e+09 7.323e-02 1.353e+00 5.679e-03
0.153 14.807 0.055 1.011e+10 7.238e-02 1.360e+00 5.442e-03
0.145 15.021 0.053 1.238e+10 7.183e-02 1.365e+00 5.218e-03
0.136 15.247 0.052 1.515e+10 7.161e-02 1.367e+00 5.008e-03
0.129 15.485 0.050 1.854e+10 7.172e-02 1.366e+00 4.811e-03
0.122 15.735 0.049 2.267e+10 7.215e-02 1.363e+00 4.627e-03
0.115 15.996 0.048 2.768e+10 7.292e-02 1.357e+00 4.456e-03
0.108 16.269 0.047 3.372e+10 7.401e-02 1.349e+00 4.296e-03
0.102 16.552 0.047 4.095e+10 7.545e-02 1.338e+00 4.148e-03
