   9.9999997764825821E-003   16768914373286.059       0.20974719179336995        67.312600000000003     
   1.9999999552965164E-002   33604783775876.969       0.15861356860437412        56.969490000000000     
   2.9999999329447746E-002   50428592586894.359       0.13837519904003245        49.876399999999997     
   3.9999999105930328E-002   67665776410849.531       0.13021445148040992        46.339930000000003     
   4.9999997019767761E-002   84425559034283.078       0.12728434999396271        45.157719999999998     
   5.9999998658895493E-002   101548391819942.73       0.12628970993720259        44.864519999999999     
   7.0000000298023224E-002   118280734648697.48       0.12535467287903165        44.747700000000002     
   7.9999998211860657E-002   135237815038253.58       0.12336936961367516        44.742350000000002     
   8.9999996125698090E-002   152196617839164.00       0.11923890077279209        44.499609999999997     
   9.9999994039535522E-002   169161627260299.34       0.11105768787778472        42.788490000000003     
  0.10999999940395355        186406097923669.34        9.8703348734765106E-002   37.197929999999999     
  0.11999999731779099        203227582964195.81        9.2083592779828860E-002   28.281790000000001     
  0.12999999523162842        220468742440220.91        9.8314131243193562E-002   21.180370000000000     
  0.14000000059604645        237564551185666.62       0.11513853710873655        16.869190000000000     
  0.14999999105930328        254758953132772.06       0.13927821899980700        14.546559999999999     
  0.15999999642372131        271991767822753.09       0.16858364109647983        13.281300000000000     
  0.17000000178813934        289292528670986.38       0.20251137714352371        12.557230000000001     
  0.17999999225139618        306702989304439.88       0.24082284673574531        12.136049999999999     
  0.18999999761581421        324126427416545.50       0.28165064350310165        11.902960000000000     
  0.19999998807907104        341839260332920.56       0.32625771638099010        11.776510000000000     
  0.20999999344348907        359310539905229.19       0.37231023500916910        11.721579999999999     
  0.21999999880790710        376998368160219.38       0.42028033726734521        11.709949999999999     
  0.22999998927116394        395047011897187.31       0.47095717409389876        11.726500000000000     
  0.23999999463558197        412948122192635.44       0.52163152027333504        11.760030000000000     
  0.25000000000000000        430760587696832.25       0.57288795883854204        11.803540000000000     
  0.25999999046325684        448850094158343.50       0.62468392880393742        11.852580000000000     
  0.26999998092651367        467113237502416.31       0.67714927568629746        11.904350000000001     
  0.28000000119209290        485606738516752.56       0.72956314232442543        11.956189999999999     
  0.28999999165534973        503902191922092.12       0.78065046728077014        12.005520000000001     
  0.29999998211860657        522676950831886.12       0.81883638973608541        12.040640000000000     
  0.31000000238418579        541300909657936.56       0.84110022358306080        12.059490000000000     
  0.31999999284744263        559974818413261.62       0.86135286446962100        12.074600000000000     
  0.32999998331069946        578731224733108.00       0.88086769433261880        12.086750000000000     
  0.34000000357627869        597658090383534.88       0.90034584334220669        12.096170000000001     
  0.34999999403953552        616555615647443.62       0.91957501648163187        12.102610000000000     
  0.35999998450279236        635453200304847.38       0.93881210183828057        12.106100000000000     
  0.37000000476837158        654386361665741.62       0.95813973000197350        12.106650000000000     
  0.37999999523162842        673573964759112.00       0.97791713891659748        12.104229999999999     
  0.38999998569488525        692706094328175.00       0.99749793610450477        12.099019999999999     
  0.39999997615814209        711930224420955.38        1.0173953989673366        12.091040000000000     
  0.40999999642372131        731390384262769.38        1.0375305920797808        12.080430000000000     
  0.41999998688697815        750705445796357.75        1.0574520618245093        12.067650000000000     
  0.42999997735023499        770250835303462.00        1.0774993260287802        12.052690000000000     
  0.43999999761581421        789911507584314.12        1.0953123265211333        12.037710000000001     
  0.44999998807907104        809540582525839.12        1.1119783050190151        12.022119999999999     
  0.45999997854232788        829518119102387.00        1.1280208436257912        12.005549999999999     
  0.46999999880790710        849107459795773.38        1.1433075326527682        11.988260000000000     
  0.47999998927116394        869111842232050.12        1.1583044394759483        11.969810000000001     
  0.48999997973442078        889060454176544.75        1.1727464373807839        11.950600000000000     
  0.50000000000000000        909208450083673.00        1.1868852404301957        11.930370000000000     
  0.50999999046325684        929470837862124.50        1.2005990321047524        11.909380000000001     
  0.51999998092651367        949732750492616.12        1.2138266269932145        11.887810000000000     
  0.52999997138977051        969943762897913.62        1.2266651764190264        11.865600000000001     
  0.53999996185302734        990486903727115.38        1.2392540483003796        11.842580000000000     
  0.55000001192092896        1011166649594761.5        1.2514148453216787        11.819129999999999     
  0.56000000238418579        1031561544260503.8        1.2631802597601702        11.795270000000000     
  0.56999999284744263        1052176907579596.1        1.2745871650957112        11.771020000000000     
  0.57999998331069946        1073080448136311.0        1.2857164922328559        11.746259999999999     
  0.58999997377395630        1093772666637901.8        1.2964320240228817        11.721349999999999     
  0.59999996423721313        1114894062534187.5        1.3068963330173728        11.695990000000000     
  0.61000001430511475        1136095758435680.5        1.3170158354089467        11.670430000000000     
  0.62000000476837158        1157112621780809.0        1.3267964105819743        11.644729999999999     
  0.62999999523162842        1178140294742022.8        1.3361967476415706        11.619070000000001     
  0.63999998569488525        1199452818905140.8        1.3453954592142783        11.593010000000000     
  0.64999997615814209        1220977140271341.8        1.3543284995935920        11.566760000000000     
  0.65999996662139893        1242250345940785.8        1.3628425989928479        11.540830000000000     
  0.66999995708465576        1264064151201498.8        1.3711783078828663        11.514530000000001     
  0.68000000715255737        1285381189270234.2        1.3788998548175313        11.489319999999999     
  0.68999999761581421        1307284916282340.8        1.3863106527747033        11.464280000000000     
  0.69999998807907104        1329163579239567.2        1.3933483731219600        11.439660000000000     
  0.70999997854232788        1350771170285724.5        1.4000184642089748        11.415500000000000     
  0.71999996900558472        1372675253658800.8        1.4064209606552496        11.391480000000000     
  0.72999995946884155        1395046526263356.0        1.4126653257486179        11.367190000000001     
  0.74000000953674316        1417029246623780.0        1.4185808417583992        11.343349999999999     
  0.75000000000000000        1439035961956174.5        1.4242317040262655        11.319739999999999     
  0.75999999046325684        1461569616375993.2        1.4297467664199714        11.295850000000000     
  0.76999998092651367        1483650692364097.2        1.4349607209462674        11.272440000000000     
  0.77999997138977051        1506074112457241.2        1.4400330039985825        11.248820000000000     
  0.78999996185302734        1528654331377121.5        1.4449270362619162        11.225199999999999     
  0.79999995231628418        1551492436852186.2        1.4496430593016392        11.201580000000000     
  0.81000000238418579        1574072774559056.2        1.4541507357277015        11.178170000000000     
  0.81999999284744263        1596916938170608.5        1.4584991299993821        11.154760000000000     
  0.82999998331069946        1619411749244713.5        1.4626173761058048        11.131760000000000     
  0.83999997377395630        1642118595095882.0        1.4665874646791568        11.108779999999999     
  0.84999996423721313        1665128228984436.5        1.4704605279492633        11.085530000000000     
  0.85999995470046997        1688636293082827.8        1.4741791410749139        11.062370000000000     
  0.87000000476837158        1711332804465870.5        1.4776980362847238        11.039630000000001     
  0.87999999523162842        1734632516183886.8        1.4811155480089844        11.016730000000001     
  0.88999998569488525        1758134759719770.2        1.4844137112584819        10.993779999999999     
  0.89999997615814209        1781205687695140.0        1.4875140765429329        10.971399999999999     
  0.90999996662139893        1804731926202993.8        1.4905490297859196        10.948660000000000     
  0.91999995708465576        1828546341948469.8        1.4934530953864984        10.926069999999999     
  0.93000000715255737        1851602421550095.5        1.4961826111291336        10.904010000000000     
  0.93999999761581421        1875727465274294.8        1.4988688875777461        10.881460000000001     
  0.94999998807907104        1899213672566534.8        1.5013709606467365        10.859629999999999     
  0.95999997854232788        1923019892009704.5        1.5037620187528289        10.837960000000001     
  0.96999996900558472        1946562285548191.8        1.5059756037031162        10.817090000000000     
  0.97999995946884155        1970820964636086.5        1.5081007206082100        10.796250000000001     
  0.98999994993209839        1995427095669589.2        1.5101470025684114        10.775340000000000     
   1.0000000000000000        2018657316998483.8        1.5119829213234355        10.755770000000000     
   1.0099999904632568        2042766799626999.8        1.5137813948166776        10.735780000000000     
   1.0199999809265137        2067718006866311.5        1.5155242713625046        10.715520000000000     
   1.0299999713897705        2092213072064209.8        1.5171422147140547        10.695830000000001     
   1.0399999618530273        2115793477439481.5        1.5186527505040297        10.676570000000000     
   1.0499999523162842        2140320852698646.2        1.5201008730132739        10.657209999999999     
   1.0599999427795410        2165494429183147.8        1.5215054813853401        10.637480000000000     
   1.0699999332427979        2190235145876265.5        1.5228053419447647        10.618250000000000     
   1.0799999237060547        2214295213116961.0        1.5240188251379214        10.599330000000000     
   1.0900000333786011        2238657712034073.8        1.5251617567892204        10.580550000000001     
   1.1000000238418579        2263833901832353.5        1.5262706117347498        10.561270000000000     
   1.1100000143051147        2288547772665742.5        1.5272839145784958        10.542610000000000     
   1.1200000047683716        2314316234395920.5        1.5282532537610647        10.523650000000000     
   1.1299999952316284        2339107554346758.0        1.5291386625035364        10.505190000000001     
   1.1399999856948853        2363777711567845.0        1.5299703819608761        10.486700000000001     
   1.1499999761581421        2389040378294809.5        1.5307433277954194        10.468310000000001     
   1.1599999666213989        2414030072518865.5        1.5314542501739368        10.450150000000001     
   1.1699999570846558        2440217139601633.0        1.5321393015586635        10.431270000000000     
   1.1799999475479126        2464348716610279.5        1.5327189183913486        10.413980000000000     
   1.1899999380111694        2490049232182205.5        1.5332809009772701        10.395780000000000     
   1.1999999284744263        2515257019319812.5        1.5337836763520341        10.377969999999999     
