        0.064725       0.000000       1.100000       9.971300       0.967289
        0.129450       0.000000       1.100000       9.971300       0.936126
        0.194175       0.000000       1.100000       9.971300       0.906399
        0.258900       0.000000       1.100000       9.971300       0.877264
        0.323625       0.000000       1.100000       9.971300       0.850071
        0.388350       0.000000       1.100000       9.971300       0.823325
        0.453074       0.000000       1.100000       9.971300       0.798169
        0.517799       0.000000       1.100000       9.971300       0.773646
        0.582524       0.000000       1.100000       9.971300       0.750004
        0.647249       0.000000       1.100000       9.971300       0.727204
        0.711974       0.000000       1.100000       9.971300       0.704913
        0.776699       0.000000       1.100000       9.971300       0.684031
        0.841424       0.000000       1.100000       9.971300       0.663213
        0.906149       0.000000       1.100000       9.971300       0.643643
        0.970874       0.000000       1.100000       9.971300       0.624617
        1.035599       0.000000       1.100000       9.971300       0.606270
        1.100324       0.000000       1.100000       9.971300       0.588598
        1.165049       0.000000       1.100000       9.971300       0.571605
        1.229774       0.000000       1.100000       9.971300       0.555214
        1.294498       0.000000       1.100000       9.971300       0.539335
        1.359223       0.000000       1.100000       9.971300       0.524341
        1.423948       0.000000       1.100000       9.971300       0.509780
        1.488673       0.000000       1.100000       9.971300       0.495669
        1.553398       0.000000       1.100000       9.971300       0.482240
        1.618123       0.000000       1.100000       9.971300       0.469560
        1.682848       0.000000       1.100000       9.971300       0.457210
        1.747573       0.000000       1.100000       9.971300       0.445407
        1.812298       0.000000       1.100000       9.971300       0.433983
        1.877023       0.000000       1.100000       9.971300       0.423222
        1.941748       0.000000       1.100000       9.971300       0.411424
        2.006473       0.000000       1.100000       9.971300       0.398320
        2.071197       0.000000       1.100000       9.971300       0.385632
        2.135922       0.000000       1.100000       9.971300       0.373272
        2.200647       0.000000       1.100000       9.971300       0.361333
        2.265372       0.000000       1.100000       9.971300       0.349937
        2.330097       0.000000       1.100000       9.971300       0.338917
        2.394822       0.000000       1.100000       9.971300       0.328321
        2.459547       0.000000       1.100000       9.971300       0.318142
        2.524272       0.000000       1.100000       9.971300       0.308506
        2.588997       0.000000       1.100000       9.971300       0.299348
        2.653722       0.000000       1.100000       9.971300       0.290338
        2.718447       0.000000       1.100000       9.971300       0.281925
        2.783172       0.000000       1.100000       9.971300       0.273853
        2.847897       0.000000       1.100000       9.971300       0.266377
        2.912621       0.000000       1.100000       9.971300       0.259194
        2.977346       0.000000       1.100000       9.971300       0.252175
        3.042071       0.000000       1.100000       9.971300       0.245665
        3.106796       0.000000       1.100000       9.971300       0.239296
        3.171521       0.000000       1.100000       9.971300       0.233211
        3.236246       0.000000       1.100000       9.971300       0.227342
        3.300971       0.000000       1.100000       9.971300       0.221609
        3.365696       0.000000       1.100000       9.971300       0.216165
        3.430421       0.000000       1.100000       9.971300       0.210950
        3.495146       0.000000       1.100000       9.971300       0.205822
        3.559871       0.000000       1.100000       9.971300       0.200800
        3.624596       0.000000       1.100000       9.971300       0.196154
        3.689321       0.000000       1.100000       9.971300       0.191500
        3.754045       0.000000       1.100000       9.971300       0.187025
        3.818770       0.000000       1.100000       9.971300       0.182722
        3.883495       0.000000       1.100000       9.971300       0.178391
        3.948220       0.000000       1.100000       9.971300       0.174248
        4.012945       0.000000       1.100000       9.971300       0.170361
        4.077670       0.000000       1.100000       9.971300       0.166514
        4.142395       0.000000       1.100000       9.971300       0.162767
        4.207120       0.000000       1.100000       9.971300       0.159070
        4.271845       0.000000       1.100000       9.971300       0.155647
        4.336570       0.000000       1.100000       9.971300       0.152022
        4.401295       0.000000       1.100000       9.971300       0.148592
        4.466020       0.000000       1.100000       9.971300       0.144838
        4.530744       0.000000       1.100000       9.971300       0.141207
        4.595469       0.000000       1.100000       9.971300       0.137706
        4.660194       0.000000       1.100000       9.971300       0.134088
        4.724919       0.000000       1.100000       9.971300       0.130443
        4.789644       0.000000       1.100000       9.971300       0.127013
        4.854369       0.000000       1.100000       9.971300       0.123670
        4.919094       0.000000       1.100000       9.971300       0.120165
        4.983819       0.000000       1.100000       9.971300       0.116944
        5.048544       0.000000       1.100000       9.971300       0.113745
        5.113269       0.000000       1.100000       9.971300       0.110570
        5.177993       0.000000       1.100000       9.971300       0.107327
        5.242719       0.000000       1.100000       9.971300       0.104327
        5.307444       0.000000       1.100000       9.971300       0.101312
        5.372168       0.000000       1.100000       9.971300       0.098505
        5.436893       0.000000       1.100000       9.971300       0.095653
        5.501618       0.000000       1.100000       9.971300       0.092850
        5.566343       0.000000       1.100000       9.971300       0.089933
        5.631068       0.000000       1.100000       9.971300       0.087407
        5.695793       0.000000       1.100000       9.971300       0.084705
        5.760518       0.000000       1.100000       9.971300       0.082057
        5.825243       0.000000       1.100000       9.971300       0.079608
        5.889968       0.000000       1.100000       9.971300       0.077161
        5.954693       0.000000       1.100000       9.971300       0.074608
        6.019418       0.000000       1.100000       9.971300       0.072381
        6.084143       0.000000       1.100000       9.971300       0.069919
        6.148868       0.000000       1.100000       9.971300       0.067611
        6.213592       0.000000       1.100000       9.971300       0.065311
        6.278317       0.000000       1.100000       9.971300       0.062893
        6.343042       0.000000       1.100000       9.971300       0.060301
        6.407767       0.000000       1.100000       9.971300       0.057665
        6.472492       0.000000       1.100000       9.971300       0.055321
        6.537217       0.000000       1.100000       9.971300       0.052822
        6.601942       0.000000       1.100000       9.971300       0.050172
        6.666667       0.000000       1.100000       9.971300       0.047688
        6.731392       0.000000       1.100000       9.971300       0.045489
        6.796117       0.000000       1.100000       9.971300       0.043050
        6.860841       0.000000       1.100000       9.971300       0.040544
        6.925566       0.000000       1.100000       9.971300       0.038213
        6.990291       0.000000       1.100000       9.971300       0.036078
        7.055017       0.000000       1.100000       9.971300       0.033912
        7.119742       0.000000       1.100000       9.971300       0.031695
        7.184466       0.000000       1.100000       9.971300       0.029508
        7.249191       0.000000       1.100000       9.971300       0.027224
        7.313916       0.000000       1.100000       9.971300       0.025126
        7.378641       0.000000       1.100000       9.971300       0.023249
        7.443366       0.000000       1.100000       9.971300       0.021214
        7.508091       0.000000       1.100000       9.971300       0.019316
        7.572816       0.000000       1.100000       9.971300       0.017175
        7.637540       0.000000       1.100000       9.971300       0.015487
        7.702265       0.000000       1.100000       9.971300       0.013551
        7.766990       0.000000       1.100000       9.971300       0.011810
