 dentity  pressure  energy
   0.100000E-01   0.121122E-01   0.942514E+01
   0.200000E-01   0.311156E-01   0.188722E+02
   0.300000E-01   0.720226E-01   0.283345E+02
   0.400000E-01   0.154135E+00   0.378113E+02
   0.500000E-01   0.287048E+00   0.473032E+02
   0.600000E-01   0.467149E+00   0.568108E+02
   0.700000E-01   0.681016E+00   0.663342E+02
   0.800000E-01   0.911774E+00   0.758726E+02
   0.900000E-01   0.114498E+01   0.854262E+02
   0.100000E+00   0.137237E+01   0.949959E+02
   0.110000E+00   0.159300E+01   0.104585E+03
   0.120000E+00   0.180823E+01   0.114192E+03
   0.130000E+00   0.202883E+01   0.123818E+03
   0.140000E+00   0.227358E+01   0.133469E+03
   0.150000E+00   0.256149E+01   0.143148E+03
   0.160000E+00   0.291246E+01   0.152857E+03
   0.170000E+00   0.334688E+01   0.162599E+03
   0.180000E+00   0.388539E+01   0.172384E+03
   0.190000E+00   0.454750E+01   0.182214E+03
   0.200000E+00   0.535265E+01   0.192092E+03
   0.210000E+00   0.631635E+01   0.202025E+03
   0.220000E+00   0.745775E+01   0.212022E+03
   0.230000E+00   0.879174E+01   0.222085E+03
   0.240000E+00   0.103293E+02   0.232220E+03
   0.250000E+00   0.120854E+02   0.242435E+03
   0.260000E+00   0.140700E+02   0.252735E+03
   0.270000E+00   0.162916E+02   0.263122E+03
   0.280000E+00   0.187584E+02   0.273606E+03
   0.290000E+00   0.214758E+02   0.284185E+03
   0.300000E+00   0.244514E+02   0.294878E+03
   0.310000E+00   0.276861E+02   0.305676E+03
   0.320000E+00   0.311842E+02   0.316590E+03
   0.330000E+00   0.345859E+02   0.327620E+03
   0.340000E+00   0.371041E+02   0.338743E+03
   0.350000E+00   0.395984E+02   0.349938E+03
   0.360000E+00   0.421806E+02   0.361209E+03
   0.370000E+00   0.448694E+02   0.372555E+03
   0.380000E+00   0.477031E+02   0.383973E+03
   0.390000E+00   0.506789E+02   0.395481E+03
   0.400000E+00   0.537897E+02   0.407057E+03
   0.410000E+00   0.570612E+02   0.418720E+03
   0.420000E+00   0.604818E+02   0.430464E+03
   0.430000E+00   0.640493E+02   0.442284E+03
   0.440000E+00   0.677222E+02   0.454190E+03
   0.450000E+00   0.714499E+02   0.466192E+03
   0.460000E+00   0.752957E+02   0.478262E+03
   0.470000E+00   0.792807E+02   0.490413E+03
   0.480000E+00   0.833823E+02   0.502657E+03
   0.490000E+00   0.875934E+02   0.515003E+03
   0.500000E+00   0.919231E+02   0.527404E+03
   0.510000E+00   0.964037E+02   0.539897E+03
   0.520000E+00   0.100969E+03   0.552483E+03
   0.530000E+00   0.105672E+03   0.565205E+03
   0.540000E+00   0.110488E+03   0.577961E+03
   0.550000E+00   0.115402E+03   0.590822E+03
   0.560000E+00   0.120452E+03   0.603796E+03
   0.570000E+00   0.125579E+03   0.616862E+03
   0.580000E+00   0.130839E+03   0.630009E+03
   0.590000E+00   0.136209E+03   0.643224E+03
   0.600000E+00   0.141683E+03   0.656559E+03
   0.610000E+00   0.147269E+03   0.669957E+03
   0.620000E+00   0.152944E+03   0.683480E+03
   0.630000E+00   0.158771E+03   0.697077E+03
   0.640000E+00   0.164673E+03   0.710758E+03
   0.650000E+00   0.170704E+03   0.724524E+03
   0.660000E+00   0.176797E+03   0.738378E+03
   0.670000E+00   0.183007E+03   0.752407E+03
   0.680000E+00   0.189323E+03   0.766455E+03
   0.690000E+00   0.195747E+03   0.780626E+03
   0.700000E+00   0.202258E+03   0.794854E+03
   0.710000E+00   0.208876E+03   0.809184E+03
   0.720000E+00   0.215630E+03   0.823638E+03
   0.730000E+00   0.222479E+03   0.838153E+03
   0.740000E+00   0.229446E+03   0.852753E+03
   0.750000E+00   0.236465E+03   0.867468E+03
   0.760000E+00   0.243569E+03   0.882294E+03
   0.770000E+00   0.250847E+03   0.897166E+03
   0.780000E+00   0.258159E+03   0.912206E+03
   0.790000E+00   0.265650E+03   0.927332E+03
   0.800000E+00   0.273171E+03   0.942486E+03
   0.810000E+00   0.280850E+03   0.957816E+03
   0.820000E+00   0.288596E+03   0.973146E+03
   0.830000E+00   0.296437E+03   0.988647E+03
   0.840000E+00   0.304407E+03   0.100418E+04
   0.850000E+00   0.312480E+03   0.101985E+04
   0.860000E+00   0.320649E+03   0.103561E+04
   0.870000E+00   0.328916E+03   0.105145E+04
   0.880000E+00   0.337294E+03   0.106741E+04
   0.890000E+00   0.345702E+03   0.108346E+04
   0.900000E+00   0.354266E+03   0.109960E+04
   0.910000E+00   0.362906E+03   0.111580E+04
   0.920000E+00   0.371690E+03   0.113219E+04
   0.930000E+00   0.380602E+03   0.114861E+04
   0.940000E+00   0.389588E+03   0.116513E+04
   0.950000E+00   0.398588E+03   0.118174E+04
   0.960000E+00   0.407756E+03   0.119846E+04
   0.970000E+00   0.417019E+03   0.121519E+04
   0.980000E+00   0.426402E+03   0.123221E+04
   0.990000E+00   0.435901E+03   0.124918E+04
   0.100000E+01   0.445475E+03   0.126624E+04
   0.101000E+01   0.455112E+03   0.128346E+04
   0.102000E+01   0.464857E+03   0.130076E+04
   0.103000E+01   0.474751E+03   0.131818E+04
   0.104000E+01   0.484733E+03   0.133559E+04
   0.105000E+01   0.494830E+03   0.135325E+04
   0.106000E+01   0.504921E+03   0.137088E+04
   0.107000E+01   0.515246E+03   0.138864E+04
   0.108000E+01   0.525654E+03   0.140654E+04
   0.109000E+01   0.536160E+03   0.142448E+04
   0.110000E+01   0.546650E+03   0.144255E+04
   0.111000E+01   0.557493E+03   0.146069E+04
   0.112000E+01   0.568258E+03   0.147900E+04
   0.113000E+01   0.579157E+03   0.149734E+04
   0.114000E+01   0.590076E+03   0.151570E+04
   0.115000E+01   0.601248E+03   0.153436E+04
   0.116000E+01   0.612237E+03   0.155290E+04
   0.117000E+01   0.623185E+03   0.157163E+04
   0.118000E+01   0.634187E+03   0.159049E+04
   0.119000E+01   0.645292E+03   0.160938E+04
   0.120000E+01   0.656416E+03   0.162844E+04
   0.121000E+01   0.667652E+03   0.164748E+04
   0.122000E+01   0.679034E+03   0.166675E+04
   0.123000E+01   0.690472E+03   0.168601E+04
   0.124000E+01   0.701851E+03   0.170545E+04
   0.125000E+01   0.713479E+03   0.172486E+04
   0.126000E+01   0.724986E+03   0.174445E+04
   0.127000E+01   0.736781E+03   0.176420E+04
   0.128000E+01   0.748568E+03   0.178393E+04
   0.129000E+01   0.760464E+03   0.180370E+04
   0.130000E+01   0.772440E+03   0.182374E+04
   0.131000E+01   0.784535E+03   0.184369E+04
   0.132000E+01   0.796572E+03   0.186375E+04
   0.133000E+01   0.808875E+03   0.188399E+04
   0.134000E+01   0.821267E+03   0.190440E+04
   0.135000E+01   0.833573E+03   0.192477E+04
   0.136000E+01   0.846089E+03   0.194531E+04
   0.137000E+01   0.858589E+03   0.196589E+04
   0.138000E+01   0.871351E+03   0.198650E+04
   0.139000E+01   0.884105E+03   0.200739E+04
   0.140000E+01   0.896849E+03   0.202807E+04
