        0.064725       0.996094       0.003418       0.004170       0.000000       0.000000       0.000000       0.000000       0.000000       0.000000       0.000000       0.000000       0.000000       0.000000       0.000000       0.000000
        0.129450       0.988281       0.011536       0.011324       0.000000       0.000000       0.000000       0.000000       0.000000       0.000000       0.000000       0.000000       0.000000       0.000000       0.000000       0.000000
        0.194175       0.980469       0.019226       0.019103       0.000000       0.000000       0.000000       0.000000       0.000000       0.000000       0.000000       0.000000       0.000000       0.000000       0.000000       0.000000
        0.258900       0.973877       0.026072       0.026192       0.000000       0.000000       0.000000       0.000000       0.000000       0.000000       0.000000       0.000000       0.000000       0.000000       0.000000       0.000000
        0.323625       0.968018       0.031920       0.031982       0.000000       0.000000       0.000000       0.000000       0.000000       0.000000       0.000000       0.000000       0.000000       0.000000       0.000000       0.000000
        0.388350       0.963379       0.036550       0.036470       0.000000       0.000000       0.000000       0.000000       0.000000       0.000000       0.000000       0.000000       0.000000       0.000000       0.000000       0.000000
        0.453074       0.959961       0.039961       0.039880       0.000000       0.000000       0.000000       0.000000       0.000000       0.000000       0.000000       0.000000       0.000000       0.000000       0.000000       0.000000
        0.517799       0.957520       0.042397       0.042457       0.000000       0.000000       0.000000       0.000000       0.000000       0.000000       0.000000       0.000000       0.000000       0.000000       0.000000       0.000000
        0.582524       0.955566       0.044347       0.044352       0.000000       0.000000       0.000000       0.000000       0.000000       0.000000       0.000000       0.000000       0.000000       0.000000       0.000000       0.000000
        0.647249       0.954102       0.045809       0.045838       0.000000       0.000000       0.000000       0.000000       0.000000       0.000000       0.000000       0.000000       0.000000       0.000000       0.000000       0.000000
        0.711974       0.953003       0.047066       0.047051       0.000000       0.000000       0.000000       0.000000       0.000000       0.000000       0.000000       0.000000       0.000000       0.000000       0.000000       0.000000
        0.776699       0.951416       0.048655       0.047920       0.000813       0.000000       0.000000       0.000000       0.000000       0.000000       0.000000       0.000000       0.000000       0.000000       0.000000       0.000000
        0.841424       0.949463       0.050611       0.048562       0.002079       0.000000       0.000000       0.000000       0.000000       0.000000       0.000000       0.000000       0.000000       0.000000       0.000000       0.000000
        0.906149       0.947327       0.052660       0.049159       0.003490       0.000000       0.000000       0.000000       0.000000       0.000000       0.000000       0.000000       0.000000       0.000000       0.000000       0.000000
        0.970874       0.945190       0.054796       0.049783       0.004974       0.000000       0.000000       0.000000       0.000000       0.000000       0.000000       0.000000       0.000000       0.000000       0.000000       0.000000
        1.035599       0.942993       0.056993       0.050444       0.006494       0.000000       0.000000       0.000000       0.000000       0.000000       0.000000       0.000000       0.000000       0.000000       0.000000       0.000000
        1.100324       0.940918       0.059068       0.051094       0.008002       0.000000       0.000000       0.000000       0.000000       0.000000       0.000000       0.000000       0.000000       0.000000       0.000000       0.000000
        1.165049       0.939209       0.060776       0.051479       0.009339       0.000000       0.000000       0.000000       0.000000       0.000000       0.000000       0.000000       0.000000       0.000000       0.000000       0.000000
        1.229774       0.937988       0.061997       0.051566       0.010462       0.000000       0.000000       0.000000       0.000000       0.000000       0.000000       0.000000       0.000000       0.000000       0.000000       0.000000
        1.294498       0.937073       0.062912       0.051506       0.011441       0.000000       0.000000       0.000000       0.000000       0.000000       0.000000       0.000000       0.000000       0.000000       0.000000       0.000000
        1.359223       0.936279       0.063705       0.051387       0.012329       0.000000       0.000000       0.000000       0.000000       0.000000       0.000000       0.000000       0.000000       0.000000       0.000000       0.000000
        1.423948       0.935547       0.064437       0.051246       0.013148       0.000000       0.000000       0.000000       0.000000       0.000000       0.000000       0.000000       0.000000       0.000000       0.000000       0.000000
        1.488673       0.934937       0.065048       0.051147       0.013943       0.000000       0.000000       0.000000       0.000000       0.000000       0.000000       0.000000       0.000000       0.000000       0.000000       0.000000
        1.553398       0.934326       0.065714       0.051033       0.014682       0.000000       0.000000       0.000000       0.000000       0.000000       0.000000       0.000000       0.000000       0.000000       0.000000       0.000000
        1.618123       0.933655       0.066329       0.050943       0.015394       0.000000       0.000000       0.000000       0.000000       0.000000       0.000000       0.000000       0.000000       0.000000       0.000000       0.000000
        1.682848       0.933044       0.066939       0.050875       0.016081       0.000000       0.000000       0.000000       0.000000       0.000000       0.000000       0.000000       0.000000       0.000000       0.000000       0.000000
        1.747573       0.932434       0.067549       0.050823       0.016742       0.000000       0.000000       0.000000       0.000000       0.000000       0.000000       0.000000       0.000000       0.000000       0.000000       0.000000
        1.812298       0.931824       0.068160       0.050787       0.017380       0.000000       0.000000       0.000000       0.000000       0.000000       0.000000       0.000000       0.000000       0.000000       0.000000       0.000000
        1.877023       0.931213       0.068770       0.050765       0.017998       0.000000       0.000000       0.000000       0.000000       0.000000       0.000000       0.000000       0.000000       0.000000       0.000000       0.000000
        1.941748       0.930603       0.069380       0.050757       0.018596       0.000000       0.000000       0.000000       0.000000       0.000000       0.000000       0.000000       0.000000       0.000000       0.000000       0.000000
        2.006473       0.930054       0.069959       0.050777       0.019189       0.000000       0.000000       0.000000       0.000000       0.000000       0.000000       0.000000       0.000000       0.000000       0.000000       0.000000
        2.071197       0.929443       0.070539       0.050801       0.019760       0.000000       0.000000       0.000000       0.000000       0.000000       0.000000       0.000000       0.000000       0.000000       0.000000       0.000000
        2.135922       0.928833       0.071150       0.050825       0.020307       0.000000       0.000000       0.000000       0.000000       0.000000       0.000000       0.000000       0.000000       0.000000       0.000000       0.000000
        2.200647       0.928284       0.071729       0.050873       0.020851       0.000000       0.000000       0.000000       0.000000       0.000000       0.000000       0.000000       0.000000       0.000000       0.000000       0.000000
        2.265372       0.923309       0.071692       0.050577       0.021118       0.005008       0.000000       0.000000       0.000000       0.000000       0.000000       0.000000       0.000000       0.000000       0.000000       0.000000
        2.330097       0.914490       0.071132       0.049981       0.021137       0.014353       0.000000       0.000000       0.000000       0.000000       0.000000       0.000000       0.000000       0.000000       0.000000       0.000000
        2.394822       0.904968       0.070444       0.049342       0.021101       0.024597       0.000000       0.000000       0.000000       0.000000       0.000000       0.000000       0.000000       0.000000       0.000000       0.000000
        2.459547       0.895203       0.069714       0.048692       0.021035       0.035061       0.000000       0.000000       0.000000       0.000000       0.000000       0.000000       0.000000       0.000000       0.000000       0.000000
        2.524272       0.883209       0.071205       0.047270       0.020365       0.041995       0.000000       0.000000       0.000000       0.000000       0.003581       0.000000       0.000000       0.000000       0.000000       0.000000
        2.588997       0.870743       0.073545       0.045614       0.019498       0.047272       0.000000       0.000000       0.000000       0.000000       0.008442       0.000000       0.000000       0.000000       0.000000       0.000000
        2.653722       0.858643       0.075961       0.044001       0.018646       0.052096       0.000000       0.000000       0.000000       0.000000       0.013315       0.000000       0.000000       0.000000       0.000000       0.000000
        2.718447       0.846985       0.078352       0.042463       0.017835       0.056607       0.000000       0.000000       0.000000       0.000000       0.018074       0.000000       0.000000       0.000000       0.000000       0.000000
        2.783172       0.835770       0.080709       0.040999       0.017063       0.060872       0.000000       0.000000       0.000000       0.000000       0.022665       0.000000       0.000000       0.000000       0.000000       0.000000
        2.847897       0.825027       0.083008       0.039612       0.016336       0.064914       0.000000       0.000000       0.000000       0.000000       0.027059       0.000000       0.000000       0.000000       0.000000       0.000000
        2.912621       0.814713       0.085239       0.038303       0.015654       0.068769       0.000000       0.000000       0.000000       0.000000       0.031287       0.000000       0.000000       0.000000       0.000000       0.000000
        2.977346       0.804810       0.087397       0.037065       0.015014       0.072445       0.000000       0.000000       0.000000       0.000000       0.035334       0.000000       0.000000       0.000000       0.000000       0.000000
        3.042071       0.795319       0.089504       0.035890       0.014409       0.075967       0.000000       0.000000       0.000000       0.000000       0.039189       0.000000       0.000000       0.000000       0.000000       0.000000
        3.106796       0.786224       0.091529       0.034786       0.013846       0.079338       0.000000       0.000000       0.000000       0.000000       0.042902       0.000000       0.000000       0.000000       0.000000       0.000000
        3.171521       0.777481       0.093502       0.033736       0.013314       0.082572       0.000000       0.000000       0.000000       0.000000       0.046435       0.000000       0.000000       0.000000       0.000000       0.000000
        3.236246       0.769104       0.095394       0.032747       0.012818       0.085674       0.000000       0.000000       0.000000       0.000000       0.049838       0.000000       0.000000       0.000000       0.000000       0.000000
        3.300971       0.761047       0.097229       0.031809       0.012350       0.088650       0.000000       0.000000       0.000000       0.000000       0.053081       0.000000       0.000000       0.000000       0.000000       0.000000
        3.365696       0.753296       0.099013       0.030917       0.011908       0.091515       0.000000       0.000000       0.000000       0.000000       0.056183       0.000000       0.000000       0.000000       0.000000       0.000000
        3.430421       0.745850       0.100726       0.030075       0.011495       0.094261       0.000000       0.000000       0.000000       0.000000       0.059155       0.000000       0.000000       0.000000       0.000000       0.000000
        3.495146       0.738693       0.102390       0.029274       0.011106       0.096912       0.000000       0.000000       0.000000       0.000000       0.062010       0.000000       0.000000       0.000000       0.000000       0.000000
        3.559871       0.731812       0.103998       0.028517       0.010741       0.099462       0.000000       0.000000       0.000000       0.000000       0.064745       0.000000       0.000000       0.000000       0.000000       0.000000
        3.624596       0.725174       0.105552       0.027792       0.010394       0.101917       0.000000       0.000000       0.000000       0.000000       0.067368       0.000000       0.000000       0.000000       0.000000       0.000000
        3.689321       0.718781       0.107054       0.027107       0.010069       0.104277       0.000000       0.000000       0.000000       0.000000       0.069877       0.000000       0.000000       0.000000       0.000000       0.000000
        3.754045       0.712639       0.108509       0.026455       0.009763       0.106558       0.000000       0.000000       0.000000       0.000000       0.072294       0.000000       0.000000       0.000000       0.000000       0.000000
        3.818770       0.706711       0.109925       0.025833       0.009473       0.108763       0.000000       0.000000       0.000000       0.000000       0.074617       0.000000       0.000000       0.000000       0.000000       0.000000
        3.883495       0.700989       0.111287       0.025240       0.009200       0.110883       0.000000       0.000000       0.000000       0.000000       0.076845       0.000000       0.000000       0.000000       0.000000       0.000000
        3.948220       0.695473       0.112609       0.024677       0.008942       0.112931       0.000000       0.000000       0.000000       0.000000       0.078988       0.000000       0.000000       0.000000       0.000000       0.000000
        4.012945       0.690155       0.113888       0.024139       0.008698       0.114907       0.000000       0.000000       0.000000       0.000000       0.081044       0.000000       0.000000       0.000000       0.000000       0.000000
        4.077670       0.685020       0.115128       0.023625       0.008467       0.116817       0.000000       0.000000       0.000000       0.000000       0.083025       0.000000       0.000000       0.000000       0.000000       0.000000
        4.142395       0.680069       0.116331       0.023137       0.008250       0.118666       0.000000       0.000000       0.000000       0.000000       0.084939       0.000000       0.000000       0.000000       0.000000       0.000000
        4.207120       0.675278       0.117492       0.022670       0.008044       0.120450       0.000000       0.000000       0.000000       0.000000       0.086782       0.000000       0.000000       0.000000       0.000000       0.000000
        4.271845       0.670654       0.118620       0.022224       0.007850       0.122173       0.000000       0.000000       0.000000       0.000000       0.088549       0.000000       0.000000       0.000000       0.000000       0.000000
        4.336570       0.666183       0.119713       0.021796       0.007665       0.123845       0.000000       0.000000       0.000000       0.000000       0.090265       0.000000       0.000000       0.000000       0.000000       0.000000
        4.401295       0.661865       0.120783       0.021387       0.007490       0.125463       0.000000       0.000000       0.000000       0.000000       0.091902       0.000000       0.000000       0.000000       0.000000       0.000000
        4.466020       0.657677       0.121804       0.020996       0.007325       0.127021       0.000000       0.000000       0.000000       0.000000       0.093494       0.000000       0.000000       0.000000       0.000000       0.000000
        4.530744       0.653633       0.122808       0.020622       0.007168       0.128538       0.000000       0.000000       0.000000       0.000000       0.095025       0.000000       0.000000       0.000000       0.000000       0.000000
        4.595469       0.649719       0.123775       0.020264       0.007019       0.130002       0.000000       0.000000       0.000000       0.000000       0.096505       0.000000       0.000000       0.000000       0.000000       0.000000
        4.660194       0.645935       0.124715       0.019920       0.006878       0.131417       0.000000       0.000000       0.000000       0.000000       0.097923       0.000000       0.000000       0.000000       0.000000       0.000000
        4.724919       0.642273       0.125632       0.019590       0.006744       0.132798       0.000000       0.000000       0.000000       0.000000       0.099309       0.000000       0.000000       0.000000       0.000000       0.000000
        4.789644       0.638718       0.126524       0.019274       0.006616       0.134130       0.000000       0.000000       0.000000       0.000000       0.100630       0.000000       0.000000       0.000000       0.000000       0.000000
        4.854369       0.635277       0.127388       0.018970       0.006495       0.135422       0.000000       0.000000       0.000000       0.000000       0.101911       0.000000       0.000000       0.000000       0.000000       0.000000
        4.919094       0.631943       0.128219       0.018680       0.006382       0.136671       0.000000       0.000000       0.000000       0.000000       0.103158       0.000000       0.000000       0.000000       0.000000       0.000000
        4.983819       0.628716       0.129035       0.018400       0.006273       0.137888       0.000000       0.000000       0.000000       0.000000       0.104359       0.000000       0.000000       0.000000       0.000000       0.000000
        5.048544       0.625587       0.129823       0.018133       0.006170       0.139067       0.000000       0.000000       0.000000       0.000000       0.105528       0.000000       0.000000       0.000000       0.000000       0.000000
        5.113269       0.622551       0.130593       0.017875       0.006072       0.140209       0.000000       0.000000       0.000000       0.000000       0.106644       0.000000       0.000000       0.000000       0.000000       0.000000
        5.177993       0.619606       0.131338       0.017627       0.005980       0.141316       0.000000       0.000000       0.000000       0.000000       0.107732       0.000000       0.000000       0.000000       0.000000       0.000000
        5.242719       0.616753       0.132067       0.017389       0.005891       0.142397       0.000000       0.000000       0.000000       0.000000       0.108788       0.000000       0.000000       0.000000       0.000000       0.000000
        5.307444       0.613983       0.132774       0.017160       0.005808       0.143444       0.000000       0.000000       0.000000       0.000000       0.109808       0.000000       0.000000       0.000000       0.000000       0.000000
        5.372168       0.611290       0.133462       0.016939       0.005728       0.144457       0.000000       0.000000       0.000000       0.000000       0.110789       0.000000       0.000000       0.000000       0.000000       0.000000
        5.436893       0.608681       0.134128       0.016727       0.005652       0.145446       0.000000       0.000000       0.000000       0.000000       0.111755       0.000000       0.000000       0.000000       0.000000       0.000000
        5.501618       0.606148       0.134775       0.016523       0.005581       0.146399       0.000000       0.000000       0.000000       0.000000       0.112678       0.000000       0.000000       0.000000       0.000000       0.000000
        5.566343       0.603683       0.135407       0.016326       0.005513       0.147327       0.000000       0.000000       0.000000       0.000000       0.113571       0.000000       0.000000       0.000000       0.000000       0.000000
        5.631068       0.601295       0.136026       0.016137       0.005448       0.148233       0.000000       0.000000       0.000000       0.000000       0.114437       0.000000       0.000000       0.000000       0.000000       0.000000
        5.695793       0.598969       0.136622       0.015954       0.005387       0.149113       0.000000       0.000000       0.000000       0.000000       0.115291       0.000000       0.000000       0.000000       0.000000       0.000000
        5.760518       0.596725       0.137213       0.015778       0.005329       0.149971       0.000000       0.000000       0.000000       0.000000       0.116099       0.000000       0.000000       0.000000       0.000000       0.000000
        5.825243       0.594536       0.137774       0.015610       0.005274       0.150796       0.000000       0.000000       0.000000       0.000000       0.116894       0.000000       0.000000       0.000000       0.000000       0.000000
        5.889968       0.592415       0.138332       0.015447       0.005222       0.151604       0.000000       0.000000       0.000000       0.000000       0.117654       0.000000       0.000000       0.000000       0.000000       0.000000
        5.954693       0.590340       0.138872       0.015289       0.005173       0.152391       0.000000       0.000000       0.000000       0.000000       0.118403       0.000000       0.000000       0.000000       0.000000       0.000000
        6.019418       0.588326       0.139390       0.015138       0.005126       0.153150       0.000000       0.000000       0.000000       0.000000       0.119126       0.000000       0.000000       0.000000       0.000000       0.000000
        6.084143       0.586372       0.139902       0.014991       0.005082       0.153892       0.000000       0.000000       0.000000       0.000000       0.119824       0.000000       0.000000       0.000000       0.000000       0.000000
        6.148868       0.584412       0.140427       0.014847       0.005037       0.154613       0.000000       0.000000       0.000093       0.000000       0.120450       0.000000       0.000000       0.000000       0.000000       0.000000
        6.213592       0.582359       0.141009       0.014698       0.004989       0.155316       0.000000       0.000000       0.000396       0.000000       0.120922       0.000000       0.000000       0.000000       0.000000       0.000000
        6.278317       0.580299       0.141598       0.014551       0.004941       0.155993       0.000000       0.000000       0.000784       0.000000       0.121318       0.000000       0.000000       0.000000       0.000000       0.000000
        6.343042       0.578262       0.142195       0.014407       0.004894       0.156654       0.000000       0.000000       0.001226       0.000000       0.121664       0.000000       0.000000       0.000000       0.000000       0.000000
        6.407767       0.576241       0.142786       0.014266       0.004847       0.157295       0.000000       0.000000       0.001706       0.000000       0.121975       0.000000       0.000000       0.000000       0.000000       0.000000
        6.472492       0.574242       0.143386       0.014126       0.004801       0.157923       0.000000       0.000000       0.002209       0.000000       0.122240       0.000000       0.000000       0.000000       0.000000       0.000000
        6.537217       0.572289       0.143969       0.013993       0.004758       0.158527       0.000000       0.000000       0.002741       0.000000       0.122483       0.000000       0.000000       0.000000       0.000000       0.000000
        6.601942       0.570358       0.144556       0.013860       0.004714       0.159117       0.000000       0.000000       0.003287       0.000000       0.122688       0.000000       0.000000       0.000000       0.000000       0.000000
        6.666667       0.568459       0.145131       0.013732       0.004673       0.159691       0.000000       0.000000       0.003848       0.000000       0.122876       0.000000       0.000000       0.000000       0.000000       0.000000
        6.731392       0.566589       0.145702       0.013606       0.004632       0.160250       0.000000       0.000000       0.004421       0.000000       0.123043       0.000000       0.000000       0.000000       0.000000       0.000000
        6.796117       0.564751       0.146262       0.013484       0.004593       0.160788       0.000000       0.000000       0.005002       0.000000       0.123182       0.000000       0.000000       0.000000       0.000000       0.000000
        6.860841       0.562950       0.146821       0.013364       0.004555       0.161319       0.000000       0.000000       0.005592       0.000000       0.123312       0.000000       0.000000       0.000000       0.000000       0.000000
        6.925566       0.561195       0.147375       0.013248       0.004519       0.161837       0.000000       0.000000       0.006190       0.000000       0.123419       0.000000       0.000000       0.000000       0.000000       0.000000
        6.990291       0.559456       0.147915       0.013135       0.004483       0.162335       0.000000       0.000000       0.006790       0.000000       0.123506       0.000000       0.000000       0.000000       0.000000       0.000000
        7.055017       0.557755       0.148448       0.013025       0.004450       0.162821       0.000000       0.000000       0.007398       0.000000       0.123584       0.000000       0.000000       0.000000       0.000000       0.000000
        7.119742       0.556084       0.148976       0.012916       0.004416       0.163293       0.000000       0.000000       0.008005       0.000000       0.123640       0.000000       0.000000       0.000000       0.000000       0.000000
        7.184466       0.554451       0.149497       0.012812       0.004385       0.163754       0.000000       0.000000       0.008618       0.000000       0.123682       0.000000       0.000000       0.000000       0.000000       0.000000
        7.249191       0.552834       0.150010       0.012708       0.004353       0.164206       0.000000       0.000000       0.009230       0.000000       0.123725       0.000000       0.000000       0.000000       0.000000       0.000000
        7.313916       0.551262       0.150519       0.012609       0.004324       0.164642       0.000000       0.000000       0.009845       0.000000       0.123736       0.000000       0.000000       0.000000       0.000000       0.000000
        7.378641       0.549713       0.151015       0.012512       0.004295       0.165064       0.000000       0.000000       0.010461       0.000000       0.123743       0.000000       0.000000       0.000000       0.000000       0.000000
        7.443366       0.548195       0.151506       0.012417       0.004268       0.165480       0.000000       0.000000       0.011079       0.000000       0.123750       0.000000       0.000000       0.000000       0.000000       0.000000
        7.508091       0.546700       0.151989       0.012324       0.004241       0.165879       0.000000       0.000000       0.011694       0.000000       0.123732       0.000000       0.000000       0.000000       0.000000       0.000000
        7.572816       0.545242       0.152466       0.012234       0.004215       0.166269       0.000000       0.000000       0.012311       0.000000       0.123704       0.000000       0.000000       0.000000       0.000000       0.000000
        7.637540       0.543800       0.152937       0.012145       0.004190       0.166653       0.000000       0.000000       0.012926       0.000000       0.123678       0.000000       0.000000       0.000000       0.000000       0.000000
        7.702265       0.542404       0.153405       0.012060       0.004167       0.167025       0.000000       0.000000       0.013543       0.000000       0.123630       0.000000       0.000000       0.000000       0.000000       0.000000
        7.766990       0.541023       0.153862       0.011976       0.004143       0.167387       0.000000       0.000000       0.014158       0.000000       0.123584       0.000000       0.000000       0.000000       0.000000       0.000000
