   9.9999997764825821E-003   16797534613677.498       0.24816392247746930        73.337840000000000     
   1.9999999552965164E-002   33667729744270.953       0.19382926563072689        64.503119999999996     
   2.9999999329447746E-002   50566144209164.758       0.16793507759885878        57.989600000000003     
   3.9999999105930328E-002   67510484694048.555       0.15764030447825272        54.967810000000000     
   4.9999997019767761E-002   84452605347057.641       0.15397549767726657        53.993479999999998     
   5.9999998658895493E-002   101400219898352.00       0.15250626087638738        53.724240000000002     
   7.0000000298023224E-002   118353848041012.61       0.15133724699655046        53.676859999999998     
   7.9999998211860657E-002   135316555964217.69       0.14953502910186892        53.835580000000000     
   8.9999996125698090E-002   152288722301497.62       0.14545543846613496        53.937100000000001     
   9.9999994039535522E-002   169280102434402.22       0.13543875663011221        52.607080000000003     
  0.10999999940395355        186325545496108.50       0.11683262065481000        46.771329999999999     
  0.11999999731779099        203379823340192.41       0.10062790229197817        35.415999999999997     
  0.12999999523162842        220470212429221.56       0.10159800733365573        24.944880000000001     
  0.14000000059604645        237585294363786.91       0.11654058038225039        18.918759999999999     
  0.14999999105930328        254772583939869.00       0.14005890560560119        15.775210000000000     
  0.15999999642372131        272020722151553.78       0.17107100532426617        14.034810000000000     
  0.17000000178813934        289347764621313.81       0.21738560068792140        12.919560000000001     
  0.17999999225139618        306788812904679.81       0.30181658206378820        12.246840000000001     
  0.18999999761581421        324409526510347.44       0.42964309904526549        12.128550000000001     
  0.19999998807907104        342255460248963.06       0.58003262520596011        12.329840000000001     
  0.20999999344348907        360349153951870.06       0.73525292170862833        12.624800000000000     
  0.21999999880790710        378694171228767.00       0.88562709203352941        12.918650000000000     
  0.22999998927116394        397303251984326.06        1.0268031416380912        13.180840000000000     
  0.23999999463558197        416186285235460.75        1.1570485163512834        13.404500000000001     
  0.25000000000000000        435274344831251.75        1.2756184943551054        13.590450000000001     
  0.25999999046325684        454638079333972.62        1.3833462975390565        13.743570000000000     
  0.26999998092651367        474247673209145.69        1.4807535673836103        13.868119999999999     
  0.28000000119209290        494099206486102.44        1.5686783995682649        13.968410000000000     
  0.28999999165534973        514188610710437.00        1.6479756328487605        14.048170000000001     
  0.29999998211860657        534511758034248.69        1.7194870617196119        14.110640000000000     
  0.31000000238418579        555088871942576.62        1.7840578515333008        14.158560000000000     
  0.31999999284744263        575852600212118.38        1.8422144532734992        14.194080000000000     
  0.32999998331069946        596852952165643.62        1.8947656766372378        14.219189999999999     
  0.34000000357627869        618098718040408.50        1.9422975502058677        14.235490000000000     
  0.34999999403953552        639529257078043.00        1.9817105159574182        14.243650000000001     
  0.35999998450279236        661116594942413.62        2.0143364740550038        14.245910000000000     
  0.37000000476837158        682933310484380.38        2.0431471530889347        14.243670000000000     
  0.37999999523162842        704861982764376.50        2.0687430974481975        14.237640000000001     
  0.38999998569488525        726982971181104.00        2.0900333830210163        14.229070000000000     
  0.39999997615814209        749247097920723.12        2.1086373116315400        14.218260000000001     
  0.40999999642372131        771650621193050.50        2.1253721195206379        14.205240000000000     
  0.41999998688697815        794183384710444.88        2.1404663658355436        14.190220000000000     
  0.42999997735023499        816852278118323.75        2.1540917973042841        14.173410000000001     
  0.43999999761581421        839623684698530.75        2.1663951317289607        14.154990000000000     
  0.44999998807907104        862558839144385.88        2.1775102186001734        14.135120000000001     
  0.45999997854232788        885607256985159.75        2.1875180780723897        14.114020000000000     
  0.46999999880790710        908780579345867.62        2.1965479892620952        14.091760000000001     
  0.47999998927116394        932092229156374.00        2.2046441310333065        14.068560000000000     
  0.48999997973442078        955522309595862.12        2.2119115359380221        14.044480000000000     
  0.50000000000000000        979107347663742.00        2.2184166742909506        14.019629999999999     
  0.50999999046325684        1002787652897562.9        2.2242066063533290        13.994140000000000     
  0.51999998092651367        1026586507547355.4        2.2293467661880082        13.968090000000000     
  0.52999997138977051        1050492270488104.0        2.2338825629884389        13.941580000000000     
  0.53999996185302734        1074549724415020.9        2.2378704491409067        13.914610000000000     
  0.55000001192092896        1098722282935200.9        2.2413402785996657        13.887350000000000     
  0.56000000238418579        1122985475928713.8        2.2443462474811793        13.859710000000000     
  0.56999999284744263        1147352369964454.2        2.2469038255791243        13.831950000000001     
  0.57999998331069946        1171867272589674.2        2.2490607236326263        13.803940000000001     
  0.58999997377395630        1196516523300529.8        2.2508428283946316        13.775770000000000     
  0.59999996423721313        1221232888660707.5        2.2522751475471412        13.747500000000000     
  0.61000001430511475        1246082295449630.8        2.2533828172514898        13.719189999999999     
  0.62000000476837158        1271019010676168.8        2.2541905313541255        13.690820000000000     
  0.62999999523162842        1296067029312291.2        2.2547194407300371        13.662419999999999     
  0.63999998569488525        1321274935236888.5        2.2549884053499483        13.634060000000000     
  0.64999997615814209        1346548886727898.5        2.2550158997850622        13.605729999999999     
  0.65999996662139893        1371932597397623.8        2.2548188715924629        13.577470000000000     
  0.66999995708465576        1397439846536898.8        2.2544126927418500        13.549270000000000     
  0.68000000715255737        1423042362842115.0        2.2538113757981222        13.521150000000000     
  0.68999999761581421        1448749768059458.0        2.2530288202918434        13.493130000000001     
  0.69999998807907104        1474568357899395.8        2.2520793007633992        13.465299999999999     
  0.70999997854232788        1500477938573636.2        2.2509711307344622        13.437550000000000     
  0.71999996900558472        1526467344105124.2        2.2497164716662787        13.409950000000000     
  0.72999995946884155        1552623170209534.5        2.2483232879123300        13.382460000000000     
  0.74000000953674316        1578823541435176.2        2.2468061094801897        13.355190000000000     
  0.75000000000000000        1605134146987493.2        2.2451683867195964        13.328049999999999     
  0.75999999046325684        1631544414824379.5        2.2434235636076503        13.301140000000000     
  0.76999998092651367        1658079765361684.5        2.2415724016383995        13.274350000000000     
  0.77999997138977051        1684709432769011.2        2.2396265754616862        13.247769999999999     
  0.78999996185302734        1711413104471077.5        2.2375926485714421        13.221390000000000     
  0.79999995231628418        1738217507540622.8        2.2354757609036549        13.195200000000000     
  0.81000000238418579        1765151507216205.0        2.2332792264890560        13.169190000000000     
  0.81999999284744263        1792150127014321.0        2.2310150513397589        13.143420000000001     
  0.82999998331069946        1819245320635267.5        2.2286802965831995        13.117800000000001     
  0.83999997377395630        1846460013968105.2        2.2262836978073341        13.092400000000000     
  0.84999996423721313        1873736714109697.8        2.2238313928126354        13.067220000000001     
  0.85999995470046997        1901094783339406.8        2.2213250007179970        13.042230000000000     
  0.87000000476837158        1928575797103715.8        2.2187730880171390        13.017500000000000     
  0.87999999523162842        1956178092384765.2        2.2161673237078547        12.992889999999999     
  0.88999998569488525        1983848927759016.8        2.2135245996764672        12.968540000000001     
  0.89999997615814209        2011583076598912.5        2.2108447266252016        12.944419999999999     
  0.90999996662139893        2039430548227222.0        2.2081274608936741        12.920489999999999     
  0.91999995708465576        2067372099151572.8        2.2053777951051408        12.896780000000000     
  0.93000000715255737        2095360689723944.2        2.2025978804096327        12.873279999999999     
  0.93999999761581421        2123478758115363.2        2.1997874298230342        12.849959999999999     
  0.94999998807907104        2151692331246703.2        2.1969548355614967        12.826879999999999     
  0.95999997854232788        2179996657638366.0        2.1941086747734122        12.804080000000001     
  0.96999996900558472        2208348261252029.5        2.1912502208164781        12.781549999999999     
  0.97999995946884155        2236844072271494.0        2.1883721828415039        12.759219999999999     
  0.98999994993209839        2265403315543592.5        2.1854759822003076        12.737080000000001     
   1.0000000000000000        2294022665032607.0        2.1825693295462880        12.715180000000000     
   1.0099999904632568        2322780282577925.0        2.1796464497874650        12.693470000000000     
   1.0199999809265137        2351566646574810.5        2.1767187003730895        12.672000000000001     
   1.0299999713897705        2380476073893286.5        2.1737775022747932        12.650720000000000     
   1.0399999618530273        2409416860977109.5        2.1708383579238730        12.629700000000000     
   1.0499999523162842        2438446738303395.5        2.1678824477955607        12.608829999999999     
   1.0599999427795410        2467608231614549.0        2.1649168476815666        12.588120000000000     
   1.0699999332427979        2496886136175854.0        2.1619533651903069        12.567660000000000     
   1.0799999237060547        2526187085413210.0        2.1589809925741221        12.547350000000000     
   1.0900000333786011        2555583539390487.0        2.1560161942087714        12.527310000000000     
   1.1000000238418579        2585013016150970.0        2.1530346900143060        12.507360000000000     
   1.1100000143051147        2614607844401466.0        2.1500652017462492        12.487690000000001     
   1.1200000047683716        2644215739220856.5        2.1470888203174274        12.468150000000000     
   1.1299999952316284        2673946459787857.0        2.1441126863597839        12.448800000000000     
   1.1399999856948853        2703726833316657.0        2.1411422320301692        12.429660000000000     
   1.1499999761581421        2733615065432333.0        2.1381714317854872        12.410679999999999     
   1.1599999666213989        2763520402874562.5        2.1352055693485243        12.391890000000000     
   1.1699999570846558        2793551416952160.0        2.1322399569726214        12.373260000000000     
   1.1799999475479126        2823681499379377.0        2.1292746806755778        12.354780000000000     
   1.1899999380111694        2853868599561771.5        2.1263267926546843        12.336550000000001     
   1.1999999284744263        2884179475787694.5        2.1233671883337806        12.318390000000001     
