        0.064725       4.344033       1.687990       0.000000      21.175171     486.689037       0.989439       3.084507       0.967245
        0.129450       4.344033       1.687990       0.000000      37.215149     480.188152       0.979371       6.025039       0.936020
        0.194175       4.344033       1.687990       0.000000      50.709961     473.251357       0.969747       8.835809       0.906172
        0.258900       4.344033       1.687990       0.000000      62.004822     465.797775       0.960507      11.534448       0.877515
        0.323625       4.344033       1.687990       0.000000      71.389709     457.867461       0.951638      14.124770       0.850008
        0.388350       4.344033       1.687990       0.000000      79.257080     449.529140       0.943107      16.616421       0.823549
        0.453074       4.344033       1.687990       0.000000      85.959045     440.841524       0.934893      19.015364       0.798075
        0.517799       4.344033       1.687990       0.000000      91.767273     431.882655       0.926980      21.326542       0.773532
        0.582524       4.344033       1.687990       0.000000      96.840820     422.780202       0.919352      23.554392       0.749874
        0.647249       4.344033       1.687990       0.000000     101.410217     413.568417       0.911997      25.702311       0.727066
        0.711974       4.344033       1.687990       0.000000     105.598633     404.317738       0.904893      27.777143       0.705033
        0.776699       4.344033       1.687990       0.000000     109.371765     395.072405       0.898051      29.775574       0.683811
        0.841424       4.344033       1.687990       0.000000     112.827942     385.914105       0.891450      31.703581       0.663338
        0.906149       4.344033       1.687990       0.000000     116.122070     376.890500       0.885092      33.560356       0.643620
        0.970874       4.344033       1.687990       0.000000     119.323975     368.039947       0.878964      35.350179       0.624614
        1.035599       4.344033       1.687990       0.000000     122.456360     359.426669       0.873123      37.056235       0.606498
        1.100324       4.344033       1.687990       0.000000     125.490479     351.240868       0.867904      38.580463       0.590312
        1.165049       4.344033       1.687990       0.000000     128.224243     343.930514       0.864106      39.689622       0.578533
        1.229774       4.344033       1.687990       0.000000     130.630066     337.528315       0.861789      40.366350       0.571347
        1.294498       4.344033       1.687990       0.000000     132.830872     331.712233       0.860319      40.795707       0.566788
        1.359223       4.344033       1.687990       0.000000     134.905212     326.260451       0.859292      41.095783       0.563601
        1.423948       4.344033       1.687990       0.000000     136.887939     321.066870       0.858515      41.322605       0.561193
        1.488673       4.344033       1.687990       0.000000     138.841797     316.081279       0.857897      41.503095       0.559276
        1.553398       4.344033       1.687990       0.000000     140.720276     311.285033       0.857384      41.652838       0.557686
        1.618123       4.344033       1.687990       0.000000     142.564270     306.653911       0.856950      41.779651       0.556339
        1.682848       4.344033       1.687990       0.000000     144.376160     302.161156       0.856573      41.889879       0.555169
        1.747573       4.344033       1.687990       0.000000     146.154053     297.800856       0.856239      41.987178       0.554136
        1.812298       4.344033       1.687990       0.000000     147.901184     293.571128       0.855942      42.074117       0.553212
        1.877023       4.344033       1.687990       0.000000     149.620117     289.454239       0.855673      42.152744       0.552377
        1.941748       4.344033       1.687990       0.000000     151.312134     285.446411       0.855427      42.224335       0.551617
        2.006473       4.344033       1.687990       0.000000     152.995361     281.542199       0.855202      42.290177       0.550918
        2.071197       4.344033       1.687990       0.000000     154.648071     277.733635       0.854994      42.350905       0.550273
        2.135922       4.344033       1.687990       0.000000     156.266357     274.024353       0.854801      42.407387       0.549673
        2.200647       4.344033       1.687990       0.000000     157.878540     270.395510       0.854619      42.460383       0.549111
        2.265372       4.344033       1.687990       0.000000     159.102661     267.313184       0.854457      42.507779       0.548607
        2.330097       4.344033       1.687990       0.000000     159.970093     264.742819       0.854309      42.551120       0.548147
        2.394822       4.344033       1.687990       0.000000     160.746094     262.379207       0.854171      42.591439       0.547719
        2.459547       4.344033       1.687990       0.000000     161.466431     260.155149       0.854039      42.629781       0.547312
        2.524272       4.344033       1.687990       0.000000     161.269531     258.471828       0.853920      42.664462       0.546943
        2.588997       4.344033       1.687990       0.000000     160.714111     257.035954       0.853807      42.697488       0.546593
        2.653722       4.344033       1.687990       0.000000     160.110107     255.683018       0.853699      42.729211       0.546256
        2.718447       4.344033       1.687990       0.000000     159.498535     254.392382       0.853596      42.759254       0.545937
        2.783172       4.344033       1.687990       0.000000     158.884888     253.149562       0.853494      42.789085       0.545620
        2.847897       4.344033       1.687990       0.000000     158.281494     251.954142       0.853400      42.816433       0.545330
        2.912621       4.344033       1.687990       0.000000     157.694336     250.805256       0.853306      42.843907       0.545038
        2.977346       4.344033       1.687990       0.000000     157.124634     249.692780       0.853212      42.871249       0.544748
        3.042071       4.344033       1.687990       0.000000     156.564941     248.611364       0.853128      42.895781       0.544487
        3.106796       4.344033       1.687990       0.000000     156.032959     247.566209       0.853043      42.920669       0.544223
        3.171521       4.344033       1.687990       0.000000     155.511963     246.552025       0.852960      42.944923       0.543965
        3.236246       4.344033       1.687990       0.000000     155.018799     245.573196       0.852881      42.968169       0.543718
        3.300971       4.344033       1.687990       0.000000     154.541016     244.617018       0.852802      42.991144       0.543474
        3.365696       4.344033       1.687990       0.000000     154.076050     243.692424       0.852727      43.013038       0.543242
        3.430421       4.344033       1.687990       0.000000     153.636841     242.794998       0.852652      43.034864       0.543010
        3.495146       4.344033       1.687990       0.000000     153.213013     241.919901       0.852580      43.055884       0.542787
        3.559871       4.344033       1.687990       0.000000     152.811401     241.070894       0.852505      43.077848       0.542554
        3.624596       4.344033       1.687990       0.000000     152.418457     240.242880       0.852445      43.095253       0.542369
        3.689321       4.344033       1.687990       0.000000     152.049683     239.441666       0.852374      43.116002       0.542148
        3.754045       4.344033       1.687990       0.000000     151.698975     238.657300       0.852308      43.135297       0.541944
        3.818770       4.344033       1.687990       0.000000     151.360107     237.896159       0.852242      43.154617       0.541738
        3.883495       4.344033       1.687990       0.000000     151.037720     237.156804       0.852183      43.172001       0.541554
        3.948220       4.344033       1.687990       0.000000     150.734131     236.437217       0.852118      43.190855       0.541354
        4.012945       4.344033       1.687990       0.000000     150.443970     235.734550       0.852061      43.207688       0.541175
        4.077670       4.344033       1.687990       0.000000     150.167480     235.049630       0.852006      43.223471       0.541007
        4.142395       4.344033       1.687990       0.000000     149.910522     234.384727       0.851944      43.241830       0.540812
        4.207120       4.344033       1.687990       0.000000     149.665527     233.736936       0.851888      43.257953       0.540641
        4.271845       4.344033       1.687990       0.000000     149.436035     233.102764       0.851832      43.274544       0.540465
        4.336570       4.344033       1.687990       0.000000     149.218384     232.487866       0.851778      43.290199       0.540299
        4.401295       4.344033       1.687990       0.000000     149.011230     231.887631       0.851726      43.305391       0.540137
        4.466020       4.344033       1.687990       0.000000     148.822021     231.303586       0.851673      43.320938       0.539972
        4.530744       4.344033       1.687990       0.000000     148.643311     230.732470       0.851617      43.337215       0.539799
        4.595469       4.344033       1.687990       0.000000     148.477783     230.176093       0.851567      43.351684       0.539646
        4.660194       4.344033       1.687990       0.000000     148.323975     229.635551       0.851520      43.365554       0.539498
        4.724919       4.344033       1.687990       0.000000     148.180298     229.108738       0.851472      43.379501       0.539350
        4.789644       4.344033       1.687990       0.000000     148.047241     228.593669       0.851423      43.393990       0.539196
        4.854369       4.344033       1.687990       0.000000     147.925415     228.090971       0.851378      43.407160       0.539057
        4.919094       4.344033       1.687990       0.000000     147.820190     227.600382       0.851329      43.421429       0.538905
        4.983819       4.344033       1.687990       0.000000     147.721069     227.124554       0.851282      43.434936       0.538762
        5.048544       4.344033       1.687990       0.000000     147.635254     226.655175       0.851237      43.448067       0.538622
        5.113269       4.344033       1.687990       0.000000     147.556885     226.206260       0.851192      43.461492       0.538480
        5.177993       4.344033       1.687990       0.000000     147.489990     225.764830       0.851148      43.474312       0.538344
        5.242719       4.344033       1.687990       0.000000     147.430664     225.331355       0.851105      43.486884       0.538210
        5.307444       4.344033       1.687990       0.000000     147.382080     224.909599       0.851061      43.499512       0.538076
        5.372168       4.344033       1.687990       0.000000     147.341064     224.499371       0.851019      43.511743       0.537946
        5.436893       4.344033       1.687990       0.000000     147.310669     224.101589       0.850980      43.523273       0.537824
        5.501618       4.344033       1.687990       0.000000     147.290405     223.707605       0.850939      43.535278       0.537696
        5.566343       4.344033       1.687990       0.000000     147.275146     223.329145       0.850901      43.546359       0.537578
        5.631068       4.344033       1.687990       0.000000     147.270752     222.955038       0.850857      43.559240       0.537442
        5.695793       4.344033       1.687990       0.000000     147.273315     222.594159       0.850820      43.570074       0.537327
        5.760518       4.344033       1.687990       0.000000     147.283081     222.243392       0.850780      43.581829       0.537202
        5.825243       4.344033       1.687990       0.000000     147.305298     221.897962       0.850741      43.593027       0.537083
        5.889968       4.344033       1.687990       0.000000     147.332031     221.560395       0.850701      43.604722       0.536959
        5.954693       4.344033       1.687990       0.000000     147.364136     221.234106       0.850663      43.615937       0.536840
        6.019418       4.344033       1.687990       0.000000     147.406372     220.915821       0.850628      43.626100       0.536732
        6.084143       4.344033       1.687990       0.000000     147.454346     220.605289       0.850591      43.636792       0.536618
        6.148868       4.344033       1.687990       0.000000     147.498047     220.302399       0.850556      43.647013       0.536510
        6.213592       4.344033       1.687990       0.000000     147.516968     220.011837       0.850521      43.657380       0.536400
        6.278317       4.344033       1.687990       0.000000     147.533325     219.727699       0.850485      43.667909       0.536288
        6.343042       4.344033       1.687990       0.000000     147.550171     219.451368       0.850446      43.679242       0.536167
        6.407767       4.344033       1.687990       0.000000     147.563843     219.180500       0.850414      43.688492       0.536069
        6.472492       4.344033       1.687990       0.000000     147.574829     218.916821       0.850382      43.698065       0.535967
        6.537217       4.344033       1.687990       0.000000     147.596191     218.664494       0.850348      43.707835       0.535864
        6.601942       4.344033       1.687990       0.000000     147.613770     218.415425       0.850314      43.717714       0.535759
        6.666667       4.344033       1.687990       0.000000     147.635742     218.172294       0.850281      43.727555       0.535654
        6.731392       4.344033       1.687990       0.000000     147.658691     217.936785       0.850247      43.737395       0.535550
        6.796117       4.344033       1.687990       0.000000     147.685303     217.697826       0.850216      43.746529       0.535453
        6.860841       4.344033       1.687990       0.000000     147.711426     217.474387       0.850188      43.754653       0.535367
        6.925566       4.344033       1.687990       0.000000     147.746582     217.252508       0.850151      43.765407       0.535252
        6.990291       4.344033       1.687990       0.000000     147.780396     217.036581       0.850121      43.774217       0.535159
        7.055017       4.344033       1.687990       0.000000     147.821045     216.827086       0.850085      43.784729       0.535047
        7.119742       4.344033       1.687990       0.000000     147.857300     216.623042       0.850064      43.790826       0.534982
        7.184466       4.344033       1.687990       0.000000     147.906372     216.420635       0.850023      43.802688       0.534856
        7.249191       4.344033       1.687990       0.000000     147.947021     216.228964       0.850000      43.809363       0.534786
        7.313916       4.344033       1.687990       0.000000     147.997314     216.038622       0.849968      43.818875       0.534685
        7.378641       4.344033       1.687990       0.000000     148.051392     215.856899       0.849937      43.828035       0.534587
        7.443366       4.344033       1.687990       0.000000     148.105957     215.672750       0.849909      43.836011       0.534503
        7.508091       4.344033       1.687990       0.000000     148.162354     215.497442       0.849881      43.844235       0.534415
        7.572816       4.344033       1.687990       0.000000     148.224976     215.328258       0.849851      43.852886       0.534323
        7.637540       4.344033       1.687990       0.000000     148.284790     215.159614       0.849825      43.860474       0.534243
        7.702265       4.344033       1.687990       0.000000     148.354126     214.998695       0.849791      43.870421       0.534137
        7.766990       4.344033       1.687990       0.000000     148.422363     214.837118       0.849766      43.877955       0.534057
