        0.065789       0.996956       0.003037       0.003037       0.000000       0.000000       0.000000       0.000000       0.000000       0.000000       0.000000       0.000000       0.000000       0.000000       0.000000       0.000000
        0.131579       0.992058       0.007948       0.007948       0.000000       0.000000       0.000000       0.000000       0.000000       0.000000       0.000000       0.000000       0.000000       0.000000       0.000000       0.000000
        0.197368       0.986595       0.013401       0.013401       0.000000       0.000000       0.000000       0.000000       0.000000       0.000000       0.000000       0.000000       0.000000       0.000000       0.000000       0.000000
        0.263158       0.981178       0.018821       0.018821       0.000000       0.000000       0.000000       0.000000       0.000000       0.000000       0.000000       0.000000       0.000000       0.000000       0.000000       0.000000
        0.328947       0.976067       0.023935       0.023935       0.000000       0.000000       0.000000       0.000000       0.000000       0.000000       0.000000       0.000000       0.000000       0.000000       0.000000       0.000000
        0.394737       0.971367       0.028627       0.028627       0.000000       0.000000       0.000000       0.000000       0.000000       0.000000       0.000000       0.000000       0.000000       0.000000       0.000000       0.000000
        0.460526       0.967125       0.032869       0.032869       0.000000       0.000000       0.000000       0.000000       0.000000       0.000000       0.000000       0.000000       0.000000       0.000000       0.000000       0.000000
        0.526316       0.963326       0.036677       0.036677       0.000000       0.000000       0.000000       0.000000       0.000000       0.000000       0.000000       0.000000       0.000000       0.000000       0.000000       0.000000
        0.592105       0.959923       0.040085       0.040085       0.000000       0.000000       0.000000       0.000000       0.000000       0.000000       0.000000       0.000000       0.000000       0.000000       0.000000       0.000000
        0.657895       0.956856       0.043139       0.043139       0.000000       0.000000       0.000000       0.000000       0.000000       0.000000       0.000000       0.000000       0.000000       0.000000       0.000000       0.000000
        0.723684       0.954109       0.045887       0.045887       0.000000       0.000000       0.000000       0.000000       0.000000       0.000000       0.000000       0.000000       0.000000       0.000000       0.000000       0.000000
        0.789474       0.950996       0.049001       0.048133       0.000868       0.000000       0.000000       0.000000       0.000000       0.000000       0.000000       0.000000       0.000000       0.000000       0.000000       0.000000
        0.855263       0.947533       0.052469       0.049905       0.002564       0.000000       0.000000       0.000000       0.000000       0.000000       0.000000       0.000000       0.000000       0.000000       0.000000       0.000000
        0.921053       0.944130       0.055862       0.051409       0.004454       0.000000       0.000000       0.000000       0.000000       0.000000       0.000000       0.000000       0.000000       0.000000       0.000000       0.000000
        0.986842       0.940895       0.059107       0.052722       0.006384       0.000000       0.000000       0.000000       0.000000       0.000000       0.000000       0.000000       0.000000       0.000000       0.000000       0.000000
        1.052632       0.937813       0.062182       0.053893       0.008290       0.000000       0.000000       0.000000       0.000000       0.000000       0.000000       0.000000       0.000000       0.000000       0.000000       0.000000
        1.118421       0.934898       0.065099       0.054955       0.010143       0.000000       0.000000       0.000000       0.000000       0.000000       0.000000       0.000000       0.000000       0.000000       0.000000       0.000000
        1.184211       0.932137       0.067869       0.055934       0.011934       0.000000       0.000000       0.000000       0.000000       0.000000       0.000000       0.000000       0.000000       0.000000       0.000000       0.000000
        1.250000       0.929497       0.070503       0.056845       0.013657       0.000000       0.000000       0.000000       0.000000       0.000000       0.000000       0.000000       0.000000       0.000000       0.000000       0.000000
        1.315789       0.926979       0.073017       0.057703       0.015314       0.000000       0.000000       0.000000       0.000000       0.000000       0.000000       0.000000       0.000000       0.000000       0.000000       0.000000
        1.381579       0.924568       0.075424       0.058517       0.016907       0.000000       0.000000       0.000000       0.000000       0.000000       0.000000       0.000000       0.000000       0.000000       0.000000       0.000000
        1.447368       0.922264       0.077734       0.059294       0.018440       0.000000       0.000000       0.000000       0.000000       0.000000       0.000000       0.000000       0.000000       0.000000       0.000000       0.000000
        1.513158       0.920052       0.079954       0.060039       0.019915       0.000000       0.000000       0.000000       0.000000       0.000000       0.000000       0.000000       0.000000       0.000000       0.000000       0.000000
        1.578947       0.917915       0.082086       0.060754       0.021333       0.000000       0.000000       0.000000       0.000000       0.000000       0.000000       0.000000       0.000000       0.000000       0.000000       0.000000
        1.644737       0.915855       0.084136       0.061440       0.022697       0.000000       0.000000       0.000000       0.000000       0.000000       0.000000       0.000000       0.000000       0.000000       0.000000       0.000000
        1.710526       0.913887       0.086113       0.062102       0.024012       0.000000       0.000000       0.000000       0.000000       0.000000       0.000000       0.000000       0.000000       0.000000       0.000000       0.000000
        1.776316       0.911980       0.088013       0.062737       0.025276       0.000000       0.000000       0.000000       0.000000       0.000000       0.000000       0.000000       0.000000       0.000000       0.000000       0.000000
        1.842105       0.910164       0.089841       0.063349       0.026493       0.000000       0.000000       0.000000       0.000000       0.000000       0.000000       0.000000       0.000000       0.000000       0.000000       0.000000
        1.907895       0.908409       0.091597       0.063934       0.027662       0.000000       0.000000       0.000000       0.000000       0.000000       0.000000       0.000000       0.000000       0.000000       0.000000       0.000000
        1.973684       0.906715       0.093279       0.064493       0.028786       0.000000       0.000000       0.000000       0.000000       0.000000       0.000000       0.000000       0.000000       0.000000       0.000000       0.000000
        2.039474       0.905098       0.094895       0.065029       0.029866       0.000000       0.000000       0.000000       0.000000       0.000000       0.000000       0.000000       0.000000       0.000000       0.000000       0.000000
        2.105263       0.903252       0.096544       0.065485       0.030861       0.000000       0.000000       0.000000       0.000000       0.000000       0.000000       0.000000       0.000000       0.000000       0.000199       0.000000
        2.171053       0.884773       0.102963       0.062915       0.029471       0.001679       0.000000       0.000000       0.000000       0.000000       0.000000       0.000000       0.000000       0.000000       0.010580       0.000000
        2.236842       0.860909       0.108456       0.059676       0.027528       0.009375       0.000000       0.000000       0.000000       0.000000       0.000000       0.000000       0.000000       0.000000       0.021254       0.000000
        2.302632       0.836693       0.113342       0.056415       0.025543       0.018586       0.000000       0.000000       0.000000       0.000000       0.000000       0.000000       0.000000       0.000000       0.031386       0.000000
        2.368421       0.812950       0.117720       0.053248       0.023609       0.028475       0.000000       0.000000       0.000000       0.000000       0.000000       0.000000       0.000000       0.000000       0.040862       0.000000
        2.434211       0.790001       0.121627       0.050217       0.021762       0.038735       0.000000       0.000000       0.000000       0.000000       0.000000       0.000000       0.000000       0.000000       0.049652       0.000000
        2.500000       0.767937       0.125103       0.047340       0.020017       0.049217       0.000000       0.000000       0.000000       0.000000       0.000000       0.000000       0.000000       0.000000       0.057746       0.000000
        2.565789       0.746819       0.128183       0.044622       0.018380       0.059826       0.000000       0.000000       0.000000       0.000000       0.000000       0.000000       0.000000       0.000000       0.065186       0.000000
        2.631579       0.726616       0.130898       0.042064       0.016852       0.070499       0.000000       0.000000       0.000000       0.000000       0.000000       0.000000       0.000000       0.000000       0.071988       0.000000
        2.697368       0.707359       0.133271       0.039664       0.015432       0.081177       0.000000       0.000000       0.000000       0.000000       0.000000       0.000000       0.000000       0.000000       0.078182       0.000000
        2.763158       0.688972       0.135347       0.037412       0.014116       0.091857       0.000000       0.000000       0.000000       0.000000       0.000000       0.000000       0.000000       0.000000       0.083812       0.000000
        2.828947       0.671425       0.137136       0.035308       0.012900       0.102501       0.000000       0.000000       0.000000       0.000000       0.000000       0.000000       0.000000       0.000000       0.088929       0.000000
        2.894737       0.654686       0.138677       0.033340       0.011779       0.113099       0.000000       0.000000       0.000000       0.000000       0.000000       0.000000       0.000000       0.000000       0.093557       0.000000
        2.960526       0.638695       0.139977       0.031503       0.010746       0.123621       0.000000       0.000000       0.000000       0.000000       0.000000       0.000000       0.000000       0.000000       0.097728       0.000000
        3.026316       0.623405       0.141060       0.029789       0.009798       0.134055       0.000000       0.000000       0.000000       0.000000       0.000000       0.000000       0.000000       0.000000       0.101480       0.000000
        3.092105       0.608818       0.141957       0.028188       0.008926       0.144399       0.000000       0.000000       0.000000       0.000000       0.000000       0.000000       0.000000       0.000000       0.104836       0.000000
        3.157895       0.594994       0.142766       0.026673       0.008111       0.154244       0.000000       0.000000       0.000000       0.000000       0.000383       0.000000       0.000000       0.000000       0.107591       0.000000
        3.223684       0.582359       0.143943       0.025140       0.007286       0.162169       0.000000       0.000000       0.000000       0.000000       0.002656       0.000000       0.000000       0.000000       0.108857       0.000000
        3.289474       0.570488       0.145121       0.023684       0.006516       0.169454       0.000000       0.000000       0.000000       0.000000       0.005384       0.000000       0.000000       0.000000       0.109549       0.000000
        3.355263       0.559196       0.146266       0.022312       0.005803       0.176387       0.000000       0.000000       0.000000       0.000000       0.008304       0.000000       0.000000       0.000000       0.109852       0.000000
        3.421053       0.548424       0.147346       0.021024       0.005148       0.183030       0.000000       0.000000       0.000000       0.000000       0.011341       0.000000       0.000000       0.000000       0.109840       0.000000
        3.486842       0.538170       0.148385       0.019816       0.004549       0.189450       0.000000       0.000000       0.000000       0.000000       0.014446       0.000000       0.000000       0.000000       0.109573       0.000000
        3.552631       0.528358       0.149354       0.018686       0.004002       0.195621       0.000000       0.000000       0.000000       0.000000       0.017576       0.000000       0.000000       0.000000       0.109081       0.000000
        3.618421       0.518959       0.150278       0.017626       0.003504       0.201629       0.000000       0.000000       0.000000       0.000000       0.020738       0.000000       0.000000       0.000000       0.108426       0.000000
        3.684211       0.509956       0.151152       0.016633       0.003051       0.207434       0.000000       0.000000       0.000000       0.000000       0.023892       0.000000       0.000000       0.000000       0.107566       0.000000
        3.750000       0.501320       0.151972       0.015704       0.002640       0.213063       0.000000       0.000000       0.000000       0.000000       0.027056       0.000000       0.000000       0.000000       0.106570       0.000000
        3.815789       0.493050       0.152763       0.014832       0.002268       0.218539       0.000000       0.000000       0.000000       0.000000       0.030205       0.000000       0.000000       0.000000       0.105451       0.000000
        3.881579       0.485023       0.153505       0.014012       0.001931       0.223897       0.000000       0.000000       0.000000       0.000000       0.033365       0.000000       0.000000       0.000000       0.104186       0.000000
        3.947368       0.477394       0.154214       0.013246       0.001629       0.229038       0.000000       0.000000       0.000000       0.000000       0.036461       0.000000       0.000000       0.000000       0.102864       0.000000
        4.013158       0.470009       0.154888       0.012526       0.001357       0.234070       0.000000       0.000000       0.000000       0.000000       0.039554       0.000000       0.000000       0.000000       0.101448       0.000000
        4.078948       0.462898       0.155538       0.011849       0.001114       0.238972       0.000000       0.000000       0.000000       0.000000       0.042618       0.000000       0.000000       0.000000       0.099940       0.000000
        4.144737       0.456062       0.156163       0.011214       0.000898       0.243738       0.000000       0.000000       0.000000       0.000000       0.045643       0.000000       0.000000       0.000000       0.098413       0.000000
        4.210526       0.449425       0.156762       0.010614       0.000706       0.248403       0.000000       0.000000       0.000000       0.000000       0.048652       0.000000       0.000000       0.000000       0.096784       0.000000
        4.276316       0.443077       0.157327       0.010054       0.000540       0.252866       0.000000       0.000000       0.000000       0.000000       0.051586       0.000000       0.000000       0.000000       0.095139       0.000000
        4.342105       0.436882       0.157871       0.009524       0.000395       0.257275       0.000000       0.000000       0.000000       0.000000       0.054507       0.000000       0.000000       0.000000       0.093462       0.000000
        4.407895       0.430931       0.158411       0.009024       0.000271       0.261552       0.000000       0.000000       0.000000       0.000000       0.057396       0.000000       0.000000       0.000000       0.091702       0.000000
        4.473684       0.425133       0.158921       0.008552       0.000169       0.265747       0.000000       0.000000       0.000000       0.000000       0.060258       0.000000       0.000000       0.000000       0.089936       0.000000
        4.539474       0.419563       0.159422       0.008108       0.000087       0.269813       0.000000       0.000000       0.000000       0.000000       0.063083       0.000000       0.000000       0.000000       0.088155       0.000000
        4.605263       0.414131       0.159903       0.007688       0.000028       0.273769       0.000000       0.000000       0.000000       0.000000       0.065827       0.000000       0.000000       0.000000       0.086344       0.000000
        4.671053       0.408882       0.160378       0.007291       0.000000       0.277637       0.000000       0.000000       0.000000       0.000000       0.068546       0.000000       0.000000       0.000000       0.084531       0.000000
        4.736842       0.403801       0.160844       0.006915       0.000000       0.281409       0.000000       0.000000       0.000000       0.000000       0.071222       0.000000       0.000000       0.000000       0.082706       0.000000
        4.802631       0.398872       0.161308       0.006560       0.000000       0.285106       0.000000       0.000000       0.000000       0.000000       0.073883       0.000000       0.000000       0.000000       0.080855       0.000000
        4.868421       0.394051       0.161729       0.006225       0.000000       0.288681       0.000000       0.000000       0.000000       0.000000       0.076478       0.000000       0.000000       0.000000       0.079036       0.000000
        4.934211       0.389397       0.162164       0.005907       0.000000       0.292189       0.000000       0.000000       0.000000       0.000000       0.079057       0.000000       0.000000       0.000000       0.077192       0.000000
        5.000000       0.384880       0.162574       0.005607       0.000000       0.295577       0.000000       0.000000       0.000000       0.000000       0.081562       0.000000       0.000000       0.000000       0.075405       0.000000
        5.065790       0.380424       0.162980       0.005320       0.000000       0.298958       0.000000       0.000000       0.000000       0.000000       0.084089       0.000000       0.000000       0.000000       0.073562       0.000000
        5.131579       0.376122       0.163375       0.005050       0.000000       0.302226       0.000000       0.000000       0.000000       0.000000       0.086550       0.000000       0.000000       0.000000       0.071765       0.000000
        5.197368       0.371925       0.163733       0.004796       0.000000       0.305359       0.000000       0.000000       0.000000       0.000000       0.088974       0.000000       0.000000       0.000000       0.069977       0.000000
        5.263158       0.367867       0.164119       0.004553       0.000000       0.308443       0.000000       0.000000       0.000020       0.000000       0.091332       0.000000       0.000000       0.000000       0.068197       0.000000
        5.328948       0.363884       0.164501       0.004321       0.000000       0.311453       0.000000       0.000000       0.000174       0.000000       0.093591       0.000000       0.000000       0.000000       0.066420       0.000000
        5.394737       0.359962       0.164876       0.004099       0.000000       0.314395       0.000000       0.000000       0.000387       0.000000       0.095825       0.000000       0.000000       0.000000       0.064582       0.000000
        5.460526       0.356163       0.165262       0.003888       0.000000       0.317242       0.000000       0.000000       0.000634       0.000000       0.097975       0.000000       0.000000       0.000000       0.062750       0.000000
        5.526316       0.352425       0.165625       0.003688       0.000000       0.320034       0.000000       0.000000       0.000905       0.000000       0.100099       0.000000       0.000000       0.000000       0.060951       0.000000
        5.592105       0.348763       0.165979       0.003497       0.000000       0.322730       0.000000       0.000000       0.001185       0.000000       0.102152       0.000000       0.000000       0.000000       0.059151       0.000000
        5.657895       0.345222       0.166346       0.003316       0.000000       0.325377       0.000000       0.000000       0.001479       0.000000       0.104188       0.000000       0.000000       0.000000       0.057385       0.000000
        5.723684       0.341728       0.166713       0.003142       0.000000       0.328000       0.000000       0.000000       0.001773       0.000000       0.106170       0.000000       0.000000       0.000000       0.055632       0.000000
        5.789474       0.338310       0.167055       0.002978       0.000000       0.330516       0.000000       0.000000       0.002070       0.000000       0.108117       0.000000       0.000000       0.000000       0.053901       0.000000
        5.855263       0.335014       0.167430       0.002821       0.000000       0.333000       0.000000       0.000000       0.002368       0.000000       0.110044       0.000000       0.000000       0.000000       0.052184       0.000000
        5.921053       0.331734       0.167762       0.002672       0.000000       0.335416       0.000000       0.000000       0.002664       0.000000       0.111916       0.000000       0.000000       0.000000       0.050520       0.000000
        5.986842       0.328514       0.168100       0.002530       0.000000       0.337802       0.000000       0.000000       0.002953       0.000000       0.113775       0.000000       0.000000       0.000000       0.048858       0.000000
        6.052631       0.325386       0.168437       0.002395       0.000000       0.340109       0.000000       0.000000       0.003240       0.000000       0.115591       0.000000       0.000000       0.000000       0.047227       0.000000
        6.118421       0.322334       0.168777       0.002266       0.000000       0.342361       0.000000       0.000000       0.003521       0.000000       0.117378       0.000000       0.000000       0.000000       0.045618       0.000000
        6.184211       0.319298       0.169100       0.002143       0.000000       0.344597       0.000000       0.000000       0.003794       0.000000       0.119138       0.000000       0.000000       0.000000       0.044039       0.000000
        6.250000       0.316338       0.169446       0.002026       0.000000       0.346807       0.000000       0.000000       0.004056       0.000000       0.120883       0.000000       0.000000       0.000000       0.042465       0.000000
        6.315790       0.313454       0.169768       0.001915       0.000000       0.348928       0.000000       0.000000       0.004322       0.000000       0.122581       0.000000       0.000000       0.000000       0.040960       0.000000
        6.381579       0.310585       0.170084       0.001809       0.000000       0.351027       0.000000       0.000000       0.004571       0.000000       0.124270       0.000000       0.000000       0.000000       0.039451       0.000000
        6.447368       0.307793       0.170414       0.001707       0.000000       0.353091       0.000000       0.000000       0.004814       0.000000       0.125928       0.000000       0.000000       0.000000       0.037975       0.000000
        6.513158       0.305077       0.170740       0.001612       0.000000       0.355077       0.000000       0.000000       0.005052       0.000000       0.127546       0.000000       0.000000       0.000000       0.036529       0.000000
        6.578948       0.302345       0.171049       0.001520       0.000000       0.357058       0.000000       0.000000       0.005272       0.000000       0.129135       0.000000       0.000000       0.000000       0.035104       0.000000
        6.644737       0.299690       0.171364       0.001432       0.000000       0.359002       0.000000       0.000000       0.005491       0.000000       0.130725       0.000000       0.000000       0.000000       0.033708       0.000000
        6.710526       0.297066       0.171678       0.001349       0.000000       0.360914       0.000000       0.000000       0.005696       0.000000       0.132278       0.000000       0.000000       0.000000       0.032335       0.000000
        6.776316       0.294518       0.171990       0.001270       0.000000       0.362766       0.000000       0.000000       0.005902       0.000000       0.133812       0.000000       0.000000       0.000000       0.031006       0.000000
        6.842105       0.292015       0.172306       0.001195       0.000000       0.364565       0.000000       0.000000       0.006092       0.000000       0.135312       0.000000       0.000000       0.000000       0.029683       0.000000
        6.907895       0.289513       0.172611       0.001124       0.000000       0.366403       0.000000       0.000000       0.006280       0.000000       0.136819       0.000000       0.000000       0.000000       0.028413       0.000000
        6.973684       0.287102       0.172919       0.001056       0.000000       0.368100       0.000000       0.000000       0.006453       0.000000       0.138230       0.000000       0.000000       0.000000       0.027159       0.000000
        7.039473       0.284660       0.173233       0.000990       0.000000       0.369904       0.000000       0.000000       0.006615       0.000000       0.139705       0.000000       0.000000       0.000000       0.025918       0.000000
        7.105263       0.282310       0.173532       0.000929       0.000000       0.371573       0.000000       0.000000       0.006779       0.000000       0.141125       0.000000       0.000000       0.000000       0.024723       0.000000
        7.171053       0.279976       0.173844       0.000871       0.000000       0.373235       0.000000       0.000000       0.006918       0.000000       0.142533       0.000000       0.000000       0.000000       0.023519       0.000000
        7.236842       0.277672       0.174148       0.000815       0.000000       0.374880       0.000000       0.000000       0.007057       0.000000       0.143903       0.000000       0.000000       0.000000       0.022374       0.000000
        7.302632       0.275398       0.174451       0.000762       0.000000       0.376495       0.000000       0.000000       0.007185       0.000000       0.145260       0.000000       0.000000       0.000000       0.021240       0.000000
        7.368421       0.273125       0.174744       0.000711       0.000000       0.378118       0.000000       0.000000       0.007304       0.000000       0.146606       0.000000       0.000000       0.000000       0.020146       0.000000
        7.434211       0.270927       0.175036       0.000664       0.000000       0.379621       0.000000       0.000000       0.007413       0.000000       0.147902       0.000000       0.000000       0.000000       0.019066       0.000000
        7.500000       0.268745       0.175342       0.000619       0.000000       0.381164       0.000000       0.000000       0.007513       0.000003       0.149186       0.000000       0.000000       0.000000       0.018021       0.000000
        7.565790       0.266609       0.175474       0.000580       0.000000       0.382331       0.000000       0.000000       0.007645       0.000708       0.150074       0.000000       0.000000       0.000000       0.017182       0.000000
        7.631579       0.264488       0.175485       0.000545       0.000000       0.383248       0.000000       0.000000       0.007786       0.001810       0.150664       0.000000       0.000000       0.000000       0.016482       0.000000
        7.697368       0.262428       0.175460       0.000514       0.000000       0.384041       0.000000       0.000000       0.007935       0.003128       0.151171       0.000000       0.000000       0.000000       0.015834       0.000000
        7.763158       0.260384       0.175380       0.000484       0.000000       0.384729       0.000000       0.000000       0.008088       0.004585       0.151593       0.000000       0.000000       0.000000       0.015236       0.000000
        7.828947       0.258354       0.175275       0.000456       0.000000       0.385359       0.000000       0.000000       0.008236       0.006146       0.151907       0.000000       0.000000       0.000000       0.014680       0.000000
        7.894737       0.256386       0.175152       0.000431       0.000000       0.385934       0.000000       0.000000       0.008401       0.007766       0.152157       0.000000       0.000000       0.000000       0.014187       0.000000
