   9.9999997764825821E-003   16790984624809.703        8.0398398146558248E-002   41.526769999999999     
   1.9999999552965164E-002   33619981086403.883        6.6745828553885930E-002   37.220320000000001     
   2.9999999329447746E-002   50474466637576.258        5.3946285301956526E-002   29.705950000000001     
   3.9999999105930328E-002   67356269484344.031        5.6195270243406516E-002   20.459800000000001     
   4.9999997019767761E-002   84266458709616.781        7.7292468114841487E-002   16.003240000000002     
   5.9999998658895493E-002   101205349841336.56       0.10785344074990587        14.379690000000000     
   7.0000000298023224E-002   118175407709544.88       0.14172442482313613        13.762330000000000     
   7.9999998211860657E-002   135177634579469.41       0.17479624644344330        13.507700000000000     
   8.9999996125698090E-002   152211065306816.81       0.20467734579014760        13.388120000000001     
   9.9999994039535522E-002   169275707315774.03       0.23048542659029070        13.318370000000000     
  0.10999999940395355        186377202988363.66       0.25243824762796280        13.265790000000001     
  0.11999999731779099        203516250198151.69       0.27090816085526670        13.218540000000001     
  0.12999999523162842        220696085890614.34       0.28692957679607423        13.170970000000001     
  0.14000000059604645        237917259455580.12       0.30176322021998869        13.119270000000000     
  0.14999999105930328        255190565660760.88       0.31641876871373570        13.060990000000000     
  0.15999999642372131        272515291784216.81       0.33175748232624697        12.994640000000000     
  0.17000000178813934        289904222275741.62       0.34861051745681892        12.919820000000000     
  0.17999999225139618        307364187387257.38       0.36778207880604280        12.837850000000000     
  0.18999999761581421        324896493775653.62       0.39004461068869228        12.752030000000000     
  0.19999998807907104        342515128608997.06       0.41613828716023871        12.667090000000000     
  0.20999999344348907        360227219106684.88       0.44667756001708941        12.588520000000001     
  0.21999999880790710        378046306985571.50       0.48211881497558617        12.521400000000000     
  0.22999998927116394        395978539472386.94       0.52268815088395415        12.469530000000001     
  0.23999999463558197        414027747447557.12       0.56837488118670054        12.434860000000000     
  0.25000000000000000        432205067191389.94       0.61897052342081749        12.417510000000000     
  0.25999999046325684        450531227033632.06       0.67411904086657259        12.416110000000000     
  0.26999998092651367        469000792469493.06       0.73323724165129855        12.428369999999999     
  0.28000000119209290        487635204550659.25       0.79573422192585452        12.451499999999999     
  0.28999999165534973        506432948743008.88       0.86088355110385872        12.482600000000000     
  0.29999998211860657        525398895313129.62       0.92796308663806681        12.518950000000000     
  0.31000000238418579        544554366525718.12       0.99632144147535229        12.558180000000000     
  0.31999999284744263        563903698105907.38        1.0649354127213784        12.598060000000000     
  0.32999998331069946        583425924149971.12        1.1140222341223200        12.625640000000001     
  0.34000000357627869        603082438886175.00        1.1532374867181212        12.645690000000000     
  0.34999999403953552        622854592757096.75        1.1896642548410075        12.661690000000000     
  0.35999998450279236        642747374816314.00        1.2245273713287328        12.674049999999999     
  0.37000000476837158        662761438392271.88        1.2582487565575751        12.682869999999999     
  0.37999999523162842        682899871946709.00        1.2910651125046653        12.688250000000000     
  0.38999998569488525        703172534799791.25        1.3230238485188366        12.690289999999999     
  0.39999997615814209        723571646403677.00        1.3541706422716129        12.689130000000000     
  0.40999999642372131        744088357127614.62        1.3845304239415268        12.684920000000000     
  0.41999998688697815        764756046115780.62        1.4141116901698128        12.677860000000001     
  0.42999997735023499        785567051607323.12        1.4429033213556328        12.668120000000000     
  0.43999999761581421        806533965023176.88        1.4709024021017596        12.655900000000001     
  0.44999998807907104        827639087101839.25        1.4980891975489676        12.641400000000001     
  0.45999997854232788        848883902680684.62        1.5244328725767693        12.624810000000000     
  0.46999999880790710        870287477071600.12        1.5499533603197198        12.606310000000001     
  0.47999998927116394        891809957239457.12        1.5744929790793876        12.586190000000000     
  0.48999997973442078        913526475955399.88        1.5975935415237439        12.565080000000000     
  0.50000000000000000        935365523451477.50        1.6196812446473206        12.542770000000001     
  0.50999999046325684        957369863044072.62        1.6408464994999092        12.519330000000000     
  0.51999998092651367        979521557897702.75        1.6611188203864817        12.494840000000000     
  0.52999997138977051        1001856838044302.8        1.6805307450957414        12.469410000000000     
  0.53999996185302734        1024291899262462.1        1.6990790594380272        12.443160000000001     
  0.55000001192092896        1046956338158217.8        1.7168295710263199        12.416140000000000     
  0.56000000238418579        1069728992001819.4        1.7337935100504132        12.388439999999999     
  0.56999999284744263        1092656425293327.6        1.7499580205710012        12.360200000000001     
  0.57999998331069946        1115766909336351.1        1.7653916360421951        12.331429999999999     
  0.58999997377395630        1139090497239347.8        1.7801306295496566        12.302160000000001     
  0.59999996423721313        1162473953785279.8        1.7941350997233954        12.272589999999999     
  0.61000001430511475        1186068969960315.5        1.8074763964184195        12.242680000000000     
  0.62000000476837158        1209840147241449.2        1.8201906855973140        12.212450000000000     
  0.62999999523162842        1233758857964102.8        1.8322423408145119        12.182090000000001     
  0.63999998569488525        1257876180533955.2        1.8437241101638451        12.151470000000000     
  0.64999997615814209        1282017854436747.8        1.8545946252598642        12.120810000000001     
  0.65999996662139893        1306445923772313.2        1.8649424648076212        12.089960000000000     
  0.66999995708465576        1330975199623317.5        1.8747414729705967        12.059089999999999     
  0.68000000715255737        1355771152266762.8        1.8840733612726535        12.028029999999999     
  0.68999999761581421        1380670212017486.2        1.8928753136269518        11.997090000000000     
  0.69999998807907104        1405661094111442.0        1.9012097999066320        11.966150000000001     
  0.70999997854232788        1430873751515637.2        1.9091055203117786        11.935200000000000     
  0.71999996900558472        1456253661001684.0        1.9165769146392664        11.904280000000000     
  0.72999995946884155        1481819472127005.0        1.9236246848648701        11.873469999999999     
  0.74000000953674316        1507489934590473.2        1.9302759896163315        11.842739999999999     
  0.75000000000000000        1533369818517226.0        1.9365531331140626        11.812090000000000     
  0.75999999046325684        1559330358810155.8        1.9424517533369743        11.781639999999999     
  0.76999998092651367        1585640608001502.8        1.9480341270397179        11.751139999999999     
  0.77999997138977051        1612036621399594.8        1.9532674450483145        11.720860000000000     
  0.78999996185302734        1638524338353929.5        1.9581833505064110        11.690709999999999     
  0.79999995231628418        1665151392447477.0        1.9627793071006898        11.660810000000000     
  0.81000000238418579        1692017327177817.2        1.9670889839090240        11.631050000000000     
  0.81999999284744263        1719118341361271.2        1.9711308030205139        11.601360000000000     
  0.82999998331069946        1746246795339404.2        1.9748856822538203        11.571990000000000     
  0.83999997377395630        1773671028922516.5        1.9783998918333723        11.542669999999999     
  0.84999996423721313        1801112724193151.5        1.9816574167055778        11.513620000000000     
  0.85999995470046997        1828771799655397.8        1.9846757069140966        11.484810000000000     
  0.87000000476837158        1856688999246808.5        1.9874848031593402        11.456030000000000     
  0.87999999523162842        1884652525764300.5        1.9900680860774282        11.427550000000000     
  0.88999998569488525        1912832007029524.5        1.9924428097453721        11.399290000000001     
  0.89999997615814209        1941152132090850.5        1.9946224156779699        11.371200000000000     
  0.90999996662139893        1969696051841245.5        1.9966157715485122        11.343260000000001     
  0.91999995708465576        1998315044969290.0        1.9984216410095801        11.315610000000000     
  0.93000000715255737        2027095707190658.5        2.0000544345668718        11.288160000000000     
  0.93999999761581421        2056140551677678.8        2.0015266401843994        11.260800000000000     
  0.94999998807907104        2085373079608822.5        2.0028370316247006        11.233680000000000     
  0.95999997854232788        2114684244527314.2        2.0039907959371419        11.206830000000000     
  0.96999996900558472        2144221579874673.5        2.0050008365570657        11.180120000000001     
  0.97999995946884155        2173892431798738.5        2.0058674187544256        11.153689999999999     
  0.98999994993209839        2203677556807136.8        2.0065999434643809        11.127450000000000     
   1.0000000000000000        2233615441884612.2        2.0072026325204022        11.101450000000000     
   1.0099999904632568        2263868350059440.0        2.0076839618023437        11.075530000000001     
   1.0199999809265137        2294192055280277.5        2.0080446002481875        11.049910000000001     
   1.0299999713897705        2324706532406978.0        2.0082917074499180        11.024480000000001     
   1.0399999618530273        2355250706281166.0        2.0084293059841025        10.999350000000000     
   1.0499999523162842        2386257674268206.0        2.0084627840667970        10.974270000000001     
   1.0599999427795410        2416968149928326.0        2.0083963063827905        10.949600000000000     
   1.0699999332427979        2448399187469492.0        2.0082323937985653        10.924860000000001     
   1.0799999237060547        2479686967900776.5        2.0079772257452015        10.900490000000000     
   1.0900000333786011        2511114916980204.0        2.0076343673791506        10.876360000000000     
   1.1000000238418579        2542769036488499.0        2.0072062163422202        10.852380000000000     
   1.1100000143051147        2574656928793018.5        2.0066949257951285        10.828510000000000     
   1.1200000047683716        2606753411051893.0        2.0061063623126030        10.804890000000000     
   1.1299999952316284        2638685492116674.5        2.0054471762676642        10.781599999999999     
   1.1399999856948853        2671005293916657.5        2.0047140214193826        10.758410000000000     
   1.1499999761581421        2703625151653258.5        2.0039215481161707        10.735670000000001     
   1.1599999666213989        2736163996662712.5        2.0030764771850889        10.713440000000000     
   1.1699999570846558        2768991494057748.0        2.0021750163936254        10.691509999999999     
   1.1799999475479126        2801966049746344.0        2.0012189713002142        10.669860000000000     
   1.1899999380111694        2835123062251505.5        2.0002059660751685        10.648370000000000     
   1.1999999284744263        2868460155833433.0        1.9991418581086833        10.627129999999999     
