616.595 10.660 2.015 8.949e+00 2.272e-02 1.283e+00 2.791e-01
583.445 10.728 2.018 9.468e+00 2.346e-02 1.251e+00 2.777e-01
552.077 10.796 2.021 1.004e+01 2.423e-02 1.219e+00 2.763e-01
522.396 10.864 2.022 1.066e+01 2.504e-02 1.187e+00 2.748e-01
494.311 10.931 2.023 1.134e+01 2.589e-02 1.155e+00 2.732e-01
467.735 10.998 2.024 1.208e+01 2.677e-02 1.123e+00 2.716e-01
442.588 11.064 2.023 1.290e+01 2.771e-02 1.091e+00 2.699e-01
418.794 11.130 2.022 1.379e+01 2.867e-02 1.060e+00 2.681e-01
396.278 11.196 2.020 1.478e+01 2.968e-02 1.030e+00 2.663e-01
374.973 11.260 2.017 1.586e+01 3.074e-02 9.989e-01 2.644e-01
354.813 11.324 2.013 1.706e+01 3.184e-02 9.687e-01 2.624e-01
335.738 11.387 2.009 1.837e+01 3.299e-02 9.388e-01 2.604e-01
317.687 11.449 2.004 1.983e+01 3.419e-02 9.092e-01 2.583e-01
300.608 11.510 1.997 2.144e+01 3.545e-02 8.800e-01 2.561e-01
284.446 11.570 1.990 2.322e+01 3.675e-02 8.513e-01 2.539e-01
269.153 11.629 1.982 2.520e+01 3.811e-02 8.231e-01 2.516e-01
254.683 11.687 1.974 2.739e+01 3.953e-02 7.956e-01 2.493e-01
240.991 11.744 1.964 2.983e+01 4.099e-02 7.688e-01 2.468e-01
228.034 11.799 1.953 3.254e+01 4.253e-02 7.419e-01 2.444e-01
215.774 11.853 1.942 3.556e+01 4.412e-02 7.159e-01 2.418e-01
204.174 11.906 1.930 3.893e+01 4.576e-02 6.908e-01 2.392e-01
193.197 11.957 1.917 4.269e+01 4.747e-02 6.659e-01 2.366e-01
182.810 12.007 1.903 4.690e+01 4.924e-02 6.420e-01 2.339e-01
172.982 12.055 1.888 5.161e+01 5.107e-02 6.183e-01 2.311e-01
163.682 12.101 1.872 5.689e+01 5.298e-02 5.950e-01 2.283e-01
154.882 12.146 1.856 6.282e+01 5.494e-02 5.729e-01 2.255e-01
146.555 12.190 1.838 6.947e+01 5.694e-02 5.521e-01 2.226e-01
138.676 12.231 1.820 7.696e+01 5.904e-02 5.309e-01 2.197e-01
131.220 12.270 1.801 8.539e+01 6.120e-02 5.102e-01 2.167e-01
124.165 12.308 1.782 9.489e+01 6.341e-02 4.909e-01 2.137e-01
117.490 12.344 1.761 1.056e+02 6.567e-02 4.723e-01 2.106e-01
111.173 12.378 1.740 1.177e+02 6.800e-02 4.543e-01 2.075e-01
105.196 12.410 1.719 1.314e+02 7.039e-02 4.369e-01 2.044e-01
99.541 12.440 1.696 1.470e+02 7.283e-02 4.204e-01 2.013e-01
94.189 12.467 1.673 1.646e+02 7.536e-02 4.038e-01 1.981e-01
89.125 12.493 1.650 1.846e+02 7.791e-02 3.888e-01 1.949e-01
84.333 12.517 1.626 2.073e+02 8.050e-02 3.746e-01 1.917e-01
79.799 12.538 1.601 2.331e+02 8.317e-02 3.606e-01 1.885e-01
75.509 12.557 1.576 2.625e+02 8.588e-02 3.474e-01 1.852e-01
71.450 12.574 1.550 2.961e+02 8.861e-02 3.351e-01 1.820e-01
67.608 12.589 1.524 3.343e+02 9.137e-02 3.239e-01 1.787e-01
63.973 12.601 1.498 3.779e+02 9.418e-02 3.130e-01 1.754e-01
60.534 12.611 1.471 4.277e+02 9.699e-02 3.032e-01 1.721e-01
57.280 12.619 1.444 4.849e+02 9.980e-02 2.947e-01 1.688e-01
54.200 12.624 1.416 5.505e+02 1.026e-01 2.867e-01 1.655e-01
51.286 12.626 1.388 6.260e+02 1.055e-01 2.795e-01 1.622e-01
48.529 12.626 1.359 7.132e+02 1.083e-01 2.739e-01 1.589e-01
45.920 12.622 1.330 8.144e+02 1.112e-01 2.685e-01 1.555e-01
43.451 12.616 1.300 9.322e+02 1.140e-01 2.648e-01 1.521e-01
41.115 12.607 1.270 1.070e+03 1.168e-01 2.622e-01 1.487e-01
38.905 12.595 1.240 1.232e+03 1.195e-01 2.610e-01 1.453e-01
36.813 12.579 1.208 1.425e+03 1.223e-01 2.603e-01 1.418e-01
34.834 12.561 1.176 1.655e+03 1.250e-01 2.616e-01 1.382e-01
32.961 12.540 1.143 1.932e+03 1.277e-01 2.640e-01 1.345e-01
31.189 12.516 1.110 2.267e+03 1.304e-01 2.671e-01 1.308e-01
29.512 12.491 1.076 2.672e+03 1.330e-01 2.712e-01 1.271e-01
27.925 12.466 1.042 3.158e+03 1.356e-01 2.762e-01 1.234e-01
26.424 12.440 1.010 3.735e+03 1.381e-01 2.809e-01 1.198e-01
25.003 12.415 0.978 4.420e+03 1.406e-01 2.862e-01 1.162e-01
23.659 12.390 0.946 5.234e+03 1.429e-01 2.916e-01 1.127e-01
22.387 12.366 0.916 6.203e+03 1.452e-01 2.975e-01 1.093e-01
21.184 12.342 0.886 7.356e+03 1.474e-01 3.032e-01 1.060e-01
20.045 12.319 0.857 8.726e+03 1.495e-01 3.091e-01 1.027e-01
18.967 12.298 0.829 1.036e+04 1.515e-01 3.156e-01 9.950e-02
17.947 12.277 0.802 1.229e+04 1.535e-01 3.216e-01 9.640e-02
16.982 12.257 0.775 1.459e+04 1.554e-01 3.274e-01 9.338e-02
16.069 12.239 0.750 1.733e+04 1.573e-01 3.335e-01 9.044e-02
15.205 12.222 0.725 2.057e+04 1.591e-01 3.392e-01 8.759e-02
14.388 12.207 0.701 2.441e+04 1.608e-01 3.449e-01 8.482e-02
13.614 12.193 0.679 2.896e+04 1.625e-01 3.500e-01 8.214e-02
12.882 12.182 0.657 3.434e+04 1.641e-01 3.555e-01 7.955e-02
12.190 12.172 0.635 4.069e+04 1.657e-01 3.602e-01 7.704e-02
11.535 12.164 0.615 4.818e+04 1.673e-01 3.645e-01 7.463e-02
10.914 12.157 0.596 5.699e+04 1.689e-01 3.678e-01 7.230e-02
10.328 12.153 0.577 6.733e+04 1.704e-01 3.713e-01 7.006e-02
9.772 12.151 0.559 7.944e+04 1.720e-01 3.742e-01 6.790e-02
9.247 12.151 0.542 9.359e+04 1.735e-01 3.765e-01 6.583e-02
8.750 12.153 0.526 1.101e+05 1.751e-01 3.783e-01 6.384e-02
8.279 12.156 0.510 1.292e+05 1.767e-01 3.790e-01 6.194e-02
7.834 12.162 0.495 1.514e+05 1.783e-01 3.797e-01 6.012e-02
7.413 12.169 0.481 1.770e+05 1.800e-01 3.794e-01 5.838e-02
7.015 12.178 0.468 2.064e+05 1.817e-01 3.786e-01 5.671e-02
6.637 12.189 0.455 2.402e+05 1.833e-01 3.775e-01 5.512e-02
6.281 12.201 0.443 2.787e+05 1.851e-01 3.756e-01 5.361e-02
5.943 12.215 0.432 3.226e+05 1.868e-01 3.735e-01 5.216e-02
5.623 12.229 0.421 3.723e+05 1.886e-01 3.703e-01 5.078e-02
5.321 12.245 0.410 4.284e+05 1.904e-01 3.673e-01 4.947e-02
5.035 12.261 0.401 4.916e+05 1.923e-01 3.634e-01 4.822e-02
4.764 12.278 0.391 5.625e+05 1.941e-01 3.595e-01 4.703e-02
4.508 12.295 0.382 6.418e+05 1.959e-01 3.552e-01 4.589e-02
4.266 12.312 0.374 7.303e+05 1.978e-01 3.506e-01 4.480e-02
4.036 12.329 0.366 8.288e+05 1.996e-01 3.461e-01 4.377e-02
3.819 12.346 0.358 9.384e+05 2.014e-01 3.416e-01 4.277e-02
3.614 12.362 0.350 1.060e+06 2.032e-01 3.371e-01 4.181e-02
3.420 12.377 0.343 1.195e+06 2.049e-01 3.327e-01 4.089e-02
3.236 12.391 0.336 1.346e+06 2.066e-01 3.286e-01 3.999e-02
3.062 12.404 0.329 1.514e+06 2.081e-01 3.250e-01 3.912e-02
2.897 12.415 0.322 1.702e+06 2.096e-01 3.216e-01 3.827e-02
2.742 12.424 0.315 1.913e+06 2.110e-01 3.187e-01 3.744e-02
2.594 12.432 0.308 2.151e+06 2.123e-01 3.168e-01 3.661e-02
2.455 12.437 0.302 2.421e+06 2.134e-01 3.153e-01 3.579e-02
2.323 12.440 0.295 2.730e+06 2.144e-01 3.147e-01 3.498e-02
2.198 12.441 0.288 3.084e+06 2.152e-01 3.151e-01 3.416e-02
2.080 12.439 0.281 3.494e+06 2.159e-01 3.162e-01 3.334e-02
1.968 12.435 0.274 3.968e+06 2.163e-01 3.186e-01 3.252e-02
1.862 12.429 0.267 4.521e+06 2.166e-01 3.220e-01 3.169e-02
1.762 12.420 0.260 5.166e+06 2.167e-01 3.262e-01 3.085e-02
1.667 12.410 0.252 5.921e+06 2.165e-01 3.319e-01 3.002e-02
1.578 12.397 0.245 6.805e+06 2.163e-01 3.380e-01 2.919e-02
1.493 12.383 0.238 7.842e+06 2.157e-01 3.456e-01 2.836e-02
1.413 12.368 0.231 9.059e+06 2.150e-01 3.543e-01 2.753e-02
1.337 12.351 0.224 1.049e+07 2.140e-01 3.637e-01 2.671e-02
1.265 12.333 0.216 1.218e+07 2.129e-01 3.742e-01 2.590e-02
1.197 12.315 0.209 1.417e+07 2.115e-01 3.860e-01 2.509e-02
1.132 12.296 0.202 1.653e+07 2.100e-01 3.986e-01 2.430e-02
1.072 12.276 0.196 1.931e+07 2.083e-01 4.120e-01 2.352e-02
1.014 12.256 0.189 2.261e+07 2.064e-01 4.263e-01 2.274e-02
0.959 12.237 0.182 2.651e+07 2.042e-01 4.419e-01 2.198e-02
0.908 12.217 0.176 3.114e+07 2.020e-01 4.578e-01 2.124e-02
