        0.065789       1.050000       0.955320       0.955320
        0.131579       1.050000       0.914722       0.914722
        0.197368       1.050000       0.877788       0.877788
        0.263158       1.050000       0.844073       0.844073
        0.328947       1.050000       0.813141       0.813141
        0.394737       1.050000       0.784587       0.784587
        0.460526       1.050000       0.758048       0.758048
        0.526316       1.050000       0.733216       0.733216
        0.592105       1.050000       0.709842       0.709842
        0.657895       1.050000       0.687709       0.687709
        0.723684       1.050000       0.666653       0.666653
        0.789474       1.050000       0.646522       0.646522
        0.855263       1.050000       0.627206       0.627206
        0.921053       1.050000       0.608636       0.608636
        0.986842       1.050000       0.590755       0.590755
        1.052632       1.050000       0.573519       0.573519
        1.118421       1.050000       0.556890       0.556890
        1.184211       1.050000       0.540844       0.540844
        1.250000       1.050000       0.525370       0.525370
        1.315789       1.050000       0.510448       0.510448
        1.381579       1.050000       0.496069       0.496069
        1.447368       1.050000       0.482218       0.482218
        1.513158       1.050000       0.468890       0.468890
        1.578947       1.050000       0.456082       0.456082
        1.644737       1.050000       0.443781       0.443781
        1.710526       1.050000       0.431969       0.431969
        1.776316       1.050000       0.420643       0.420643
        1.842105       1.050000       0.409790       0.409790
        1.907895       1.050000       0.399396       0.399396
        1.973684       1.050000       0.389452       0.389452
        2.039474       1.050000       0.379933       0.379933
        2.105263       1.050000       0.370776       0.370776
        2.171053       1.050000       0.359438       0.359438
        2.236842       1.050000       0.348390       0.348390
        2.302632       1.050000       0.337713       0.337713
        2.368421       1.050000       0.327377       0.327377
        2.434211       1.050000       0.317397       0.317397
        2.500000       1.050000       0.307758       0.307758
        2.565789       1.050000       0.298457       0.298457
        2.631579       1.050000       0.289476       0.289476
        2.697368       1.050000       0.280836       0.280836
        2.763158       1.050000       0.272489       0.272489
        2.828947       1.050000       0.264434       0.264434
        2.894737       1.050000       0.256660       0.256660
        2.960526       1.050000       0.249153       0.249153
        3.026316       1.050000       0.241897       0.241897
        3.092105       1.050000       0.234897       0.234897
        3.157895       1.050000       0.228245       0.228245
        3.223684       1.050000       0.222279       0.222279
        3.289474       1.050000       0.216684       0.216684
        3.355263       1.050000       0.211325       0.211325
        3.421053       1.050000       0.206186       0.206186
        3.486842       1.050000       0.201255       0.201255
        3.552631       1.050000       0.196516       0.196516
        3.618421       1.050000       0.191923       0.191923
        3.684211       1.050000       0.187508       0.187508
        3.750000       1.050000       0.183248       0.183248
        3.815789       1.050000       0.179134       0.179134
        3.881579       1.050000       0.175106       0.175106
        3.947368       1.050000       0.171270       0.171270
        4.013158       1.050000       0.167522       0.167522
        4.078948       1.050000       0.163891       0.163891
        4.144737       1.050000       0.160369       0.160369
        4.210526       1.050000       0.156929       0.156929
        4.276316       1.050000       0.153644       0.153644
        4.342105       1.050000       0.150385       0.150385
        4.407895       1.050000       0.147265       0.147265
        4.473684       1.050000       0.144184       0.144184
        4.539474       1.050000       0.141224       0.141224
        4.605263       1.050000       0.138315       0.138315
        4.671053       1.050000       0.135483       0.135483
        4.736842       1.050000       0.132729       0.132729
        4.802631       1.050000       0.130049       0.130049
        4.868421       1.050000       0.127405       0.127405
        4.934211       1.050000       0.124850       0.124850
        5.000000       1.050000       0.122349       0.122349
        5.065790       1.050000       0.119861       0.119861
        5.131579       1.050000       0.117447       0.117447
        5.197368       1.050000       0.115104       0.115104
        5.263158       1.050000       0.112820       0.112820
        5.328948       1.050000       0.110555       0.110555
        5.394737       1.050000       0.108339       0.108339
        5.460526       1.050000       0.106198       0.106198
        5.526316       1.050000       0.104066       0.104066
        5.592105       1.050000       0.101984       0.101984
        5.657895       1.050000       0.099964       0.099964
        5.723684       1.050000       0.097938       0.097938
        5.789474       1.050000       0.095972       0.095972
        5.855263       1.050000       0.094073       0.094073
        5.921053       1.050000       0.092155       0.092155
        5.986842       1.050000       0.090267       0.090267
        6.052631       1.050000       0.088439       0.088439
        6.118421       1.050000       0.086654       0.086654
        6.184211       1.050000       0.084848       0.084848
        6.250000       1.050000       0.083088       0.083088
        6.315790       1.050000       0.081365       0.081365
        6.381579       1.050000       0.079647       0.079647
        6.447368       1.050000       0.077969       0.077969
        6.513158       1.050000       0.076344       0.076344
        6.578948       1.050000       0.074683       0.074683
        6.644737       1.050000       0.073068       0.073068
        6.710526       1.050000       0.071463       0.071463
        6.776316       1.050000       0.069906       0.069906
        6.842105       1.050000       0.068392       0.068392
        6.907895       1.050000       0.066822       0.066822
        6.973684       1.050000       0.065356       0.065356
        7.039473       1.050000       0.063813       0.063813
        7.105263       1.050000       0.062362       0.062362
        7.171053       1.050000       0.060929       0.060929
        7.236842       1.050000       0.059479       0.059479
        7.302632       1.050000       0.058053       0.058053
        7.368421       1.050000       0.056597       0.056597
        7.434211       1.050000       0.055238       0.055238
        7.500000       1.050000       0.053849       0.053849
        7.565790       1.050000       0.052425       0.052425
        7.631579       1.050000       0.050956       0.050956
        7.697368       1.050000       0.049528       0.049528
        7.763158       1.050000       0.048094       0.048094
        7.828947       1.050000       0.046632       0.046632
        7.894737       1.050000       0.045173       0.045173
