        0.065789       0.996956       0.003037       0.003037       0.000000       0.000000       0.000000       0.000000       0.000000       0.000000       0.000000       0.000000       0.000000       0.000000       0.000000       0.000000
        0.131579       0.992058       0.007948       0.007948       0.000000       0.000000       0.000000       0.000000       0.000000       0.000000       0.000000       0.000000       0.000000       0.000000       0.000000       0.000000
        0.197368       0.986595       0.013401       0.013401       0.000000       0.000000       0.000000       0.000000       0.000000       0.000000       0.000000       0.000000       0.000000       0.000000       0.000000       0.000000
        0.263158       0.981178       0.018821       0.018821       0.000000       0.000000       0.000000       0.000000       0.000000       0.000000       0.000000       0.000000       0.000000       0.000000       0.000000       0.000000
        0.328947       0.976067       0.023935       0.023935       0.000000       0.000000       0.000000       0.000000       0.000000       0.000000       0.000000       0.000000       0.000000       0.000000       0.000000       0.000000
        0.394737       0.971367       0.028627       0.028627       0.000000       0.000000       0.000000       0.000000       0.000000       0.000000       0.000000       0.000000       0.000000       0.000000       0.000000       0.000000
        0.460526       0.967125       0.032869       0.032869       0.000000       0.000000       0.000000       0.000000       0.000000       0.000000       0.000000       0.000000       0.000000       0.000000       0.000000       0.000000
        0.526316       0.963326       0.036677       0.036677       0.000000       0.000000       0.000000       0.000000       0.000000       0.000000       0.000000       0.000000       0.000000       0.000000       0.000000       0.000000
        0.592105       0.959923       0.040085       0.040085       0.000000       0.000000       0.000000       0.000000       0.000000       0.000000       0.000000       0.000000       0.000000       0.000000       0.000000       0.000000
        0.657895       0.956856       0.043139       0.043139       0.000000       0.000000       0.000000       0.000000       0.000000       0.000000       0.000000       0.000000       0.000000       0.000000       0.000000       0.000000
        0.723684       0.954109       0.045887       0.045887       0.000000       0.000000       0.000000       0.000000       0.000000       0.000000       0.000000       0.000000       0.000000       0.000000       0.000000       0.000000
        0.789474       0.950996       0.049001       0.048133       0.000868       0.000000       0.000000       0.000000       0.000000       0.000000       0.000000       0.000000       0.000000       0.000000       0.000000       0.000000
        0.855263       0.947533       0.052469       0.049905       0.002564       0.000000       0.000000       0.000000       0.000000       0.000000       0.000000       0.000000       0.000000       0.000000       0.000000       0.000000
        0.921053       0.944130       0.055862       0.051409       0.004454       0.000000       0.000000       0.000000       0.000000       0.000000       0.000000       0.000000       0.000000       0.000000       0.000000       0.000000
        0.986842       0.940895       0.059107       0.052722       0.006384       0.000000       0.000000       0.000000       0.000000       0.000000       0.000000       0.000000       0.000000       0.000000       0.000000       0.000000
        1.052632       0.937813       0.062182       0.053893       0.008290       0.000000       0.000000       0.000000       0.000000       0.000000       0.000000       0.000000       0.000000       0.000000       0.000000       0.000000
        1.118421       0.934898       0.065099       0.054955       0.010143       0.000000       0.000000       0.000000       0.000000       0.000000       0.000000       0.000000       0.000000       0.000000       0.000000       0.000000
        1.184211       0.932137       0.067869       0.055935       0.011934       0.000000       0.000000       0.000000       0.000000       0.000000       0.000000       0.000000       0.000000       0.000000       0.000000       0.000000
        1.250000       0.929497       0.070503       0.056845       0.013657       0.000000       0.000000       0.000000       0.000000       0.000000       0.000000       0.000000       0.000000       0.000000       0.000000       0.000000
        1.315789       0.926979       0.073017       0.057703       0.015314       0.000000       0.000000       0.000000       0.000000       0.000000       0.000000       0.000000       0.000000       0.000000       0.000000       0.000000
        1.381579       0.924568       0.075424       0.058517       0.016907       0.000000       0.000000       0.000000       0.000000       0.000000       0.000000       0.000000       0.000000       0.000000       0.000000       0.000000
        1.447368       0.922264       0.077734       0.059294       0.018440       0.000000       0.000000       0.000000       0.000000       0.000000       0.000000       0.000000       0.000000       0.000000       0.000000       0.000000
        1.513158       0.920052       0.079954       0.060039       0.019915       0.000000       0.000000       0.000000       0.000000       0.000000       0.000000       0.000000       0.000000       0.000000       0.000000       0.000000
        1.578947       0.917915       0.082086       0.060754       0.021333       0.000000       0.000000       0.000000       0.000000       0.000000       0.000000       0.000000       0.000000       0.000000       0.000000       0.000000
        1.644737       0.915855       0.084136       0.061440       0.022697       0.000000       0.000000       0.000000       0.000000       0.000000       0.000000       0.000000       0.000000       0.000000       0.000000       0.000000
        1.710526       0.910439       0.087361       0.061554       0.023613       0.000000       0.000000       0.000000       0.000000       0.000000       0.000000       0.000000       0.000000       0.000000       0.002193       0.000000
        1.776316       0.881432       0.099054       0.057832       0.021694       0.000000       0.000000       0.000000       0.000000       0.000000       0.000000       0.000000       0.000000       0.000000       0.019528       0.000000
        1.842105       0.850655       0.111272       0.053726       0.019456       0.000000       0.000000       0.000000       0.000000       0.000000       0.000000       0.000000       0.000000       0.000000       0.038088       0.000000
        1.907895       0.820915       0.123006       0.049683       0.017235       0.000000       0.000000       0.000000       0.000000       0.000000       0.000000       0.000000       0.000000       0.000000       0.056090       0.000000
        1.973684       0.792885       0.134030       0.045817       0.015120       0.000000       0.000000       0.000000       0.000000       0.000000       0.000000       0.000000       0.000000       0.000000       0.073091       0.000000
        2.039474       0.766792       0.144261       0.042174       0.013150       0.000000       0.000000       0.000000       0.000000       0.000000       0.000000       0.000000       0.000000       0.000000       0.088940       0.000000
        2.105263       0.742683       0.153718       0.038768       0.011338       0.000000       0.000000       0.000000       0.000000       0.000000       0.000000       0.000000       0.000000       0.000000       0.103614       0.000000
        2.171053       0.720482       0.162406       0.035605       0.009690       0.000000       0.000000       0.000000       0.000000       0.000000       0.000000       0.000000       0.000000       0.000000       0.117111       0.000000
        2.236842       0.700111       0.170387       0.032681       0.008205       0.000000       0.000000       0.000000       0.000000       0.000000       0.000000       0.000000       0.000000       0.000000       0.129501       0.000000
        2.302632       0.681480       0.177697       0.029989       0.006877       0.000000       0.000000       0.000000       0.000000       0.000000       0.000000       0.000000       0.000000       0.000000       0.140826       0.000000
        2.368421       0.664268       0.184268       0.027516       0.005699       0.000412       0.000000       0.000000       0.000000       0.000000       0.000000       0.000000       0.000000       0.000000       0.151055       0.000000
        2.434211       0.646278       0.188486       0.025219       0.004643       0.006620       0.000000       0.000000       0.000000       0.000000       0.000000       0.000000       0.000000       0.000000       0.158618       0.000000
        2.500000       0.628731       0.191576       0.023115       0.003719       0.014933       0.000000       0.000000       0.000000       0.000000       0.000000       0.000000       0.000000       0.000000       0.164745       0.000000
        2.565789       0.612007       0.193966       0.021197       0.002921       0.024188       0.000000       0.000000       0.000000       0.000000       0.000000       0.000000       0.000000       0.000000       0.169847       0.000000
        2.631579       0.596077       0.195805       0.019453       0.002238       0.034009       0.000000       0.000000       0.000000       0.000000       0.000000       0.000000       0.000000       0.000000       0.174119       0.000000
        2.697368       0.580956       0.197195       0.017868       0.001662       0.044161       0.000000       0.000000       0.000000       0.000000       0.000000       0.000000       0.000000       0.000000       0.177661       0.000000
        2.763158       0.566597       0.198224       0.016429       0.001181       0.054552       0.000000       0.000000       0.000000       0.000000       0.000000       0.000000       0.000000       0.000000       0.180606       0.000000
        2.828947       0.552940       0.198944       0.015122       0.000788       0.065094       0.000000       0.000000       0.000000       0.000000       0.000000       0.000000       0.000000       0.000000       0.183032       0.000000
        2.894737       0.539986       0.199387       0.013938       0.000476       0.075681       0.000000       0.000000       0.000000       0.000000       0.000000       0.000000       0.000000       0.000000       0.184969       0.000000
        2.960526       0.527611       0.199586       0.012862       0.000238       0.086301       0.000000       0.000000       0.000000       0.000000       0.000000       0.000000       0.000000       0.000000       0.186484       0.000000
        3.026316       0.515846       0.199596       0.011885       0.000075       0.096921       0.000000       0.000000       0.000000       0.000000       0.000000       0.000000       0.000000       0.000000       0.187635       0.000000
        3.092105       0.504646       0.199439       0.010997       0.000000       0.107490       0.000000       0.000000       0.000000       0.000000       0.000000       0.000000       0.000000       0.000000       0.188436       0.000000
        3.157895       0.493919       0.199131       0.010188       0.000000       0.118026       0.000000       0.000000       0.000000       0.000000       0.000000       0.000000       0.000000       0.000000       0.188942       0.000000
        3.223684       0.483665       0.198658       0.009456       0.000000       0.128454       0.000000       0.000000       0.000000       0.000000       0.000000       0.000000       0.000000       0.000000       0.189204       0.000000
        3.289474       0.473869       0.198060       0.008792       0.000000       0.138786       0.000000       0.000000       0.000000       0.000000       0.000000       0.000000       0.000000       0.000000       0.189277       0.000000
        3.355263       0.464439       0.197352       0.008186       0.000000       0.149058       0.000000       0.000000       0.000000       0.000000       0.000000       0.000000       0.000000       0.000000       0.189158       0.000000
        3.421053       0.455406       0.196527       0.007636       0.000000       0.159202       0.000000       0.000000       0.000000       0.000000       0.000000       0.000000       0.000000       0.000000       0.188888       0.000000
        3.486842       0.446709       0.195605       0.007136       0.000000       0.169210       0.000000       0.000000       0.000000       0.000000       0.000000       0.000000       0.000000       0.000000       0.188459       0.000000
        3.552631       0.438393       0.194611       0.006680       0.000000       0.179093       0.000000       0.000000       0.000000       0.000000       0.000000       0.000000       0.000000       0.000000       0.187934       0.000000
        3.618421       0.430336       0.193531       0.006264       0.000000       0.188844       0.000000       0.000000       0.000000       0.000000       0.000000       0.000000       0.000000       0.000000       0.187264       0.000000
        3.684211       0.422600       0.192400       0.005883       0.000000       0.198482       0.000000       0.000000       0.000000       0.000000       0.000000       0.000000       0.000000       0.000000       0.186507       0.000000
        3.750000       0.415108       0.191202       0.005534       0.000000       0.207999       0.000000       0.000000       0.000000       0.000000       0.000000       0.000000       0.000000       0.000000       0.185665       0.000000
        3.815789       0.407921       0.189973       0.005215       0.000000       0.217381       0.000000       0.000000       0.000000       0.000000       0.000000       0.000000       0.000000       0.000000       0.184753       0.000000
        3.881579       0.400963       0.188678       0.004923       0.000000       0.226598       0.000000       0.000000       0.000000       0.000000       0.000000       0.000000       0.000000       0.000000       0.183765       0.000000
        3.947368       0.394142       0.187322       0.004653       0.000000       0.235650       0.000000       0.000000       0.000000       0.000000       0.000000       0.000000       0.000000       0.000190       0.182672       0.000000
        4.013158       0.387245       0.185814       0.004401       0.000000       0.244455       0.000000       0.000000       0.000000       0.000000       0.000000       0.000000       0.000000       0.001044       0.181407       0.000000
        4.078948       0.380394       0.184220       0.004167       0.000000       0.253118       0.000000       0.000000       0.000000       0.000000       0.000000       0.000000       0.000000       0.002204       0.180051       0.000000
        4.144737       0.373680       0.182576       0.003950       0.000000       0.261614       0.000000       0.000000       0.000000       0.000000       0.000015       0.000000       0.000000       0.003528       0.178602       0.000000
        4.210526       0.367622       0.181685       0.003709       0.000000       0.267883       0.000000       0.000000       0.000000       0.000000       0.001952       0.000000       0.000000       0.004835       0.176026       0.000000
        4.276316       0.361931       0.181069       0.003473       0.000000       0.273260       0.000000       0.000000       0.000000       0.000000       0.004520       0.000000       0.000000       0.006137       0.173068       0.000000
        4.342105       0.356483       0.180553       0.003248       0.000000       0.278239       0.000000       0.000000       0.000000       0.000000       0.007326       0.000000       0.000000       0.007434       0.169987       0.000000
        4.407895       0.351265       0.180107       0.003037       0.000000       0.282899       0.000000       0.000000       0.000000       0.000000       0.010239       0.000000       0.000000       0.008701       0.166827       0.000000
        4.473684       0.346184       0.179686       0.002839       0.000000       0.287335       0.000000       0.000000       0.000000       0.000000       0.013211       0.000000       0.000000       0.009949       0.163622       0.000000
        4.539474       0.341286       0.179307       0.002653       0.000000       0.291593       0.000000       0.000000       0.000000       0.000000       0.016225       0.000000       0.000000       0.011171       0.160425       0.000000
        4.605263       0.336540       0.178955       0.002478       0.000000       0.295698       0.000000       0.000000       0.000000       0.000000       0.019269       0.000000       0.000000       0.012355       0.157216       0.000000
        4.671053       0.331947       0.178617       0.002316       0.000000       0.299603       0.000000       0.000000       0.000000       0.000000       0.022291       0.000000       0.000000       0.013488       0.154016       0.000000
        4.736842       0.327522       0.178326       0.002163       0.000000       0.303405       0.000000       0.000000       0.000000       0.000000       0.025306       0.000000       0.000000       0.014589       0.150856       0.000000
        4.802631       0.323235       0.178050       0.002020       0.000000       0.307072       0.000000       0.000000       0.000000       0.000000       0.028328       0.000000       0.000000       0.015630       0.147694       0.000000
        4.868421       0.319099       0.177787       0.001887       0.000000       0.310575       0.000000       0.000000       0.000000       0.000000       0.031295       0.000000       0.000000       0.016626       0.144608       0.000000
        4.934211       0.315041       0.177549       0.001761       0.000000       0.314050       0.000000       0.000000       0.000000       0.000000       0.034268       0.000000       0.000000       0.017590       0.141503       0.000000
        5.000000       0.311165       0.177330       0.001645       0.000000       0.317358       0.000000       0.000000       0.000000       0.000000       0.037214       0.000000       0.000000       0.018488       0.138482       0.000000
        5.065790       0.307335       0.177121       0.001534       0.000000       0.320618       0.000000       0.000000       0.000000       0.000000       0.040116       0.000000       0.000000       0.019358       0.135452       0.000000
        5.131579       0.303642       0.176918       0.001432       0.000000       0.323751       0.000000       0.000000       0.000000       0.000000       0.042996       0.000000       0.000000       0.020176       0.132503       0.000000
        5.197368       0.300102       0.176756       0.001336       0.000000       0.326767       0.000000       0.000000       0.000000       0.000000       0.045807       0.000000       0.000000       0.020944       0.129608       0.000000
        5.263158       0.296638       0.176609       0.001245       0.000000       0.329750       0.000000       0.000000       0.000000       0.000000       0.048612       0.000000       0.000000       0.021677       0.126740       0.000000
        5.328948       0.293236       0.176455       0.001161       0.000000       0.332657       0.000000       0.000000       0.000000       0.000000       0.051396       0.000000       0.000000       0.022370       0.123908       0.000000
        5.394737       0.289940       0.176320       0.001081       0.000000       0.335481       0.000000       0.000000       0.000000       0.000000       0.054152       0.000000       0.000000       0.023010       0.121107       0.000000
        5.460526       0.286766       0.176210       0.001007       0.000000       0.338183       0.000000       0.000000       0.000000       0.000000       0.056811       0.000000       0.000000       0.023610       0.118376       0.000000
        5.526316       0.283669       0.176121       0.000937       0.000000       0.340880       0.000000       0.000000       0.000000       0.000000       0.059488       0.000000       0.000000       0.024183       0.115690       0.000000
        5.592105       0.280602       0.176017       0.000872       0.000000       0.343515       0.000000       0.000000       0.000000       0.000000       0.062110       0.000000       0.000000       0.024731       0.113047       0.000000
        5.657895       0.277657       0.175941       0.000810       0.000000       0.346043       0.000000       0.000000       0.000000       0.000000       0.064686       0.000000       0.000000       0.025222       0.110445       0.000000
        5.723684       0.274773       0.175872       0.000753       0.000000       0.348531       0.000000       0.000000       0.000000       0.000000       0.067250       0.000000       0.000000       0.025681       0.107880       0.000000
        5.789474       0.271996       0.175828       0.000699       0.000000       0.350944       0.000000       0.000000       0.000000       0.000000       0.069763       0.000000       0.000000       0.026106       0.105384       0.000000
        5.855263       0.269249       0.175790       0.000648       0.000000       0.353331       0.000000       0.000000       0.000000       0.000000       0.072238       0.000000       0.000000       0.026507       0.102907       0.000000
        5.921053       0.266579       0.175757       0.000601       0.000000       0.355648       0.000000       0.000000       0.000000       0.000000       0.074666       0.000000       0.000000       0.026885       0.100505       0.000000
        5.986842       0.263969       0.175733       0.000556       0.000000       0.357890       0.000000       0.000000       0.000000       0.000000       0.077063       0.000000       0.000000       0.027211       0.098110       0.000000
        6.052631       0.261452       0.175740       0.000515       0.000000       0.360109       0.000000       0.000000       0.000000       0.000000       0.079436       0.000000       0.000000       0.027520       0.095784       0.000000
        6.118421       0.259041       0.175843       0.000475       0.000000       0.362258       0.000000       0.000000       0.000000       0.000000       0.081572       0.000000       0.000000       0.027821       0.093481       0.000328
        6.184211       0.256920       0.176819       0.000428       0.000000       0.364829       0.000000       0.000000       0.000000       0.000000       0.082321       0.000000       0.000028       0.028293       0.090784       0.003311
        6.250000       0.254631       0.177595       0.000385       0.000000       0.367319       0.000000       0.000000       0.000000       0.000000       0.083073       0.000000       0.000428       0.028782       0.088218       0.006361
        6.315790       0.252296       0.178297       0.000345       0.000000       0.369676       0.000000       0.000000       0.000000       0.000000       0.083659       0.000000       0.001053       0.029261       0.085731       0.009600
        6.381579       0.249931       0.178910       0.000309       0.000000       0.371998       0.000000       0.000000       0.000000       0.000000       0.084318       0.000000       0.001819       0.029726       0.083339       0.012773
        6.447368       0.247566       0.179444       0.000276       0.000000       0.374186       0.000000       0.000000       0.000000       0.000000       0.084939       0.000000       0.002671       0.030149       0.081018       0.015882
        6.513158       0.245232       0.179942       0.000247       0.000000       0.376305       0.000000       0.000000       0.000000       0.000000       0.085572       0.000000       0.003590       0.030542       0.078771       0.018927
        6.578948       0.242912       0.180427       0.000219       0.000000       0.378409       0.000000       0.000000       0.000000       0.000000       0.086174       0.000000       0.004578       0.030924       0.076583       0.022034
        6.644737       0.240593       0.180773       0.000195       0.000000       0.380275       0.000000       0.000000       0.000000       0.000293       0.086658       0.000000       0.005583       0.031283       0.074543       0.024958
        6.710526       0.238258       0.180943       0.000174       0.000000       0.381752       0.000000       0.000000       0.000000       0.001380       0.086719       0.000000       0.006607       0.031661       0.072721       0.027945
        6.776316       0.236046       0.181033       0.000156       0.000000       0.382920       0.000000       0.000000       0.000000       0.002730       0.086631       0.000000       0.007593       0.032005       0.071074       0.030755
        6.842105       0.233803       0.181057       0.000140       0.000000       0.384013       0.000000       0.000000       0.000000       0.004272       0.086401       0.000000       0.008614       0.032357       0.069496       0.033628
        6.907895       0.231667       0.181054       0.000126       0.000000       0.384925       0.000000       0.000000       0.000000       0.005919       0.086173       0.000000       0.009585       0.032650       0.067988       0.036330
        6.973684       0.229561       0.181010       0.000113       0.000000       0.385785       0.000000       0.000000       0.000000       0.007654       0.085909       0.000007       0.010561       0.032942       0.066564       0.038982
        7.039473       0.227272       0.180666       0.000102       0.000000       0.386511       0.000000       0.000000       0.000000       0.009362       0.085610       0.000367       0.011559       0.033293       0.065346       0.041926
        7.105263       0.224861       0.180144       0.000092       0.000000       0.387176       0.000000       0.000000       0.000000       0.011104       0.085314       0.000971       0.012569       0.033656       0.064213       0.045042
        7.171053       0.222496       0.179534       0.000083       0.000000       0.387708       0.000000       0.000000       0.000000       0.012775       0.084982       0.001693       0.013548       0.034017       0.063204       0.048212
        7.236842       0.220161       0.178900       0.000075       0.000000       0.388225       0.000000       0.000000       0.000000       0.014477       0.084672       0.002510       0.014516       0.034365       0.062237       0.051436
        7.302632       0.217842       0.178184       0.000068       0.000000       0.388636       0.000000       0.000000       0.000000       0.016136       0.084371       0.003371       0.015443       0.034687       0.061329       0.054602
        7.368421       0.215645       0.177495       0.000062       0.000000       0.388968       0.000000       0.000000       0.000000       0.017755       0.084077       0.004249       0.016322       0.034978       0.060470       0.057711
        7.434211       0.213417       0.176764       0.000056       0.000000       0.389312       0.000000       0.000000       0.000000       0.019401       0.083767       0.005186       0.017209       0.035269       0.059629       0.060873
        7.500000       0.211205       0.175972       0.000051       0.000000       0.389651       0.000000       0.000000       0.000000       0.021089       0.083609       0.006118       0.018043       0.035516       0.058806       0.063766
