549.541 10.688 2.029 9.327e+00 2.415e-02 1.177e+00 2.802e-01
518.442 10.754 2.030 9.919e+00 2.498e-02 1.144e+00 2.786e-01
489.103 10.819 2.030 1.058e+01 2.586e-02 1.111e+00 2.770e-01
461.424 10.884 2.029 1.131e+01 2.678e-02 1.079e+00 2.752e-01
435.311 10.948 2.027 1.213e+01 2.775e-02 1.047e+00 2.733e-01
410.677 11.010 2.024 1.304e+01 2.878e-02 1.014e+00 2.714e-01
387.436 11.072 2.020 1.405e+01 2.986e-02 9.831e-01 2.693e-01
365.511 11.133 2.015 1.518e+01 3.098e-02 9.522e-01 2.672e-01
344.826 11.193 2.009 1.644e+01 3.216e-02 9.221e-01 2.649e-01
325.312 11.251 2.002 1.784e+01 3.341e-02 8.920e-01 2.626e-01
306.902 11.308 1.993 1.942e+01 3.471e-02 8.630e-01 2.601e-01
289.534 11.364 1.983 2.118e+01 3.606e-02 8.352e-01 2.576e-01
273.149 11.418 1.973 2.317e+01 3.747e-02 8.077e-01 2.550e-01
257.691 11.470 1.961 2.541e+01 3.896e-02 7.806e-01 2.523e-01
243.108 11.521 1.947 2.793e+01 4.050e-02 7.550e-01 2.495e-01
229.351 11.570 1.933 3.079e+01 4.211e-02 7.301e-01 2.466e-01
216.371 11.617 1.917 3.402e+01 4.379e-02 7.059e-01 2.436e-01
204.127 11.662 1.901 3.771e+01 4.554e-02 6.824e-01 2.405e-01
192.575 11.705 1.882 4.190e+01 4.737e-02 6.597e-01 2.374e-01
181.677 11.747 1.863 4.670e+01 4.926e-02 6.388e-01 2.341e-01
171.396 11.786 1.843 5.219e+01 5.124e-02 6.179e-01 2.308e-01
161.696 11.824 1.821 5.849e+01 5.327e-02 5.986e-01 2.273e-01
152.546 11.860 1.798 6.574e+01 5.538e-02 5.801e-01 2.238e-01
143.913 11.894 1.775 7.406e+01 5.757e-02 5.624e-01 2.202e-01
135.769 11.926 1.750 8.363e+01 5.982e-02 5.454e-01 2.166e-01
128.086 11.956 1.725 9.464e+01 6.215e-02 5.292e-01 2.129e-01
120.837 11.984 1.699 1.073e+02 6.454e-02 5.137e-01 2.092e-01
113.999 12.011 1.672 1.220e+02 6.697e-02 4.998e-01 2.054e-01
107.547 12.036 1.644 1.390e+02 6.947e-02 4.865e-01 2.016e-01
101.461 12.058 1.616 1.586e+02 7.206e-02 4.731e-01 1.978e-01
95.719 12.080 1.587 1.814e+02 7.464e-02 4.618e-01 1.939e-01
90.303 12.099 1.558 2.078e+02 7.732e-02 4.503e-01 1.901e-01
85.192 12.117 1.528 2.386e+02 8.002e-02 4.400e-01 1.862e-01
80.371 12.133 1.498 2.743e+02 8.278e-02 4.301e-01 1.823e-01
75.823 12.148 1.468 3.160e+02 8.556e-02 4.213e-01 1.784e-01
71.532 12.161 1.437 3.646e+02 8.839e-02 4.128e-01 1.745e-01
67.484 12.173 1.407 4.213e+02 9.123e-02 4.051e-01 1.706e-01
63.665 12.184 1.376 4.875e+02 9.409e-02 3.984e-01 1.667e-01
60.062 12.193 1.345 5.650e+02 9.699e-02 3.916e-01 1.628e-01
56.663 12.201 1.314 6.556e+02 9.990e-02 3.855e-01 1.590e-01
53.456 12.208 1.283 7.617e+02 1.028e-01 3.800e-01 1.552e-01
50.431 12.214 1.253 8.860e+02 1.057e-01 3.750e-01 1.514e-01
47.577 12.220 1.222 1.032e+03 1.086e-01 3.711e-01 1.477e-01
44.885 12.224 1.192 1.203e+03 1.115e-01 3.669e-01 1.440e-01
42.345 12.227 1.162 1.403e+03 1.145e-01 3.628e-01 1.403e-01
39.948 12.230 1.133 1.638e+03 1.173e-01 3.596e-01 1.367e-01
37.688 12.232 1.103 1.915e+03 1.202e-01 3.565e-01 1.332e-01
35.555 12.234 1.075 2.240e+03 1.231e-01 3.539e-01 1.297e-01
33.543 12.235 1.046 2.621e+03 1.259e-01 3.511e-01 1.262e-01
31.645 12.236 1.018 3.068e+03 1.288e-01 3.487e-01 1.228e-01
29.854 12.238 0.991 3.592e+03 1.315e-01 3.470e-01 1.195e-01
28.164 12.239 0.965 4.202e+03 1.343e-01 3.448e-01 1.163e-01
26.571 12.240 0.939 4.908e+03 1.370e-01 3.425e-01 1.132e-01
25.067 12.241 0.914 5.725e+03 1.397e-01 3.405e-01 1.102e-01
23.648 12.242 0.890 6.670e+03 1.422e-01 3.388e-01 1.073e-01
22.310 12.243 0.866 7.760e+03 1.447e-01 3.376e-01 1.045e-01
21.047 12.242 0.844 9.018e+03 1.472e-01 3.359e-01 1.017e-01
19.856 12.241 0.821 1.047e+04 1.496e-01 3.352e-01 9.903e-02
18.733 12.239 0.799 1.216e+04 1.519e-01 3.352e-01 9.640e-02
17.673 12.235 0.778 1.412e+04 1.540e-01 3.355e-01 9.383e-02
16.672 12.230 0.756 1.642e+04 1.561e-01 3.372e-01 9.127e-02
15.729 12.222 0.735 1.916e+04 1.580e-01 3.393e-01 8.872e-02
14.839 12.212 0.713 2.248e+04 1.599e-01 3.428e-01 8.613e-02
13.999 12.200 0.690 2.660e+04 1.616e-01 3.476e-01 8.346e-02
13.207 12.187 0.667 3.177e+04 1.633e-01 3.530e-01 8.073e-02
12.459 12.175 0.644 3.805e+04 1.651e-01 3.581e-01 7.803e-02
11.754 12.166 0.622 4.551e+04 1.667e-01 3.629e-01 7.544e-02
11.089 12.159 0.601 5.432e+04 1.684e-01 3.670e-01 7.296e-02
10.462 12.154 0.581 6.476e+04 1.701e-01 3.706e-01 7.057e-02
9.870 12.151 0.562 7.712e+04 1.717e-01 3.736e-01 6.828e-02
9.311 12.151 0.544 9.169e+04 1.733e-01 3.763e-01 6.608e-02
8.784 12.152 0.527 1.088e+05 1.750e-01 3.778e-01 6.398e-02
8.287 12.156 0.510 1.289e+05 1.767e-01 3.791e-01 6.197e-02
7.818 12.162 0.495 1.523e+05 1.784e-01 3.796e-01 6.005e-02
7.376 12.170 0.480 1.795e+05 1.801e-01 3.795e-01 5.822e-02
6.958 12.180 0.466 2.111e+05 1.819e-01 3.788e-01 5.647e-02
6.564 12.191 0.453 2.475e+05 1.837e-01 3.770e-01 5.481e-02
6.193 12.205 0.440 2.894e+05 1.855e-01 3.754e-01 5.323e-02
5.843 12.219 0.428 3.373e+05 1.874e-01 3.725e-01 5.173e-02
5.512 12.235 0.417 3.919e+05 1.893e-01 3.694e-01 5.030e-02
5.200 12.251 0.406 4.539e+05 1.912e-01 3.654e-01 4.894e-02
4.906 12.269 0.396 5.240e+05 1.931e-01 3.617e-01 4.765e-02
4.628 12.287 0.386 6.031e+05 1.951e-01 3.573e-01 4.642e-02
4.366 12.305 0.377 6.919e+05 1.970e-01 3.527e-01 4.525e-02
4.119 12.323 0.369 7.915e+05 1.989e-01 3.479e-01 4.414e-02
3.886 12.340 0.360 9.029e+05 2.009e-01 3.427e-01 4.308e-02
3.666 12.357 0.352 1.027e+06 2.028e-01 3.378e-01 4.206e-02
3.459 12.374 0.344 1.167e+06 2.046e-01 3.336e-01 4.107e-02
3.263 12.389 0.337 1.322e+06 2.063e-01 3.292e-01 4.012e-02
3.078 12.402 0.329 1.497e+06 2.080e-01 3.249e-01 3.921e-02
2.904 12.414 0.322 1.693e+06 2.096e-01 3.215e-01 3.831e-02
2.740 12.424 0.315 1.916e+06 2.111e-01 3.186e-01 3.743e-02
2.585 12.432 0.308 2.168e+06 2.124e-01 3.165e-01 3.656e-02
2.438 12.437 0.301 2.456e+06 2.136e-01 3.149e-01 3.570e-02
2.300 12.440 0.294 2.788e+06 2.146e-01 3.145e-01 3.484e-02
2.170 12.441 0.286 3.173e+06 2.153e-01 3.154e-01 3.397e-02
2.047 12.438 0.279 3.621e+06 2.160e-01 3.168e-01 3.311e-02
1.932 12.433 0.272 4.146e+06 2.165e-01 3.195e-01 3.224e-02
1.822 12.426 0.264 4.762e+06 2.166e-01 3.237e-01 3.136e-02
1.719 12.416 0.256 5.488e+06 2.166e-01 3.287e-01 3.048e-02
1.622 12.404 0.249 6.346e+06 2.164e-01 3.350e-01 2.960e-02
1.530 12.390 0.241 7.359e+06 2.159e-01 3.424e-01 2.873e-02
1.443 12.374 0.234 8.559e+06 2.153e-01 3.508e-01 2.785e-02
1.362 12.357 0.226 9.983e+06 2.144e-01 3.605e-01 2.699e-02
1.285 12.338 0.218 1.167e+07 2.133e-01 3.711e-01 2.613e-02
1.212 12.319 0.211 1.369e+07 2.119e-01 3.831e-01 2.528e-02
1.143 12.299 0.204 1.609e+07 2.103e-01 3.962e-01 2.444e-02
1.079 12.278 0.196 1.895e+07 2.085e-01 4.101e-01 2.361e-02
1.018 12.257 0.189 2.237e+07 2.065e-01 4.251e-01 2.280e-02
0.960 12.237 0.182 2.646e+07 2.043e-01 4.416e-01 2.199e-02
0.906 12.216 0.176 3.135e+07 2.019e-01 4.585e-01 2.121e-02
