        0.065789      14.813160       0.625392       0.000000      19.053101     485.426230       0.995868       0.955320
        0.131579      14.503424       0.625392       0.000000      33.073181     478.053451       0.991946       0.914722
        0.197368      14.207416       0.625392       0.000000      45.058594     470.853645       0.988217       0.877788
        0.263158      13.928745       0.625392       0.000000      55.537476     463.809231       0.984665       0.844073
        0.328947      13.669335       0.625392       0.000000      64.815613     456.901742       0.981274       0.813141
        0.394737      13.429864       0.625392       0.000000      73.111389     450.112084       0.978028       0.784587
        0.460526      13.210133       0.625392       0.000000      80.594055     443.419279       0.974911       0.758048
        0.526316      13.009375       0.625392       0.000000      87.397827     436.803928       0.971909       0.733216
        0.592105      12.826476       0.625392       0.000000      93.629761     430.247260       0.969012       0.709840
        0.657895      12.660142       0.625392       0.000000      99.379211     423.733514       0.966210       0.687709
        0.723684      12.509012       0.625392       0.000000     104.720825     417.249059       0.963496       0.666653
        0.789474      12.371730       0.625392       0.000000     109.533081     410.749475       0.960862       0.646522
        0.855263      12.246997       0.625392       0.000000     113.859070     404.222406       0.958303       0.627206
        0.921053      12.133592       0.625392       0.000000     117.867004     397.681727       0.955817       0.608636
        0.986842      12.030389       0.625392       0.000000     121.627563     391.130405       0.953401       0.590755
        1.052632      11.936362       0.625392       0.000000     125.185303     384.568276       0.951056       0.573519
        1.118421      11.850580       0.625392       0.000000     128.575012     377.990221       0.948780       0.556890
        1.184211      11.772208       0.625392       0.000000     131.821899     371.400145       0.946572       0.540844
        1.250000      11.700495       0.625392       0.000000     134.943848     364.796392       0.944433       0.525370
        1.315789      11.634773       0.625392       0.000000     137.958008     358.178638       0.942362       0.510448
        1.381579      11.574444       0.625392       0.000000     140.875732     351.548379       0.940360       0.496069
        1.447368      11.518976       0.625392       0.000000     143.708252     344.904969       0.938425       0.482218
        1.513158      11.467893       0.625392       0.000000     146.461792     338.254252       0.936559       0.468890
        1.578947      11.420774       0.625392       0.000000     149.141174     331.593395       0.934761       0.456082
        1.644737      11.377242       0.625392       0.000000     151.751282     324.926446       0.933030       0.443781
        1.710526      11.336960       0.625392       0.000000     153.843872     318.249892       0.931296       0.431398
        1.776316      11.299629       0.625392       0.000000     152.585510     311.522805       0.929139       0.415473
        1.842105      11.264980       0.625392       0.000000     150.700806     304.762556       0.926976       0.399477
        1.907895      11.232773       0.625392       0.000000     148.549683     297.972742       0.924867       0.383901
        1.973684      11.202793       0.625392       0.000000     146.235413     291.164583       0.922829       0.368881
        2.039474      11.174848       0.625392       0.000000     143.814819     284.338052       0.920873       0.354499
        2.105263      11.148763       0.625392       0.000000     141.322144     277.501689       0.919002       0.340779
        2.171053      11.124383       0.625392       0.000000     138.785645     270.647781       0.917219       0.327737
        2.236842      11.101566       0.625392       0.000000     136.226135     263.785636       0.915522       0.315365
        2.302632      11.080187       0.625392       0.000000     133.663818     256.911063       0.913915       0.303682
        2.368421      11.060130       0.625392       0.000000     131.109131     250.082164       0.912394       0.292665
        2.434211      11.041292       0.625392       0.000000     128.522949     243.948074       0.911002       0.282652
        2.500000      11.023578       0.625392       0.000000     125.959900     238.121659       0.909693       0.273265
        2.565789      11.006902       0.625392       0.000000     123.439270     232.465256       0.908455       0.264418
        2.631579      10.991188       0.625392       0.000000     120.971863     226.953745       0.907276       0.256005
        2.697368      10.976364       0.625392       0.000000     118.565552     221.557011       0.906153       0.248016
        2.763158      10.962365       0.625392       0.000000     116.222961     216.269384       0.905080       0.240388
        2.828947      10.949134       0.625392       0.000000     113.946167     211.077197       0.904051       0.233080
        2.894737      10.936615       0.625392       0.000000     111.742554     205.976733       0.903070       0.226120
        2.960526      10.924760       0.625392       0.000000     109.608643     200.969178       0.902125       0.219423
        3.026316      10.913523       0.625392       0.000000     107.545410     196.049811       0.901219       0.213006
        3.092105      10.902863       0.625392       0.000000     105.551025     191.196805       0.900349       0.206857
        3.157895      10.892741       0.625392       0.000000     103.622314     186.429316       0.899509       0.200913
        3.223684      10.883123       0.625392       0.000000     101.774780     181.739178       0.898702       0.195203
        3.289474      10.873977       0.625392       0.000000     100.004272     177.129463       0.897924       0.189704
        3.355263      10.865271       0.625392       0.000000      98.299316     172.585379       0.897167       0.184352
        3.421053      10.856980       0.625392       0.000000      96.672852     168.101103       0.896438       0.179196
        3.486842      10.849077       0.625392       0.000000      95.114136     163.702494       0.895732       0.174196
        3.552631      10.841539       0.625392       0.000000      93.627319     159.351863       0.895050       0.169376
        3.618421      10.834344       0.625392       0.000000      92.200684     155.074430       0.894386       0.164672
        3.684211      10.827472       0.625392       0.000000      90.837891     150.855944       0.893742       0.160113
        3.750000      10.820904       0.625392       0.000000      89.533203     146.696059       0.893113       0.155655
        3.815789      10.814622       0.625392       0.000000      88.288452     142.596233       0.892505       0.151343
        3.881579      10.808611       0.625392       0.000000      87.104858     138.551379       0.891913       0.147149
        3.947368      10.802855       0.625392       0.000000      85.962280     134.557290       0.891330       0.143002
        4.013158      10.797340       0.625392       0.000000      84.849609     130.554304       0.890740       0.138793
        4.078948      10.792053       0.625392       0.000000      83.769897     126.567064       0.890150       0.134563
        4.144737      10.786981       0.625392       0.000000      82.727295     122.638613       0.889568       0.130387
        4.210526      10.782114       0.625392       0.000000      81.438843     119.181395       0.889055       0.126744
        4.276316      10.777441       0.625392       0.000000      80.082275     115.952256       0.888576       0.123353
        4.342105      10.772951       0.625392       0.000000      78.719360     112.812986       0.888117       0.120104
        4.407895      10.768635       0.625392       0.000000      77.363770     109.782345       0.887677       0.116996
        4.473684      10.764484       0.625392       0.000000      76.014648     106.799752       0.887245       0.113948
        4.539474      10.760491       0.625392       0.000000      74.679810     103.904624       0.886826       0.110985
        4.605263      10.756647       0.625392       0.000000      73.356567     101.062132       0.886418       0.108096
        4.671053      10.752945       0.625392       0.000000      72.053833      98.254618       0.886022       0.105299
        4.736842      10.749377       0.625392       0.000000      70.761597      95.518209       0.885637       0.102568
        4.802631      10.745939       0.625392       0.000000      69.486572      92.823501       0.885263       0.099924
        4.868421      10.742623       0.625392       0.000000      68.237671      90.191434       0.884900       0.097358
        4.934211      10.739424       0.625392       0.000000      66.982422      87.576274       0.884540       0.094802
        5.000000      10.736337       0.625392       0.000000      65.762573      85.035366       0.884197       0.092371
        5.065790      10.733356       0.625392       0.000000      64.535645      82.510312       0.883853       0.089929
        5.131579      10.730477       0.625392       0.000000      63.336914      80.032307       0.883521       0.087570
        5.197368      10.727695       0.625392       0.000000      62.154175      77.574545       0.883201       0.085303
        5.263158      10.725005       0.625392       0.000000      60.974609      75.169085       0.882885       0.083056
        5.328948      10.722405       0.625392       0.000000      59.805176      72.803193       0.882572       0.080835
        5.394737      10.719889       0.625392       0.000000      58.648438      70.459016       0.882269       0.078679
        5.460526      10.717455       0.625392       0.000000      57.508667      68.134904       0.881977       0.076597
        5.526316      10.715098       0.625392       0.000000      56.372070      65.850065       0.881687       0.074535
        5.592105      10.712816       0.625392       0.000000      55.240234      63.607935       0.881397       0.072466
        5.657895      10.710606       0.625392       0.000000      54.125244      61.366605       0.881121       0.070494
        5.723684      10.708464       0.625392       0.000000      53.015991      59.169298       0.880848       0.068547
        5.789474      10.706387       0.625392       0.000000      51.921875      56.983992       0.880584       0.066663
        5.855263      10.704374       0.625392       0.000000      50.821899      54.853896       0.880320       0.064777
        5.921053      10.702422       0.625392       0.000000      49.737183      52.723827       0.880061       0.062928
        5.986842      10.700527       0.625392       0.000000      48.658447      50.607915       0.879810       0.061134
        6.052631      10.698689       0.625392       0.000000      47.587402      48.528510       0.879565       0.059379
        6.118421      10.696904       0.625392       0.000305      46.500122      46.510322       0.879327       0.057678
        6.184211      10.695171       0.625392       0.003113      45.058472      45.061823       0.879086       0.055947
        6.250000      10.693488       0.625392       0.006042      43.644775      43.638021       0.878822       0.054038
        6.315790      10.691852       0.625392       0.009216      42.240479      42.250426       0.878552       0.052073
        6.381579      10.690263       0.625392       0.012390      40.855103      40.893914       0.878276       0.050063
        6.447368      10.688717       0.625392       0.015564      39.495972      39.492524       0.878002       0.048061
        6.513158      10.687215       0.625392       0.018738      38.153442      38.152867       0.877731       0.046081
        6.578948      10.685754       0.625392       0.022034      36.808594      36.813362       0.877458       0.044080
        6.644737      10.684332       0.625392       0.025208      35.526978      35.525717       0.877184       0.042069
        6.710526      10.682949       0.625392       0.028503      34.330322      34.362746       0.876902       0.039994
        6.776316      10.681603       0.625392       0.031677      33.226196      33.230948       0.876635       0.038030
        6.842105      10.680292       0.625392       0.034973      32.131104      32.146230       0.876357       0.035982
        6.907895      10.679016       0.625392       0.038147      31.089844      31.093545       0.876097       0.034070
        6.973684      10.677772       0.625392       0.041321      30.073608      30.083986       0.875834       0.032136
        7.039473      10.676561       0.625392       0.044861      29.140869      29.133176       0.875539       0.029946
        7.105263      10.675381       0.625392       0.048645      28.242065      28.249765       0.875224       0.027598
        7.171053      10.674231       0.625392       0.052551      27.410034      27.414753       0.874909       0.025249
        7.236842      10.673109       0.625392       0.056580      26.595215      26.604858       0.874594       0.022896
        7.302632      10.672016       0.625392       0.060608      25.825562      25.846804       0.874280       0.020547
        7.368421      10.670950       0.625392       0.064636      25.093018      25.071735       0.873979       0.018305
        7.434211      10.669909       0.625392       0.068787      24.355957      24.388339       0.873670       0.015994
        7.500000      10.668895       0.625392       0.072693      23.650269      23.621341       0.873363       0.013691
