        0.064725       0.984375       0.013672       0.003788       0.000000       0.000000       0.000000       0.000000       0.000000       0.000000       0.000000       0.000000       0.000000       0.000000       0.000000       0.000000
        0.129450       0.984375       0.013672       0.011076       0.000000       0.000000       0.000000       0.000000       0.000000       0.000000       0.000000       0.000000       0.000000       0.000000       0.000000       0.000000
        0.194175       0.976562       0.020508       0.018787       0.000000       0.000000       0.000000       0.000000       0.000000       0.000000       0.000000       0.000000       0.000000       0.000000       0.000000       0.000000
        0.258900       0.976562       0.025635       0.026422       0.000000       0.000000       0.000000       0.000000       0.000000       0.000000       0.000000       0.000000       0.000000       0.000000       0.000000       0.000000
        0.323625       0.968750       0.030762       0.032241       0.000000       0.000000       0.000000       0.000000       0.000000       0.000000       0.000000       0.000000       0.000000       0.000000       0.000000       0.000000
        0.388350       0.964844       0.036530       0.036587       0.000000       0.000000       0.000000       0.000000       0.000000       0.000000       0.000000       0.000000       0.000000       0.000000       0.000000       0.000000
        0.453074       0.958984       0.040375       0.039704       0.000000       0.000000       0.000000       0.000000       0.000000       0.000000       0.000000       0.000000       0.000000       0.000000       0.000000       0.000000
        0.517799       0.957031       0.042297       0.042444       0.000000       0.000000       0.000000       0.000000       0.000000       0.000000       0.000000       0.000000       0.000000       0.000000       0.000000       0.000000
        0.582524       0.955078       0.044220       0.044348       0.000000       0.000000       0.000000       0.000000       0.000000       0.000000       0.000000       0.000000       0.000000       0.000000       0.000000       0.000000
        0.647249       0.953125       0.046143       0.045659       0.000000       0.000000       0.000000       0.000000       0.000000       0.000000       0.000000       0.000000       0.000000       0.000000       0.000000       0.000000
        0.711974       0.953125       0.047424       0.046950       0.000000       0.000000       0.000000       0.000000       0.000000       0.000000       0.000000       0.000000       0.000000       0.000000       0.000000       0.000000
        0.776699       0.951172       0.048065       0.048051       0.000847       0.000000       0.000000       0.000000       0.000000       0.000000       0.000000       0.000000       0.000000       0.000000       0.000000       0.000000
        0.841424       0.950195       0.050388       0.048608       0.002095       0.000000       0.000000       0.000000       0.000000       0.000000       0.000000       0.000000       0.000000       0.000000       0.000000       0.000000
        0.906149       0.947266       0.052631       0.049163       0.003492       0.000000       0.000000       0.000000       0.000000       0.000000       0.000000       0.000000       0.000000       0.000000       0.000000       0.000000
        0.970874       0.945312       0.055328       0.049719       0.004944       0.000000       0.000000       0.000000       0.000000       0.000000       0.000000       0.000000       0.000000       0.000000       0.000000       0.000000
        1.035599       0.942871       0.057017       0.050456       0.006499       0.000000       0.000000       0.000000       0.000000       0.000000       0.000000       0.000000       0.000000       0.000000       0.000000       0.000000
        1.100324       0.940430       0.059454       0.051143       0.008028       0.000000       0.000000       0.000000       0.000000       0.000000       0.000000       0.000000       0.000000       0.000000       0.000000       0.000000
        1.165049       0.938477       0.061403       0.052149       0.009721       0.000000       0.000000       0.000000       0.000000       0.000000       0.000000       0.000000       0.000000       0.000000       0.000000       0.000000
        1.229774       0.935547       0.064327       0.052822       0.011205       0.000000       0.000000       0.000000       0.000000       0.000000       0.000000       0.000000       0.000000       0.000000       0.000000       0.000000
        1.294498       0.933594       0.066730       0.053873       0.012893       0.000000       0.000000       0.000000       0.000000       0.000000       0.000000       0.000000       0.000000       0.000000       0.000000       0.000000
        1.359223       0.930664       0.069201       0.054854       0.014520       0.000000       0.000000       0.000000       0.000000       0.000000       0.000000       0.000000       0.000000       0.000000       0.000000       0.000000
        1.423948       0.927734       0.072124       0.055738       0.016060       0.000000       0.000000       0.000000       0.000000       0.000000       0.000000       0.000000       0.000000       0.000000       0.000000       0.000000
        1.488673       0.925781       0.074581       0.056963       0.017805       0.000000       0.000000       0.000000       0.000000       0.000000       0.000000       0.000000       0.000000       0.000000       0.000000       0.000000
        1.553398       0.922852       0.077525       0.057908       0.019341       0.000000       0.000000       0.000000       0.000000       0.000000       0.000000       0.000000       0.000000       0.000000       0.000000       0.000000
        1.618123       0.919922       0.079922       0.059049       0.020992       0.000000       0.000000       0.000000       0.000000       0.000000       0.000000       0.000000       0.000000       0.000000       0.000000       0.000000
        1.682848       0.916992       0.082846       0.060002       0.022489       0.000000       0.000000       0.000000       0.000000       0.000000       0.000000       0.000000       0.000000       0.000000       0.000000       0.000000
        1.747573       0.914551       0.085282       0.061191       0.024138       0.000000       0.000000       0.000000       0.000000       0.000000       0.000000       0.000000       0.000000       0.000000       0.000000       0.000000
        1.812298       0.912109       0.088019       0.062247       0.025671       0.000000       0.000000       0.000000       0.000000       0.000000       0.000000       0.000000       0.000000       0.000000       0.000000       0.000000
        1.877023       0.909180       0.090643       0.063216       0.027120       0.000000       0.000000       0.000000       0.000000       0.000000       0.000000       0.000000       0.000000       0.000000       0.000000       0.000000
        1.941748       0.906738       0.093080       0.064292       0.028632       0.000000       0.000000       0.000000       0.000000       0.000000       0.000000       0.000000       0.000000       0.000000       0.000000       0.000000
        2.006473       0.904297       0.095516       0.065312       0.030085       0.000000       0.000000       0.000000       0.000000       0.000000       0.000000       0.000000       0.000000       0.000000       0.000000       0.000000
        2.071197       0.902344       0.097799       0.066423       0.031592       0.000000       0.000000       0.000000       0.000000       0.000000       0.000000       0.000000       0.000000       0.000000       0.000000       0.000000
        2.135922       0.896729       0.101305       0.066701       0.032430       0.000000       0.000000       0.000000       0.000000       0.000000       0.000000       0.000000       0.000000       0.000000       0.002051       0.000000
        2.200647       0.878174       0.108888       0.064562       0.031337       0.000000       0.000000       0.000000       0.000000       0.000000       0.000000       0.000000       0.000000       0.000000       0.012989       0.000000
        2.265372       0.858154       0.116843       0.062115       0.029969       0.000000       0.000000       0.000000       0.000000       0.000000       0.000000       0.000000       0.000000       0.000000       0.024927       0.000000
        2.330097       0.838623       0.124657       0.059577       0.028499       0.000000       0.000000       0.000000       0.000000       0.000000       0.000000       0.000000       0.000000       0.000000       0.036818       0.000000
        2.394822       0.819824       0.132251       0.057059       0.027021       0.000000       0.000000       0.000000       0.000000       0.000000       0.000000       0.000000       0.000000       0.000000       0.048045       0.000000
        2.459547       0.801758       0.139413       0.054634       0.025591       0.000000       0.000000       0.000000       0.000000       0.000000       0.000000       0.000000       0.000000       0.000000       0.059021       0.000000
        2.524272       0.784424       0.146077       0.052307       0.024217       0.000000       0.000000       0.000000       0.000000       0.000000       0.000000       0.000000       0.000000       0.000000       0.069619       0.000000
        2.588997       0.767822       0.152466       0.050049       0.022878       0.000000       0.000000       0.000000       0.000000       0.000000       0.000000       0.000000       0.000000       0.000000       0.079466       0.000000
        2.653722       0.751953       0.158118       0.047893       0.021601       0.001429       0.000000       0.000000       0.000000       0.000000       0.000000       0.000000       0.000000       0.000000       0.088496       0.000000
        2.718447       0.735596       0.162445       0.045842       0.020390       0.005833       0.000000       0.000000       0.000000       0.000000       0.000000       0.000000       0.000000       0.000000       0.096359       0.000000
        2.783172       0.719482       0.166352       0.043837       0.019201       0.011146       0.000000       0.000000       0.000000       0.000000       0.000000       0.000000       0.000000       0.000000       0.103133       0.000000
        2.847897       0.703979       0.169601       0.041976       0.018110       0.016863       0.000000       0.000000       0.000000       0.000000       0.000000       0.000000       0.000000       0.000000       0.109634       0.000000
        2.912621       0.689331       0.172552       0.040200       0.017071       0.022764       0.000000       0.000000       0.000000       0.000000       0.000000       0.000000       0.000000       0.000000       0.115441       0.000000
        2.977346       0.675049       0.175209       0.038498       0.016079       0.028831       0.000000       0.000000       0.000000       0.000000       0.000000       0.000000       0.000000       0.000000       0.120805       0.000000
        3.042071       0.661621       0.177750       0.036867       0.015132       0.035033       0.000000       0.000000       0.000000       0.000000       0.000000       0.000000       0.000000       0.000000       0.125782       0.000000
        3.106796       0.648560       0.179882       0.035325       0.014244       0.041133       0.000000       0.000000       0.000000       0.000000       0.000000       0.000000       0.000000       0.000000       0.130306       0.000000
        3.171521       0.635986       0.181962       0.033854       0.013400       0.047408       0.000000       0.000000       0.000000       0.000000       0.000000       0.000000       0.000000       0.000000       0.134605       0.000000
        3.236246       0.624146       0.183706       0.032471       0.012616       0.053495       0.000000       0.000000       0.000000       0.000000       0.000000       0.000000       0.000000       0.000000       0.138675       0.000000
        3.300971       0.612915       0.185392       0.031148       0.011869       0.059482       0.000000       0.000000       0.000000       0.000000       0.000000       0.000000       0.000000       0.000000       0.142235       0.000000
        3.365696       0.601929       0.186827       0.029899       0.011171       0.065456       0.000000       0.000000       0.000000       0.000000       0.000000       0.000000       0.000000       0.000000       0.145707       0.000000
        3.430421       0.591492       0.188147       0.028705       0.010509       0.071376       0.000000       0.000000       0.000000       0.000000       0.000000       0.000000       0.000000       0.000000       0.149031       0.000000
        3.495146       0.581543       0.189422       0.027563       0.009879       0.077197       0.000000       0.000000       0.000000       0.000000       0.000000       0.000000       0.000000       0.000000       0.151968       0.000000
        3.559871       0.571899       0.190495       0.026481       0.009288       0.082891       0.000000       0.000000       0.000000       0.000000       0.000000       0.000000       0.000000       0.000000       0.154724       0.000000
        3.624596       0.562744       0.191486       0.025457       0.008735       0.088460       0.000000       0.000000       0.000000       0.000000       0.000000       0.000000       0.000000       0.000000       0.157359       0.000000
        3.689321       0.554016       0.192355       0.024480       0.008211       0.093875       0.000000       0.000000       0.000000       0.000000       0.000000       0.000000       0.000000       0.000000       0.159814       0.000000
        3.754045       0.545410       0.193154       0.023551       0.007719       0.099260       0.000000       0.000000       0.000000       0.000000       0.000000       0.000000       0.000000       0.000000       0.162028       0.000000
        3.818770       0.537354       0.193908       0.022661       0.007251       0.104488       0.000000       0.000000       0.000000       0.000000       0.000000       0.000000       0.000000       0.000000       0.164106       0.000000
        3.883495       0.529663       0.194720       0.021798       0.006800       0.109676       0.000000       0.000000       0.000000       0.000000       0.000000       0.000000       0.000000       0.000000       0.165960       0.000000
        3.948220       0.522095       0.195250       0.020998       0.006389       0.114669       0.000000       0.000000       0.000000       0.000000       0.000000       0.000000       0.000000       0.000000       0.167852       0.000000
        4.012945       0.514893       0.195861       0.020220       0.005992       0.119663       0.000000       0.000000       0.000000       0.000000       0.000000       0.000000       0.000000       0.000000       0.169575       0.000000
        4.077670       0.507812       0.196301       0.019492       0.005627       0.124515       0.000000       0.000000       0.000000       0.000000       0.000000       0.000000       0.000000       0.000000       0.171260       0.000000
        4.142395       0.501160       0.196823       0.018783       0.005273       0.129276       0.000000       0.000000       0.000000       0.000000       0.000000       0.000000       0.000000       0.000000       0.172735       0.000000
        4.207120       0.494751       0.197193       0.018121       0.004949       0.133842       0.000000       0.000000       0.000000       0.000000       0.000000       0.000000       0.000000       0.000000       0.174187       0.000000
        4.271845       0.488647       0.197609       0.017481       0.004637       0.138339       0.000000       0.000000       0.000000       0.000000       0.000000       0.000000       0.000000       0.000000       0.175527       0.000000
        4.336570       0.482605       0.197955       0.016868       0.004343       0.142731       0.000000       0.000000       0.000000       0.000000       0.000000       0.000000       0.000000       0.000000       0.176686       0.000000
        4.401295       0.476807       0.198217       0.016285       0.004067       0.146993       0.000000       0.000000       0.000000       0.000000       0.000000       0.000000       0.000000       0.000000       0.177864       0.000000
        4.466020       0.471252       0.198571       0.015721       0.003803       0.151259       0.000000       0.000000       0.000000       0.000000       0.000000       0.000000       0.000000       0.000000       0.178915       0.000000
        4.530744       0.465698       0.198773       0.015187       0.003557       0.155460       0.000000       0.000000       0.000000       0.000000       0.000000       0.000000       0.000000       0.000000       0.179985       0.000000
        4.595469       0.460571       0.199010       0.014680       0.003327       0.159476       0.000000       0.000000       0.000000       0.000000       0.000000       0.000000       0.000000       0.000000       0.181016       0.000000
        4.660194       0.455566       0.199228       0.014190       0.003107       0.163363       0.000000       0.000000       0.000000       0.000000       0.000000       0.000000       0.000000       0.000000       0.181867       0.000000
        4.724919       0.450745       0.199350       0.013733       0.002907       0.167135       0.000000       0.000000       0.000000       0.000000       0.000000       0.000000       0.000000       0.000000       0.182821       0.000000
        4.789644       0.445984       0.199539       0.013279       0.002709       0.170928       0.000000       0.000000       0.000000       0.000000       0.000000       0.000000       0.000000       0.000000       0.183551       0.000000
        4.854369       0.441467       0.199734       0.012844       0.002522       0.174588       0.000000       0.000000       0.000000       0.000000       0.000000       0.000000       0.000000       0.000000       0.184235       0.000000
        4.919094       0.437012       0.199824       0.012437       0.002352       0.178196       0.000000       0.000000       0.000000       0.000000       0.000000       0.000000       0.000000       0.000000       0.185034       0.000000
        4.983819       0.432800       0.199925       0.012050       0.002192       0.181637       0.000000       0.000000       0.000000       0.000000       0.000000       0.000000       0.000000       0.000000       0.185741       0.000000
        5.048544       0.428589       0.200067       0.011661       0.002032       0.185090       0.000000       0.000000       0.000000       0.000000       0.000000       0.000000       0.000000       0.000000       0.186271       0.000000
        5.113269       0.424561       0.200125       0.011304       0.001891       0.188454       0.000000       0.000000       0.000000       0.000000       0.000000       0.000000       0.000000       0.000000       0.186957       0.000000
        5.177993       0.420654       0.200246       0.010951       0.001751       0.191717       0.000000       0.000000       0.000000       0.000000       0.000000       0.000000       0.000000       0.000000       0.187427       0.000000
        5.242719       0.416870       0.200309       0.010617       0.001622       0.194880       0.000000       0.000000       0.000000       0.000000       0.000000       0.000000       0.000000       0.000000       0.187978       0.000121
        5.307444       0.413269       0.200543       0.010278       0.001492       0.197930       0.000000       0.000000       0.000000       0.000000       0.000000       0.000000       0.000000       0.000000       0.188296       0.000357
        5.372168       0.410034       0.201144       0.009918       0.001351       0.200564       0.000000       0.000000       0.000000       0.000000       0.000000       0.000000       0.000000       0.000000       0.188269       0.001530
        5.436893       0.406860       0.201846       0.009560       0.001213       0.203143       0.000000       0.000000       0.000000       0.000000       0.000000       0.000000       0.000000       0.000064       0.188093       0.002906
        5.501618       0.403503       0.202224       0.009232       0.001091       0.205543       0.000000       0.000000       0.000000       0.000000       0.000000       0.000000       0.000000       0.000723       0.187996       0.004021
        5.566343       0.399963       0.202719       0.008887       0.000963       0.207968       0.000000       0.000000       0.000000       0.000000       0.000000       0.000000       0.000000       0.001771       0.187527       0.005337
        5.631068       0.396606       0.203016       0.008580       0.000856       0.210189       0.000000       0.000000       0.000000       0.000000       0.000000       0.000000       0.000000       0.002982       0.187283       0.006398
        5.695793       0.393188       0.203388       0.008266       0.000747       0.212319       0.000000       0.000000       0.000000       0.000000       0.000000       0.000000       0.000000       0.004364       0.186730       0.007657
        5.760518       0.389709       0.203641       0.007967       0.000648       0.214430       0.000000       0.000000       0.000000       0.000000       0.000000       0.000000       0.000000       0.005889       0.186244       0.008888
        5.825243       0.386475       0.204000       0.007675       0.000555       0.216454       0.000000       0.000000       0.000000       0.000000       0.000000       0.000000       0.000000       0.007476       0.185685       0.010091
        5.889968       0.383118       0.204194       0.007401       0.000471       0.218361       0.000000       0.000000       0.000000       0.000000       0.000000       0.000000       0.000000       0.009129       0.185112       0.011268
        5.954693       0.379883       0.204337       0.007145       0.000397       0.220283       0.000000       0.000000       0.000000       0.000000       0.000000       0.000000       0.000000       0.010817       0.184629       0.012207
        6.019418       0.376587       0.204557       0.006881       0.000324       0.222272       0.000000       0.000000       0.000000       0.000000       0.000000       0.000000       0.000000       0.012622       0.183978       0.013336
        6.084143       0.373474       0.204642       0.006647       0.000264       0.224040       0.000000       0.000000       0.000000       0.000000       0.000000       0.000000       0.000000       0.014363       0.183490       0.014233
        6.148868       0.370300       0.204670       0.006420       0.000209       0.225854       0.000000       0.000000       0.000000       0.000000       0.000000       0.000000       0.000000       0.016157       0.182969       0.015111
        6.213592       0.367371       0.204879       0.006191       0.000157       0.227510       0.000000       0.000000       0.000000       0.000000       0.000000       0.000000       0.000000       0.017950       0.182335       0.016174
        6.278317       0.364319       0.204849       0.005983       0.000115       0.229188       0.000000       0.000000       0.000000       0.000000       0.000000       0.000000       0.000000       0.019722       0.181777       0.017014
        6.343042       0.361389       0.204906       0.005777       0.000077       0.230904       0.000000       0.000000       0.000000       0.000000       0.000000       0.000000       0.000000       0.021521       0.181190       0.017837
        6.407767       0.358521       0.204936       0.005581       0.000046       0.232546       0.000000       0.000000       0.000000       0.000000       0.000000       0.000000       0.000000       0.023339       0.180677       0.018643
        6.472492       0.355652       0.205026       0.005384       0.000020       0.234132       0.000000       0.000000       0.000000       0.000000       0.000000       0.000000       0.000000       0.025167       0.179990       0.019629
        6.537217       0.352844       0.205021       0.005203       0.000004       0.235778       0.000000       0.000000       0.000000       0.000000       0.000000       0.000000       0.000000       0.026997       0.179481       0.020401
        6.601942       0.350281       0.205070       0.005031       0.000000       0.237165       0.000000       0.000000       0.000000       0.000000       0.000000       0.000000       0.000000       0.028673       0.178873       0.021159
        6.666667       0.347595       0.205011       0.004865       0.000000       0.238564       0.000000       0.000000       0.000000       0.000000       0.000000       0.000000       0.000000       0.030392       0.178297       0.021902
        6.731392       0.344971       0.204927       0.004709       0.000000       0.240155       0.000000       0.000000       0.000000       0.000000       0.000000       0.000000       0.000000       0.032150       0.177863       0.022442
        6.796117       0.342407       0.204956       0.004549       0.000000       0.241584       0.000000       0.000000       0.000000       0.000000       0.000000       0.000000       0.000000       0.033850       0.177169       0.023158
        6.860841       0.340027       0.204922       0.004405       0.000000       0.242844       0.000000       0.000000       0.000000       0.000000       0.000000       0.000000       0.000000       0.035498       0.176714       0.023861
        6.925566       0.337524       0.204921       0.004257       0.000000       0.244319       0.000000       0.000000       0.000000       0.000000       0.000000       0.000000       0.000000       0.037210       0.176094       0.024551
        6.990291       0.335205       0.204786       0.004129       0.000000       0.245562       0.000000       0.000000       0.000000       0.000000       0.000000       0.000000       0.000000       0.038775       0.175679       0.025047
        7.055017       0.332825       0.204736       0.003996       0.000000       0.246815       0.000000       0.000000       0.000000       0.000000       0.000000       0.000000       0.000000       0.040387       0.175078       0.025713
        7.119742       0.330627       0.204695       0.003872       0.000000       0.248074       0.000000       0.000000       0.000000       0.000000       0.000000       0.000000       0.000000       0.041934       0.174584       0.026190
        7.184466       0.328308       0.204543       0.003753       0.000000       0.249496       0.000000       0.000000       0.000000       0.000000       0.000000       0.000000       0.000000       0.043567       0.174205       0.026658
        7.249191       0.326172       0.204546       0.003635       0.000000       0.250645       0.000000       0.000000       0.000000       0.000000       0.000000       0.000000       0.000000       0.045082       0.173628       0.027291
        7.313916       0.323914       0.204437       0.003519       0.000000       0.251890       0.000000       0.000000       0.000000       0.000000       0.000000       0.000000       0.000000       0.046627       0.173076       0.027914
        7.378641       0.321960       0.204449       0.003412       0.000000       0.252978       0.000000       0.000000       0.000000       0.000000       0.000000       0.000000       0.000000       0.048083       0.172601       0.028355
        7.443366       0.319885       0.204420       0.003304       0.000000       0.254170       0.000000       0.000000       0.000000       0.000000       0.000000       0.000000       0.000000       0.049588       0.172073       0.028957
        7.508091       0.317871       0.204152       0.003216       0.000000       0.255214       0.000000       0.000000       0.000000       0.000000       0.000000       0.000000       0.000000       0.050945       0.171779       0.029213
        7.572816       0.315979       0.204206       0.003114       0.000000       0.256265       0.000000       0.000000       0.000000       0.000000       0.000000       0.000000       0.000000       0.052371       0.171221       0.029798
        7.637540       0.313904       0.203983       0.003024       0.000000       0.257297       0.000000       0.000000       0.000000       0.000000       0.000000       0.000000       0.000177       0.053758       0.170779       0.030373
        7.702265       0.311707       0.203791       0.002926       0.000000       0.258266       0.000000       0.000000       0.000000       0.000000       0.000000       0.000000       0.000755       0.055278       0.170304       0.031266
        7.766990       0.309448       0.203353       0.002842       0.000000       0.259096       0.000000       0.000000       0.000000       0.000000       0.000000       0.000000       0.001470       0.056673       0.169934       0.031982
