  density  pressure  energy
   0.100000E-01   0.192901E-01   0.940647E+01
   0.200000E-01   0.588712E-01   0.188505E+02
   0.300000E-01   0.100656E+00   0.282878E+02
   0.400000E-01   0.137904E+00   0.379569E+02
   0.500000E-01   0.161353E+00   0.473583E+02
   0.600000E-01   0.174318E+00   0.569633E+02
   0.700000E-01   0.192539E+00   0.663492E+02
   0.800000E-01   0.233754E+00   0.758612E+02
   0.900000E-01   0.304029E+00   0.853742E+02
   0.100000E+00   0.415903E+00   0.948907E+02
   0.110000E+00   0.588228E+00   0.104564E+03
   0.120000E+00   0.823318E+00   0.114000E+03
   0.130000E+00   0.112262E+01   0.123720E+03
   0.140000E+00   0.149342E+01   0.133261E+03
   0.150000E+00   0.195190E+01   0.142970E+03
   0.160000E+00   0.248970E+01   0.152573E+03
   0.170000E+00   0.311824E+01   0.162278E+03
   0.180000E+00   0.384908E+01   0.172044E+03
   0.190000E+00   0.466124E+01   0.181818E+03
   0.200000E+00   0.559382E+01   0.191754E+03
   0.210000E+00   0.660986E+01   0.201554E+03
   0.220000E+00   0.773162E+01   0.211476E+03
   0.230000E+00   0.899181E+01   0.221600E+03
   0.240000E+00   0.103351E+02   0.231642E+03
   0.250000E+00   0.117852E+02   0.241634E+03
   0.260000E+00   0.133515E+02   0.251781E+03
   0.270000E+00   0.150504E+02   0.262026E+03
   0.280000E+00   0.168703E+02   0.272400E+03
   0.290000E+00   0.187737E+02   0.282662E+03
   0.300000E+00   0.208177E+02   0.293097E+03
   0.310000E+00   0.229751E+02   0.303597E+03
   0.320000E+00   0.252809E+02   0.314297E+03
   0.330000E+00   0.274777E+02   0.324905E+03
   0.340000E+00   0.289781E+02   0.335542E+03
   0.350000E+00   0.304493E+02   0.346318E+03
   0.360000E+00   0.319690E+02   0.357149E+03
   0.370000E+00   0.335486E+02   0.367924E+03
   0.380000E+00   0.352174E+02   0.378804E+03
   0.390000E+00   0.369868E+02   0.389752E+03
   0.400000E+00   0.388517E+02   0.400712E+03
   0.410000E+00   0.407181E+02   0.411715E+03
   0.420000E+00   0.424810E+02   0.422809E+03
   0.430000E+00   0.442666E+02   0.433932E+03
   0.440000E+00   0.460836E+02   0.445103E+03
   0.450000E+00   0.479277E+02   0.456174E+03
   0.460000E+00   0.498458E+02   0.467381E+03
   0.470000E+00   0.518318E+02   0.478702E+03
   0.480000E+00   0.538595E+02   0.489928E+03
   0.490000E+00   0.559684E+02   0.501437E+03
   0.500000E+00   0.581261E+02   0.512844E+03
   0.510000E+00   0.603178E+02   0.524167E+03
   0.520000E+00   0.625892E+02   0.535674E+03
   0.530000E+00   0.649459E+02   0.547313E+03
   0.540000E+00   0.673321E+02   0.558894E+03
   0.550000E+00   0.697895E+02   0.570530E+03
   0.560000E+00   0.722893E+02   0.582188E+03
   0.570000E+00   0.748534E+02   0.593847E+03
   0.580000E+00   0.774722E+02   0.605630E+03
   0.590000E+00   0.801401E+02   0.617375E+03
   0.600000E+00   0.828681E+02   0.629212E+03
   0.610000E+00   0.856438E+02   0.641073E+03
   0.620000E+00   0.884901E+02   0.653081E+03
   0.630000E+00   0.913891E+02   0.665153E+03
   0.640000E+00   0.943342E+02   0.677223E+03
   0.650000E+00   0.973249E+02   0.689266E+03
   0.660000E+00   0.100362E+03   0.701369E+03
   0.670000E+00   0.103431E+03   0.713485E+03
   0.680000E+00   0.106576E+03   0.725691E+03
   0.690000E+00   0.109752E+03   0.737984E+03
   0.700000E+00   0.113005E+03   0.750459E+03
   0.710000E+00   0.116286E+03   0.762838E+03
   0.720000E+00   0.119592E+03   0.775172E+03
   0.730000E+00   0.122945E+03   0.787571E+03
   0.740000E+00   0.126365E+03   0.800127E+03
   0.750000E+00   0.129822E+03   0.812664E+03
   0.760000E+00   0.133320E+03   0.825337E+03
   0.770000E+00   0.136846E+03   0.837919E+03
   0.780000E+00   0.140439E+03   0.850675E+03
   0.790000E+00   0.144062E+03   0.863485E+03
   0.800000E+00   0.147708E+03   0.876241E+03
   0.810000E+00   0.151409E+03   0.889125E+03
   0.820000E+00   0.155141E+03   0.902009E+03
   0.830000E+00   0.158868E+03   0.914836E+03
   0.840000E+00   0.162621E+03   0.927797E+03
   0.850000E+00   0.166344E+03   0.940732E+03
   0.860000E+00   0.170096E+03   0.953981E+03
   0.870000E+00   0.173779E+03   0.966919E+03
   0.880000E+00   0.177517E+03   0.980023E+03
   0.890000E+00   0.181317E+03   0.993367E+03
   0.900000E+00   0.185123E+03   0.100663E+04
   0.910000E+00   0.188888E+03   0.101979E+04
   0.920000E+00   0.192712E+03   0.103305E+04
   0.930000E+00   0.196624E+03   0.104669E+04
   0.940000E+00   0.200438E+03   0.105985E+04
   0.950000E+00   0.204368E+03   0.107336E+04
   0.960000E+00   0.208273E+03   0.108673E+04
   0.970000E+00   0.212258E+03   0.110024E+04
   0.980000E+00   0.216267E+03   0.111385E+04
   0.990000E+00   0.220305E+03   0.112753E+04
   0.100000E+01   0.224389E+03   0.114133E+04
   0.101000E+01   0.228488E+03   0.115520E+04
   0.102000E+01   0.232592E+03   0.116870E+04
   0.103000E+01   0.236689E+03   0.118230E+04
   0.104000E+01   0.240924E+03   0.119636E+04
   0.105000E+01   0.245180E+03   0.121031E+04
   0.106000E+01   0.249321E+03   0.122391E+04
   0.107000E+01   0.253685E+03   0.123822E+04
   0.108000E+01   0.257836E+03   0.125173E+04
   0.109000E+01   0.262188E+03   0.126580E+04
   0.110000E+01   0.266530E+03   0.127974E+04
   0.111000E+01   0.271046E+03   0.129434E+04
   0.112000E+01   0.275311E+03   0.130811E+04
   0.113000E+01   0.279875E+03   0.132269E+04
   0.114000E+01   0.284266E+03   0.133659E+04
   0.115000E+01   0.288854E+03   0.135117E+04
   0.116000E+01   0.293210E+03   0.136494E+04
   0.117000E+01   0.297773E+03   0.137929E+04
   0.118000E+01   0.302343E+03   0.139378E+04
   0.119000E+01   0.306821E+03   0.140852E+04
   0.120000E+01   0.311216E+03   0.142290E+04
