   9.9999997764825821E-003   16768914373286.059       0.20974682656031787        67.312539999999998     
   1.9999999552965164E-002   33604783775876.969       0.15861325842614005        56.969420000000000     
   2.9999999329447746E-002   50428592586894.359       0.13837496242335962        49.876339999999999     
   3.9999999105930328E-002   67665776410849.531       0.13021414215634863        46.339820000000003     
   4.9999997019767761E-002   84425559034283.078       0.12728374666450709        45.157470000000004     
   5.9999998658895493E-002   101548391819942.73       0.12628916339933419        44.864269999999998     
   7.0000000298023224E-002   118280727224510.61       0.12535404851319226        44.747419999999998     
   7.9999998211860657E-002   135237785341506.11       0.12336778284058168        44.741970000000002     
   8.9999996125698090E-002   152196588142416.50       0.11923506776966354        44.498609999999999     
   9.9999994039535522E-002   169161582715178.12       0.11105118097433772        42.785739999999997     
  0.10999999940395355        186406023681800.62        9.8696176623281201E-002   37.191589999999998     
  0.11999999731779099        203227419632084.62        9.2085682646511555E-002   28.284260000000000     
  0.12999999523162842        220556377542057.66        9.8596521181211164E-002   21.053999999999998     
  0.14000000059604645        237564595730787.88       0.11519978857690043        16.864190000000001     
  0.14999999105930328        254873255913852.91       0.13930029736800587        14.547760000000000     
  0.15999999642372131        271991738126005.62       0.16859711735012786        13.282330000000000     
  0.17000000178813934        289292498974238.88       0.20252601082579372        12.558000000000000     
  0.17999999225139618        306702989304439.88       0.24083476351226749        12.136699999999999     
  0.18999999761581421        324126397719798.06       0.28166227354923912        11.903510000000001     
  0.19999998807907104        341839200939425.56       0.32627542526974335        11.776980000000000     
  0.20999999344348907        359310539905229.19       0.37232108368589434        11.722000000000000     
  0.21999999880790710        376998368160219.38       0.42028974350301057        11.710330000000001     
  0.22999998927116394        395047130684177.25       0.47096687720343683        11.726839999999999     
  0.23999999463558197        412948122192635.44       0.52163902436439546        11.760339999999999     
  0.25000000000000000        430760587696832.25       0.57289486941572887        11.803820000000000     
  0.25999999046325684        448850094158343.50       0.62469013798863060        11.852840000000000     
  0.26999998092651367        467113237502416.31       0.67715464104864098        11.904590000000001     
  0.28000000119209290        485606738516752.56       0.72956815683598464        11.956410000000000     
  0.28999999165534973        503902191922092.12       0.78065481408388582        12.005720000000000     
  0.29999998211860657        522504412728981.56       0.83175663915196740        12.053010000000000     
  0.31000000238418579        541221797522628.81       0.88195495686084879        12.096890000000000     
  0.31999999284744263        560298097206414.69       0.93183523194828921        12.137540000000000     
  0.32999998331069946        579208926613198.00       0.97593901970177299        12.170629999999999     
  0.34000000357627869        598170359277700.75        1.0037033454826656        12.189510000000000     
  0.34999999403953552        617380234931687.00        1.0286501297796120        12.204300000000000     
  0.35999998450279236        636689832263737.50        1.0522835350244895        12.215870000000001     
  0.37000000476837158        655897450964914.62        1.0748796373553002        12.224360000000001     
  0.37999999523162842        675293228258174.88        1.0968999195046203        12.229990000000001     
  0.38999998569488525        694811296757590.38        1.1184897765506916        12.232810000000001     
  0.39999997615814209        714349856012772.38        1.1395914282013018        12.232870000000000     
  0.40999999642372131        733963904400068.62        1.1592157726014800        12.230449999999999     
  0.41999998688697815        753741463079033.00        1.1764428612719902        12.226190000000001     
  0.42999997735023499        773571228640081.12        1.1926551384567101        12.220120000000000     
  0.43999999761581421        793484620242055.12        1.2079988326707374        12.212350000000001     
  0.44999998807907104        813220603474536.50        1.2225062553767296        12.203030000000000     
  0.45999997854232788        833200456397388.38        1.2365840963736301        12.192040000000000     
  0.46999999880790710        853382722351117.62        1.2501963928137119        12.179460000000001     
  0.47999998927116394        873395538663681.00        1.2631947328310897        12.165590000000000     
  0.48999997973442078        893912308781113.62        1.2758523724077129        12.150219999999999     
  0.50000000000000000        914246562688485.75        1.2879886715609361        12.133699999999999     
  0.50999999046325684        934432214071428.62        1.2995651422886156        12.116220000000000     
  0.51999998092651367        954946786629547.12        1.3108437989354556        12.097530000000001     
  0.52999997138977051        975694062900980.62        1.3218499601965650        12.077640000000001     
  0.53999996185302734        996339538722025.62        1.3323430103803255        12.057100000000000     
  0.55000001192092896        1017084736221134.9        1.3425300333417354        12.035620000000000     
  0.56000000238418579        1037866638900139.2        1.3523077021287981        12.013540000000001     
  0.56999999284744263        1058651392466902.5        1.3617806115071427        11.990710000000000     
  0.57999998331069946        1079655783178086.1        1.3709250977740528        11.967300000000000     
  0.58999997377395630        1100594009535866.5        1.3797367422830520        11.943410000000000     
  0.59999996423721313        1121695568004830.4        1.3882650937336738        11.918979999999999     
  0.61000001430511475        1142841434021046.2        1.3964829648412911        11.894190000000000     
  0.62000000476837158        1164247205971275.8        1.4044662282146891        11.868869999999999     
  0.62999999523162842        1185768914023698.0        1.4121705910131064        11.843230000000000     
  0.63999998569488525        1207285751809532.2        1.4195906485558356        11.817360000000001     
  0.64999997615814209        1228754837225406.0        1.4267385364252920        11.791290000000000     
  0.65999996662139893        1250330830932236.2        1.4336293941394420        11.765050000000000     
  0.66999995708465576        1271929869315116.8        1.4402403425815533        11.738810000000001     
  0.68000000715255737        1293689507708412.0        1.4466741881726541        11.712190000000000     
  0.68999999761581421        1315603806762624.0        1.4528467410794752        11.685620000000000     
  0.69999998807907104        1337843225808333.2        1.4588479089400992        11.658740000000000     
  0.70999997854232788        1359910997653562.5        1.4645980737144773        11.631959999999999     
  0.71999996900558472        1381898825854554.5        1.4701057652474006        11.605309999999999     
  0.72999995946884155        1404002115009779.2        1.4754140962616116        11.578659999999999     
  0.74000000953674316        1426386810544199.2        1.4805613421602892        11.551840000000000     
  0.75000000000000000        1448735869981633.8        1.4855075349396381        11.525100000000000     
  0.75999999046325684        1471328917896428.5        1.4902638494335925        11.498440000000000     
  0.76999998092651367        1493758633700040.0        1.4948203768434158        11.471950000000000     
  0.77999997138977051        1516498621121404.8        1.4992341548174355        11.445360000000001     
  0.78999996185302734        1539334232069680.8        1.5034620859979082        11.418950000000001     
  0.79999995231628418        1562074813425995.2        1.5075065358248458        11.392760000000001     
  0.81000000238418579        1585042515507097.0        1.5114064698608973        11.366590000000000     
  0.81999999284744263        1608011524245088.5        1.5151425381163983        11.340600000000000     
  0.82999998331069946        1630878732532691.2        1.5186874535396262        11.315040000000000     
  0.83999997377395630        1653983514800197.2        1.5220782555137320        11.289700000000000     
  0.84999996423721313        1677042801650551.5        1.5252706955225630        11.264960000000000     
  0.85999995470046997        1700662169158527.2        1.5283225375489424        11.240420000000000     
  0.87000000476837158        1723727276571389.5        1.5311621203817007        11.216710000000001     
  0.87999999523162842        1747087332080301.0        1.5338933864108368        11.193009999999999     
  0.88999998569488525        1770876089835947.8        1.5365210012011050        11.169290000000000     
  0.89999997615814209        1794512919031446.2        1.5390090988198570        11.145910000000001     
  0.90999996662139893        1817987128837701.2        1.5413358610128987        11.123130000000000     
  0.91999995708465576        1841611841760225.0        1.5435689733076634        11.100330000000000     
  0.93000000715255737        1865925756798447.2        1.5457228836637280        11.077370000000000     
  0.93999999761581421        1889401154474601.8        1.5477029202372563        11.055320000000000     
  0.94999998807907104        1913484147604358.0        1.5496253187154960        11.032920000000001     
  0.95999997854232788        1937305096634281.8        1.5514223149154538        11.010999999999999     
  0.96999996900558472        1961397355149254.2        1.5531472083106219        10.988950000000001     
  0.97999995946884155        1985656390598118.8        1.5547756862526430        10.967090000000001     
  0.98999994993209839        2010040271173422.2        1.5563139557363455        10.945380000000000     
   1.0000000000000000        2034645333124015.5        1.5577699271288512        10.923750000000000     
   1.0099999904632568        2059377022005897.2        1.5591355351105882        10.902350000000000     
   1.0199999809265137        2083436851672613.0        1.5604114915496727        10.881230000000000     
   1.0299999713897705        2107693392594688.8        1.5615996758529451        10.860429999999999     
   1.0399999618530273        2132753883864756.0        1.5627421775819184        10.839230000000001     
   1.0499999523162842        2157626216542740.2        1.5638067432605947        10.818230000000000     
   1.0599999427795410        2181867077582142.0        1.5647664537432631        10.798069999999999     
   1.0699999332427979        2207367555862990.0        1.5657003001895873        10.777130000000000     
   1.0799999237060547        2231462784052711.2        1.5665181775374455        10.757479999999999     
   1.0900000333786011        2256549883608528.0        1.5673060150706954        10.737150000000000     
   1.1000000238418579        2281384917171667.5        1.5680246561872395        10.717150000000000     
   1.1100000143051147        2307428014422613.0        1.5687040750519843        10.696630000000001     
   1.1200000047683716        2331971069564452.0        1.5692849161615545        10.677510000000000     
   1.1299999952316284        2357960237521960.0        1.5698441603725568        10.657330000000000     
   1.1399999856948853        2382745618123299.5        1.5703246060094798        10.638170000000001     
   1.1499999761581421        2408737161820606.5        1.5707693941304690        10.618420000000000     
   1.1599999666213989        2433279029092546.0        1.5711400078609483        10.599909999999999     
   1.1699999570846558        2458857906786761.5        1.5714769903634118        10.580780000000001     
   1.1799999475479126        2484694077101212.0        1.5717642490819546        10.561870000000001     
   1.1899999380111694        2510961206615206.5        1.5719985726315342        10.543590000000000     
   1.1999999284744263        2536609931059514.0        1.5721841414115612        10.525890000000000     
