        0.010000       0.997307       0.002699       0.002699       0.000000       0.000000       0.000000       0.000000       0.000000       0.000000       0.000000
        0.020000       0.992577       0.007420       0.007420       0.000000       0.000000       0.000000       0.000000       0.000000       0.000000       0.000000
        0.030000       0.987038       0.012956       0.012956       0.000000       0.000000       0.000000       0.000000       0.000000       0.000000       0.000000
        0.040000       0.981438       0.018564       0.018564       0.000000       0.000000       0.000000       0.000000       0.000000       0.000000       0.000000
        0.050000       0.976158       0.023841       0.023841       0.000000       0.000000       0.000000       0.000000       0.000000       0.000000       0.000000
        0.060000       0.971367       0.028629       0.028629       0.000000       0.000000       0.000000       0.000000       0.000000       0.000000       0.000000
        0.070000       0.967079       0.032917       0.032916       0.000000       0.000000       0.000000       0.000000       0.000000       0.000000       0.000000
        0.080000       0.963249       0.036755       0.036755       0.000000       0.000000       0.000000       0.000000       0.000000       0.000000       0.000000
        0.090000       0.959785       0.040218       0.040218       0.000000       0.000000       0.000000       0.000000       0.000000       0.000000       0.000000
        0.100000       0.956612       0.043380       0.043380       0.000000       0.000000       0.000000       0.000000       0.000000       0.000000       0.000000
        0.110000       0.953697       0.046306       0.046306       0.000000       0.000000       0.000000       0.000000       0.000000       0.000000       0.000000
        0.120000       0.950203       0.049789       0.048753       0.001035       0.000000       0.000000       0.000000       0.000000       0.000000       0.000000
        0.130000       0.946312       0.053690       0.050791       0.002899       0.000000       0.000000       0.000000       0.000000       0.000000       0.000000
        0.140000       0.942390       0.057607       0.052612       0.004995       0.000000       0.000000       0.000000       0.000000       0.000000       0.000000
        0.150000       0.938545       0.061452       0.054284       0.007168       0.000000       0.000000       0.000000       0.000000       0.000000       0.000000
        0.160000       0.934807       0.065199       0.055848       0.009352       0.000000       0.000000       0.000000       0.000000       0.000000       0.000000
        0.170000       0.931160       0.068837       0.057325       0.011512       0.000000       0.000000       0.000000       0.000000       0.000000       0.000000
        0.180000       0.927635       0.072368       0.058736       0.013632       0.000000       0.000000       0.000000       0.000000       0.000000       0.000000
        0.190000       0.924202       0.075790       0.060088       0.015702       0.000000       0.000000       0.000000       0.000000       0.000000       0.000000
        0.200000       0.920891       0.079110       0.061392       0.017719       0.000000       0.000000       0.000000       0.000000       0.000000       0.000000
        0.210000       0.917671       0.082329       0.062650       0.019679       0.000000       0.000000       0.000000       0.000000       0.000000       0.000000
        0.220000       0.914558       0.085450       0.063867       0.021582       0.000000       0.000000       0.000000       0.000000       0.000000       0.000000
        0.230000       0.911522       0.088471       0.065043       0.023428       0.000000       0.000000       0.000000       0.000000       0.000000       0.000000
        0.240000       0.908592       0.091401       0.066183       0.025218       0.000000       0.000000       0.000000       0.000000       0.000000       0.000000
        0.250000       0.905754       0.094239       0.067287       0.026951       0.000000       0.000000       0.000000       0.000000       0.000000       0.000000
        0.260000       0.903008       0.096985       0.068355       0.028630       0.000000       0.000000       0.000000       0.000000       0.000000       0.000000
        0.270000       0.900352       0.099644       0.069388       0.030256       0.000000       0.000000       0.000000       0.000000       0.000000       0.000000
        0.280000       0.897789       0.102217       0.070388       0.031829       0.000000       0.000000       0.000000       0.000000       0.000000       0.000000
        0.290000       0.895302       0.104703       0.071353       0.033349       0.000000       0.000000       0.000000       0.000000       0.000000       0.000000
        0.300000       0.892891       0.107102       0.072284       0.034819       0.000000       0.000000       0.000000       0.000000       0.000000       0.000000
        0.310000       0.890572       0.109423       0.073183       0.036240       0.000000       0.000000       0.000000       0.000000       0.000000       0.000000
        0.320000       0.888329       0.111663       0.074049       0.037613       0.000000       0.000000       0.000000       0.000000       0.000000       0.000000
        0.330000       0.886177       0.113826       0.074885       0.038941       0.000000       0.000000       0.000000       0.000000       0.000000       0.000000
        0.340000       0.884087       0.115911       0.075689       0.040222       0.000000       0.000000       0.000000       0.000000       0.000000       0.000000
        0.350000       0.882072       0.117922       0.076462       0.041459       0.000000       0.000000       0.000000       0.000000       0.000000       0.000000
        0.360000       0.880135       0.119861       0.077207       0.042654       0.000000       0.000000       0.000000       0.000000       0.000000       0.000000
        0.370000       0.878273       0.121731       0.077924       0.043808       0.000000       0.000000       0.000000       0.000000       0.000000       0.000000
        0.380000       0.876472       0.123531       0.078611       0.044921       0.000000       0.000000       0.000000       0.000000       0.000000       0.000000
        0.390000       0.874733       0.125266       0.079271       0.045995       0.000000       0.000000       0.000000       0.000000       0.000000       0.000000
        0.400000       0.869301       0.126084       0.079441       0.046644       0.004610       0.000000       0.000000       0.000000       0.000000       0.000000
        0.410000       0.861397       0.126260       0.079272       0.046989       0.012353       0.000000       0.000000       0.000000       0.000000       0.000000
        0.420000       0.852623       0.126164       0.078963       0.047199       0.021221       0.000000       0.000000       0.000000       0.000000       0.000000
        0.430000       0.843437       0.125894       0.078574       0.047321       0.030678       0.000000       0.000000       0.000000       0.000000       0.000000
        0.440000       0.834053       0.125508       0.078129       0.047380       0.040447       0.000000       0.000000       0.000000       0.000000       0.000000
        0.450000       0.824593       0.125037       0.077648       0.047390       0.050380       0.000000       0.000000       0.000000       0.000000       0.000000
        0.460000       0.815132       0.124502       0.077141       0.047363       0.060370       0.000000       0.000000       0.000000       0.000000       0.000000
        0.470000       0.805733       0.123920       0.076617       0.047305       0.070346       0.000000       0.000000       0.000000       0.000000       0.000000
        0.480000       0.795158       0.124014       0.075537       0.046760       0.079122       0.000000       0.000000       0.000000       0.000000       0.001718
        0.490000       0.782585       0.125298       0.073542       0.045419       0.085778       0.000000       0.000000       0.000000       0.000000       0.006333
        0.500000       0.769966       0.126750       0.071430       0.043965       0.091914       0.000000       0.000000       0.000000       0.000000       0.011358
        0.510000       0.757545       0.128253       0.069301       0.042484       0.097729       0.000000       0.000000       0.000000       0.000000       0.016472
        0.520000       0.745369       0.129765       0.067191       0.041008       0.103310       0.000000       0.000000       0.000000       0.000000       0.021571
        0.530000       0.733482       0.131260       0.065117       0.039550       0.108684       0.000000       0.000000       0.000000       0.000000       0.026590
        0.540000       0.721886       0.132724       0.063089       0.038122       0.113878       0.000000       0.000000       0.000000       0.000000       0.031509
        0.550000       0.710609       0.134156       0.061114       0.036729       0.118918       0.000000       0.000000       0.000000       0.000000       0.036317
        0.560000       0.699638       0.135553       0.059191       0.035372       0.123807       0.000000       0.000000       0.000000       0.000000       0.040992
        0.570000       0.688972       0.136920       0.057321       0.034052       0.128576       0.000000       0.000000       0.000000       0.000000       0.045549
        0.580000       0.678596       0.138239       0.055508       0.032773       0.133201       0.000000       0.000000       0.000000       0.000000       0.049961
        0.590000       0.668510       0.139532       0.053747       0.031530       0.137723       0.000000       0.000000       0.000000       0.000000       0.054248
        0.600000       0.658699       0.140773       0.052044       0.030329       0.142115       0.000000       0.000000       0.000000       0.000000       0.058406
        0.610000       0.649162       0.141985       0.050390       0.029164       0.146403       0.000000       0.000000       0.000000       0.000000       0.062427
        0.620000       0.639870       0.143168       0.048787       0.028036       0.150610       0.000000       0.000000       0.000000       0.000000       0.066344
        0.630000       0.630852       0.144314       0.047235       0.026945       0.154703       0.000000       0.000000       0.000000       0.000000       0.070125
        0.640000       0.622063       0.145418       0.045733       0.025891       0.158701       0.000000       0.000000       0.000000       0.000000       0.073798
        0.650000       0.613518       0.146498       0.044277       0.024871       0.162610       0.000000       0.000000       0.000000       0.000000       0.077349
        0.660000       0.605186       0.147558       0.042865       0.023884       0.166463       0.000000       0.000000       0.000000       0.000000       0.080817
        0.670000       0.597084       0.148574       0.041499       0.022930       0.170194       0.000000       0.000000       0.000000       0.000000       0.084138
        0.680000       0.589180       0.149569       0.040175       0.022008       0.173869       0.000000       0.000000       0.000000       0.000000       0.087383
        0.690000       0.581505       0.150536       0.038894       0.021119       0.177454       0.000000       0.000000       0.000000       0.000000       0.090516
        0.700000       0.573997       0.151479       0.037651       0.020257       0.180978       0.000000       0.000000       0.000000       0.000000       0.093562
        0.710000       0.566689       0.152394       0.036449       0.019426       0.184422       0.000000       0.000000       0.000000       0.000000       0.096510
        0.720000       0.559547       0.153277       0.035285       0.018624       0.187786       0.000000       0.000000       0.000000       0.000000       0.099364
        0.730000       0.552620       0.154153       0.034157       0.017849       0.191102       0.000000       0.000000       0.000000       0.000000       0.102148
        0.740000       0.545845       0.155001       0.033063       0.017099       0.194339       0.000000       0.000000       0.000000       0.000000       0.104829
        0.750000       0.539192       0.155820       0.032005       0.016376       0.197524       0.000000       0.000000       0.000000       0.000000       0.107447
        0.760000       0.532768       0.156632       0.030978       0.015678       0.200640       0.000000       0.000000       0.000000       0.000000       0.109982
        0.770000       0.526451       0.157416       0.029985       0.015004       0.203693       0.000000       0.000000       0.000000       0.000000       0.112430
        0.780000       0.520287       0.158191       0.029020       0.014351       0.206711       0.000000       0.000000       0.000000       0.000000       0.114829
        0.790000       0.514275       0.158934       0.028088       0.013724       0.209639       0.000000       0.000000       0.000000       0.000000       0.117134
        0.800000       0.508385       0.159680       0.027181       0.013116       0.212555       0.000000       0.000000       0.000000       0.000000       0.119394
        0.810000       0.502647       0.160395       0.026305       0.012531       0.215382       0.000000       0.000000       0.000000       0.000000       0.121569
        0.820000       0.497032       0.161104       0.025454       0.011965       0.218170       0.000000       0.000000       0.000000       0.000000       0.123676
        0.830000       0.491554       0.161793       0.024632       0.011420       0.220912       0.000000       0.000000       0.000000       0.000000       0.125753
        0.840000       0.486183       0.162473       0.023833       0.010894       0.223603       0.000000       0.000000       0.000000       0.000000       0.127746
        0.850000       0.480919       0.163133       0.023058       0.010386       0.226241       0.000000       0.000000       0.000000       0.000000       0.129678
        0.860000       0.475792       0.163785       0.022308       0.009897       0.228839       0.000000       0.000000       0.000000       0.000000       0.131575
        0.870000       0.470757       0.164426       0.021580       0.009425       0.231397       0.000000       0.000000       0.000000       0.000000       0.133409
        0.880000       0.465843       0.165054       0.020876       0.008970       0.233905       0.000000       0.000000       0.000000       0.000000       0.135196
        0.890000       0.461021       0.165666       0.020193       0.008532       0.236363       0.000000       0.000000       0.000000       0.000000       0.136927
        0.900000       0.456306       0.166273       0.019531       0.008110       0.238795       0.000000       0.000000       0.000000       0.000000       0.138623
        0.910000       0.451683       0.166860       0.018890       0.007704       0.241175       0.000000       0.000000       0.000000       0.000000       0.140280
        0.920000       0.447166       0.167452       0.018267       0.007311       0.243528       0.000000       0.000000       0.000000       0.000000       0.141881
        0.930000       0.442726       0.168030       0.017663       0.006933       0.245839       0.000000       0.000000       0.000000       0.000000       0.143428
        0.940000       0.438347       0.168586       0.017078       0.006570       0.248105       0.000000       0.000000       0.000000       0.000000       0.144940
        0.950000       0.434105       0.169149       0.016511       0.006220       0.250340       0.000000       0.000000       0.000000       0.000000       0.146418
        0.960000       0.429939       0.169694       0.015963       0.005884       0.252529       0.000000       0.000000       0.000000       0.000000       0.147860
        0.970000       0.425850       0.170237       0.015430       0.005561       0.254689       0.000000       0.000000       0.000000       0.000000       0.149256
        0.980000       0.421822       0.170767       0.014913       0.005249       0.256802       0.000000       0.000000       0.000000       0.000000       0.150591
        0.990000       0.417870       0.171282       0.014414       0.004951       0.258891       0.000000       0.000000       0.000000       0.000000       0.151926
        1.000000       0.414009       0.171815       0.013927       0.004662       0.260967       0.000000       0.000000       0.000000       0.000000       0.153211
        1.010000       0.410225       0.172318       0.013459       0.004387       0.262985       0.000000       0.000000       0.000000       0.000000       0.154479
        1.020000       0.406502       0.172820       0.013003       0.004123       0.264979       0.000000       0.000000       0.000000       0.000000       0.155710
        1.030000       0.402824       0.173316       0.012560       0.003868       0.266943       0.000000       0.000000       0.000000       0.000000       0.156886
        1.040000       0.399239       0.173812       0.012132       0.003624       0.268879       0.000000       0.000000       0.000000       0.000000       0.158044
        1.050000       0.395729       0.174303       0.011717       0.003390       0.270787       0.000000       0.000000       0.000000       0.000000       0.159180
        1.060000       0.392281       0.174778       0.011316       0.003167       0.272657       0.000000       0.000000       0.000000       0.000000       0.160297
        1.070000       0.388863       0.175255       0.010925       0.002952       0.274512       0.000000       0.000000       0.000000       0.000000       0.161364
        1.080000       0.385521       0.175713       0.010548       0.002748       0.276321       0.000000       0.000000       0.000000       0.000000       0.162423
        1.090000       0.382256       0.176185       0.010183       0.002552       0.278123       0.000000       0.000000       0.000000       0.000000       0.163457
        1.100000       0.379021       0.176635       0.009828       0.002365       0.279871       0.000000       0.000000       0.000000       0.000000       0.164441
        1.110000       0.375877       0.177096       0.009486       0.002187       0.281614       0.000000       0.000000       0.000000       0.000000       0.165424
        1.120000       0.372734       0.177535       0.009152       0.002016       0.283329       0.000000       0.000000       0.000000       0.000000       0.166376
        1.130000       0.369682       0.177987       0.008830       0.001853       0.285020       0.000000       0.000000       0.000000       0.000000       0.167298
        1.140000       0.366676       0.178430       0.008517       0.001698       0.286686       0.000000       0.000000       0.000000       0.000000       0.168211
        1.150000       0.363716       0.178864       0.008215       0.001551       0.288320       0.000000       0.000000       0.000000       0.000000       0.169089
        1.160000       0.360817       0.179295       0.007922       0.001412       0.289927       0.000000       0.000000       0.000000       0.000000       0.169950
        1.170000       0.357948       0.179731       0.007638       0.001279       0.291538       0.000000       0.000000       0.000000       0.000000       0.170798
        1.180000       0.355125       0.180134       0.007364       0.001155       0.293080       0.000000       0.000000       0.000000       0.000000       0.171629
        1.190000       0.352379       0.180564       0.007099       0.001036       0.294625       0.000000       0.000000       0.000000       0.000000       0.172431
        1.200000       0.349632       0.180983       0.006840       0.000924       0.296158       0.000000       0.000000       0.000000       0.000000       0.173206
        1.210000       0.346962       0.181403       0.006590       0.000819       0.297670       0.000000       0.000000       0.000000       0.000000       0.173982
        1.220000       0.344322       0.181804       0.006350       0.000720       0.299146       0.000000       0.000000       0.000000       0.000000       0.174747
        1.230000       0.341728       0.182207       0.006117       0.000628       0.300581       0.000000       0.000000       0.000000       0.000000       0.175453
        1.240000       0.339165       0.182616       0.005890       0.000541       0.302051       0.000000       0.000000       0.000000       0.000000       0.176203
        1.250000       0.336647       0.183020       0.005671       0.000461       0.303463       0.000000       0.000000       0.000000       0.000000       0.176882
        1.260000       0.334160       0.183421       0.005458       0.000386       0.304880       0.000000       0.000000       0.000000       0.000000       0.177572
        1.270000       0.331703       0.183804       0.005254       0.000318       0.306242       0.000000       0.000000       0.000000       0.000000       0.178229
        1.280000       0.329323       0.184199       0.005056       0.000256       0.307586       0.000000       0.000000       0.000000       0.000000       0.178872
        1.290000       0.326927       0.184587       0.004863       0.000199       0.308946       0.000000       0.000000       0.000000       0.000000       0.179512
        1.300000       0.324593       0.184975       0.004677       0.000148       0.310270       0.000000       0.000000       0.000000       0.000000       0.180135
        1.310000       0.322319       0.185353       0.004499       0.000104       0.311556       0.000000       0.000000       0.000000       0.000000       0.180765
        1.320000       0.320045       0.185739       0.004325       0.000066       0.312860       0.000000       0.000000       0.000000       0.000000       0.181364
        1.330000       0.317802       0.186124       0.004156       0.000035       0.314145       0.000000       0.000000       0.000000       0.000000       0.181942
        1.340000       0.315620       0.186509       0.003994       0.000011       0.315392       0.000000       0.000000       0.000000       0.000000       0.182501
        1.350000       0.313454       0.186889       0.003836       0.000000       0.316630       0.000000       0.000000       0.000000       0.000000       0.183056
        1.360000       0.311317       0.187268       0.003684       0.000000       0.317853       0.000000       0.000000       0.000000       0.000000       0.183587
        1.370000       0.309181       0.187609       0.003537       0.000000       0.319005       0.000000       0.000000       0.000000       0.000126       0.184056
        1.380000       0.307091       0.187797       0.003398       0.000000       0.319904       0.000000       0.000000       0.000000       0.000797       0.184413
        1.390000       0.305000       0.187928       0.003265       0.000000       0.320698       0.000000       0.000000       0.000000       0.001728       0.184667
        1.400000       0.302956       0.187997       0.003138       0.000000       0.321364       0.000000       0.000000       0.000000       0.002799       0.184863
        1.410000       0.300911       0.188054       0.003014       0.000000       0.322024       0.000000       0.000000       0.000000       0.004012       0.185027
        1.420000       0.298912       0.188067       0.002896       0.000000       0.322590       0.000000       0.000000       0.000000       0.005296       0.185158
        1.430000       0.296928       0.188055       0.002782       0.000000       0.323108       0.000000       0.000000       0.000000       0.006655       0.185265
        1.440000       0.294945       0.188030       0.002672       0.000000       0.323623       0.000000       0.000000       0.000000       0.008095       0.185346
        1.450000       0.292992       0.187975       0.002566       0.000000       0.324063       0.000000       0.000000       0.000000       0.009569       0.185398
        1.460000       0.291069       0.187899       0.002465       0.000000       0.324474       0.000000       0.000000       0.000000       0.011081       0.185452
        1.470000       0.289207       0.187842       0.002367       0.000000       0.324863       0.000000       0.000000       0.000000       0.012626       0.185471
        1.480000       0.287300       0.187737       0.002272       0.000000       0.325226       0.000000       0.000000       0.000000       0.014219       0.185479
        1.490000       0.285484       0.187662       0.002181       0.000000       0.325571       0.000000       0.000000       0.000000       0.015824       0.185467
        1.500000       0.283623       0.187539       0.002092       0.000000       0.325892       0.000000       0.000000       0.000000       0.017467       0.185447
        1.510000       0.281853       0.187437       0.002008       0.000000       0.326190       0.000000       0.000000       0.000000       0.019113       0.185439
        1.520000       0.280067       0.187317       0.001926       0.000000       0.326463       0.000000       0.000000       0.000000       0.020781       0.185385
        1.530000       0.278282       0.187184       0.001847       0.000000       0.326731       0.000000       0.000000       0.000000       0.022476       0.185322
        1.540000       0.276543       0.187045       0.001771       0.000000       0.326964       0.000000       0.000000       0.000000       0.024164       0.185257
        1.550000       0.274818       0.186901       0.001698       0.000000       0.327201       0.000000       0.000000       0.000000       0.025878       0.185208
        1.560000       0.273140       0.186761       0.001627       0.000000       0.327404       0.000000       0.000000       0.000000       0.027582       0.185140
        1.570000       0.271446       0.186603       0.001559       0.000000       0.327585       0.000000       0.000000       0.000000       0.029295       0.185032
        1.580000       0.269768       0.186448       0.001493       0.000000       0.327806       0.000000       0.000000       0.000000       0.031054       0.184970
        1.590000       0.268120       0.186282       0.001430       0.000000       0.327960       0.000000       0.000000       0.000000       0.032768       0.184846
        1.600000       0.266487       0.186110       0.001369       0.000000       0.328112       0.000000       0.000000       0.000000       0.034502       0.184747
        1.610000       0.264915       0.185959       0.001311       0.000000       0.328262       0.000000       0.000000       0.000000       0.036223       0.184638
        1.620000       0.263298       0.185778       0.001254       0.000000       0.328414       0.000000       0.000000       0.000000       0.037984       0.184534
        1.630000       0.261757       0.185605       0.001200       0.000000       0.328511       0.000000       0.000000       0.000000       0.039687       0.184415
        1.640000       0.260216       0.185439       0.001147       0.000000       0.328633       0.000000       0.000000       0.000000       0.041420       0.184282
        1.650000       0.258675       0.185261       0.001097       0.000000       0.328746       0.000000       0.000000       0.000000       0.043163       0.184152
        1.660000       0.257149       0.185077       0.001048       0.000000       0.328856       0.000000       0.000000       0.000000       0.044911       0.184037
        1.670000       0.255638       0.184897       0.001001       0.000000       0.328947       0.000000       0.000000       0.000000       0.046647       0.183884
        1.680000       0.254173       0.184703       0.000956       0.000000       0.329005       0.000000       0.000000       0.000000       0.048340       0.183752
        1.690000       0.252708       0.184527       0.000913       0.000000       0.329091       0.000000       0.000000       0.000000       0.050073       0.183606
        1.700000       0.251228       0.184333       0.000871       0.000000       0.329165       0.000000       0.000000       0.000000       0.051814       0.183450
        1.710000       0.249794       0.184145       0.000830       0.000000       0.329225       0.000000       0.000000       0.000000       0.053534       0.183308
        1.720000       0.248405       0.183954       0.000793       0.000000       0.329260       0.000000       0.000000       0.000000       0.055213       0.183177
        1.730000       0.246971       0.183762       0.000755       0.000000       0.329323       0.000000       0.000000       0.000000       0.056945       0.183001
        1.740000       0.245613       0.183580       0.000720       0.000000       0.329350       0.000000       0.000000       0.000000       0.058617       0.182845
        1.750000       0.244225       0.183373       0.000685       0.000000       0.329372       0.000000       0.000000       0.000000       0.060307       0.182687
        1.760000       0.242867       0.183187       0.000652       0.000000       0.329415       0.000000       0.000000       0.000000       0.062011       0.182534
        1.770000       0.241539       0.183002       0.000621       0.000000       0.329439       0.000000       0.000000       0.000000       0.063689       0.182378
        1.780000       0.240211       0.182805       0.000590       0.000000       0.329443       0.000000       0.000000       0.000000       0.065347       0.182202
        1.790000       0.238853       0.182593       0.000561       0.000000       0.329465       0.000000       0.000000       0.000000       0.067041       0.182027
        1.800000       0.237572       0.182391       0.000533       0.000000       0.329446       0.000000       0.000000       0.000000       0.068670       0.181874
        1.810000       0.236259       0.182196       0.000506       0.000000       0.329465       0.000000       0.000000       0.000000       0.070350       0.181689
        1.820000       0.235023       0.182010       0.000481       0.000000       0.329450       0.000000       0.000000       0.000000       0.071970       0.181538
        1.830000       0.233727       0.181797       0.000456       0.000000       0.329443       0.000000       0.000000       0.000000       0.073626       0.181357
        1.840000       0.232491       0.181609       0.000432       0.000000       0.329438       0.000000       0.000000       0.000000       0.075259       0.181193
        1.850000       0.231255       0.181419       0.000409       0.000000       0.329418       0.000000       0.000000       0.000000       0.076879       0.180996
        1.860000       0.230049       0.181230       0.000388       0.000000       0.329410       0.000000       0.000000       0.000000       0.078503       0.180849
        1.870000       0.228828       0.181034       0.000367       0.000000       0.329385       0.000000       0.000000       0.000000       0.080118       0.180661
        1.880000       0.227623       0.180822       0.000347       0.000000       0.329345       0.000000       0.000000       0.000000       0.081702       0.180487
        1.890000       0.226433       0.180625       0.000328       0.000000       0.329307       0.000000       0.000000       0.000000       0.083293       0.180298
        1.900000       0.225258       0.180434       0.000310       0.000000       0.329281       0.000000       0.000000       0.000000       0.084887       0.180119
        1.910000       0.224098       0.180238       0.000292       0.000000       0.329241       0.000000       0.000000       0.000000       0.086461       0.179944
        1.920000       0.222939       0.180041       0.000276       0.000000       0.329207       0.000000       0.000000       0.000000       0.088043       0.179768
        1.930000       0.221764       0.179835       0.000260       0.000000       0.329180       0.000000       0.000000       0.000000       0.089642       0.179585
        1.940000       0.220650       0.179645       0.000244       0.000000       0.329123       0.000000       0.000000       0.000000       0.091178       0.179403
        1.950000       0.219521       0.179447       0.000230       0.000000       0.329081       0.000000       0.000000       0.000000       0.092743       0.179232
        1.960000       0.218407       0.179244       0.000216       0.000000       0.329021       0.000000       0.000000       0.000000       0.094270       0.179045
        1.970000       0.217323       0.179064       0.000203       0.000000       0.328966       0.000000       0.000000       0.000000       0.095799       0.178858
        1.980000       0.216240       0.178862       0.000191       0.000000       0.328892       0.000000       0.000000       0.000000       0.097296       0.178673
        1.990000       0.215172       0.178676       0.000179       0.000000       0.328833       0.000000       0.000000       0.000000       0.098814       0.178497
        2.000000       0.214104       0.178489       0.000167       0.000000       0.328785       0.000000       0.000000       0.000000       0.100332       0.178311
