        0.010000       9.420786       0.014869       0.001578
        0.020000      18.865568       0.040815       0.002163
        0.030000      28.325858       0.075502       0.002665
        0.040000      37.799559       0.118480       0.003134
        0.050000      47.284923       0.172289       0.003644
        0.060000      56.782543       0.242707       0.004274
        0.070000      66.293889       0.337420       0.005090
        0.080000      75.821631       0.464646       0.006128
        0.090000      85.367019       0.632178       0.007405
        0.100000      94.932713       0.846967       0.008922
        0.110000     104.524161       1.115181       0.010669
        0.120000     114.140613       1.434400       0.012567
        0.130000     123.787616       1.808866       0.014613
        0.140000     133.464171       2.245168       0.016822
        0.150000     143.174967       2.747261       0.019188
        0.160000     152.922803       3.318079       0.021698
        0.170000     162.705671       3.959718       0.024337
        0.180000     172.530852       4.674380       0.027093
        0.190000     182.394746       5.463197       0.029953
        0.200000     192.305933       6.328034       0.032906
        0.210000     202.260299       7.269393       0.035941
        0.220000     212.261807       8.288305       0.039048
        0.230000     222.309226       9.385044       0.042216
        0.240000     232.407819      10.560432       0.045439
        0.250000     242.556937      11.814483       0.048708
        0.260000     252.757895      13.147301       0.052015
        0.270000     263.012659      14.558891       0.055354
        0.280000     273.322929      16.049138       0.058719
        0.290000     283.684740      17.616976       0.062101
        0.300000     294.098808      19.261879       0.065495
        0.310000     304.572812      20.984291       0.068897
        0.320000     315.102056      22.782714       0.072303
        0.330000     325.694068      24.657595       0.075708
        0.340000     336.337720      26.605952       0.079105
        0.350000     347.040576      28.628156       0.082492
        0.360000     357.804035      30.723420       0.085867
        0.370000     368.629530      32.890986       0.089225
        0.380000     379.511396      35.128501       0.092562
        0.390000     390.450700      37.435001       0.095876
        0.400000     401.447108      39.462345       0.098300
        0.410000     412.495391      41.287686       0.100092
        0.420000     423.588018      43.045099       0.101620
        0.430000     434.719858      44.767816       0.102981
        0.440000     445.884916      46.472060       0.104224
        0.450000     457.094684      48.168891       0.105381
        0.460000     468.344099      49.865143       0.106471
        0.470000     479.628862      51.564039       0.107508
        0.480000     490.951440      53.100622       0.108159
        0.490000     502.294075      54.348640       0.108201
        0.500000     513.665795      55.551544       0.108147
        0.510000     525.055273      56.740260       0.108065
        0.520000     536.480433      57.926793       0.107976
        0.530000     547.921751      59.116845       0.107893
        0.540000     559.383826      60.314468       0.107823
        0.550000     570.874320      61.522365       0.107769
        0.560000     582.376941      62.741470       0.107733
        0.570000     593.925272      63.976395       0.107718
        0.580000     605.465541      65.222477       0.107723
        0.590000     617.048921      66.486546       0.107749
        0.600000     628.632634      67.763413       0.107795
        0.610000     640.234206      69.057996       0.107864
        0.620000     651.898279      70.372103       0.107950
        0.630000     663.547026      71.700502       0.108056
        0.640000     675.223427      73.046376       0.108181
        0.650000     686.914220      74.410873       0.108326
        0.660000     698.685772      75.797918       0.108486
        0.670000     710.395822      77.196541       0.108667
        0.680000     722.181634      78.619209       0.108863
        0.690000     733.953453      80.055163       0.109074
        0.700000     745.778246      81.514946       0.109302
        0.710000     757.605770      82.990904       0.109544
        0.720000     769.437359      84.482747       0.109798
        0.730000     781.319456      85.997236       0.110067
        0.740000     793.194956      87.529982       0.110351
        0.750000     805.128094      89.082136       0.110643
        0.760000     817.049772      90.652922       0.110952
        0.770000     828.985975      92.240349       0.111269
        0.780000     840.998673      93.853589       0.111598
        0.790000     852.952600      95.476507       0.111936
        0.800000     865.016206      97.128385       0.112285
        0.810000     877.023640      98.790825       0.112643
        0.820000     889.068522     100.475212       0.113012
        0.830000     901.161046     102.178848       0.113386
        0.840000     913.252838     103.901499       0.113771
        0.850000     925.355891     105.641233       0.114163
        0.860000     937.499056     107.402215       0.114562
        0.870000     949.668276     109.182096       0.114969
        0.880000     961.840827     110.976994       0.115380
        0.890000     974.028170     112.793415       0.115801
        0.900000     986.264023     114.627035       0.116223
        0.910000     998.513669     116.480029       0.116653
        0.920000    1010.791034     118.354121       0.117091
        0.930000    1023.074596     120.242939       0.117531
        0.940000    1035.389142     122.152154       0.117977
        0.950000    1047.718148     124.079161       0.118428
        0.960000    1060.052617     126.019112       0.118880
        0.970000    1072.415739     127.980868       0.119339
        0.980000    1084.762136     129.959182       0.119804
        0.990000    1097.176566     131.953605       0.120267
        1.000000    1109.629643     133.974806       0.120738
        1.010000    1122.064395     136.002213       0.121207
        1.020000    1134.535197     138.052091       0.121682
        1.030000    1147.026121     140.124550       0.122163
        1.040000    1159.531038     142.209536       0.122644
        1.050000    1172.060210     144.310247       0.123125
        1.060000    1184.601643     146.425234       0.123607
        1.070000    1197.193183     148.568408       0.124097
        1.080000    1209.771530     150.717211       0.124583
        1.090000    1222.399453     152.888604       0.125073
        1.100000    1234.988728     155.071640       0.125565
        1.110000    1247.628111     157.267754       0.126053
        1.120000    1260.329596     159.494368       0.126550
        1.130000    1273.008959     161.728446       0.127044
        1.140000    1285.735099     163.985245       0.127542
        1.150000    1298.444846     166.251257       0.128039
        1.160000    1311.161124     168.528613       0.128534
        1.170000    1323.980950     170.836886       0.129033
        1.180000    1336.731744     173.146259       0.129530
        1.190000    1349.507592     175.471291       0.130026
        1.200000    1362.362334     177.826774       0.130528
        1.210000    1375.231468     180.192186       0.131027
        1.220000    1388.095538     182.563961       0.131521
        1.230000    1400.883780     184.945181       0.132020
        1.240000    1413.917232     187.373795       0.132521
        1.250000    1426.792763     189.792096       0.133020
        1.260000    1439.783836     192.235719       0.133517
        1.270000    1452.704145     194.684488       0.134015
        1.280000    1465.603264     197.139288       0.134511
        1.290000    1478.677496     199.636284       0.135010
        1.300000    1491.698154     202.135861       0.135507
        1.310000    1504.692159     204.638737       0.136000
        1.320000    1517.791178     207.169965       0.136494
        1.330000    1530.910053     209.719801       0.136990
        1.340000    1543.956699     212.269370       0.137484
        1.350000    1557.078906     214.844743       0.137979
        1.360000    1570.197248     217.427629       0.138472
        1.370000    1583.361834     220.006600       0.138949
        1.380000    1596.542545     222.429082       0.139319
        1.390000    1609.791356     224.804972       0.139649
        1.400000    1622.859990     227.108048       0.139943
        1.410000    1636.195956     229.428433       0.140221
        1.420000    1649.372270     231.696676       0.140476
        1.430000    1662.596692     233.962021       0.140721
        1.440000    1675.979569     236.229466       0.140950
        1.450000    1689.238641     238.472355       0.141172
        1.460000    1702.521301     240.698820       0.141378
        1.470000    1715.770111     242.920820       0.141581
        1.480000    1729.148190     245.148251       0.141774
        1.490000    1742.434847     247.358358       0.141961
        1.500000    1755.865700     249.582624       0.142142
        1.510000    1769.221789     251.790747       0.142317
        1.520000    1782.581344     254.000521       0.142490
        1.530000    1796.035651     256.215824       0.142656
        1.540000    1809.395339     258.413403       0.142818
        1.550000    1822.914147     260.630623       0.142975
        1.560000    1836.314081     262.833683       0.143131
        1.570000    1849.696425     265.034477       0.143285
        1.580000    1863.409535     267.267872       0.143429
        1.590000    1876.777486     269.460836       0.143576
        1.600000    1890.299892     271.677423       0.143722
        1.610000    1903.726479     273.868239       0.143859
        1.620000    1917.423331     276.103699       0.143997
        1.630000    1930.785951     278.294665       0.144135
        1.640000    1944.334877     280.513833       0.144272
        1.650000    1957.938709     282.732918       0.144403
        1.660000    1971.655151     284.972960       0.144535
        1.670000    1985.277774     287.207370       0.144669
        1.680000    1998.707826     289.396471       0.144792
        1.690000    2012.395883     291.635979       0.144920
        1.700000    2026.147774     293.887681       0.145048
        1.710000    2039.836629     296.128688       0.145173
        1.720000    2053.361967     298.339911       0.145293
        1.730000    2067.174628     300.602041       0.145417
        1.740000    2080.708895     302.820126       0.145537
        1.750000    2094.411344     305.069596       0.145659
        1.760000    2108.229735     307.331726       0.145777
        1.770000    2121.946310     309.582429       0.145896
        1.780000    2135.578261     311.823070       0.146013
        1.790000    2149.479544     314.101192       0.146129
        1.800000    2163.102033     316.347164       0.146247
        1.810000    2177.006247     318.631149       0.146362
        1.820000    2190.659521     320.878220       0.146476
        1.830000    2204.555873     323.169236       0.146592
        1.840000    2218.363336     325.436597       0.146701
        1.850000    2232.140814     327.718684       0.146818
        1.860000    2246.042496     330.004169       0.146927
        1.870000    2259.906197     332.300315       0.147042
        1.880000    2273.685141     334.572607       0.147150
        1.890000    2287.520590     336.868753       0.147264
        1.900000    2301.455189     339.175894       0.147375
        1.910000    2315.329819     341.473540       0.147484
        1.920000    2329.313993     343.791475       0.147593
        1.930000    2343.441295     346.129101       0.147701
        1.940000    2357.285539     348.439740       0.147814
        1.950000    2371.355004     350.778398       0.147923
        1.960000    2385.232565     353.082174       0.148028
        1.970000    2399.168230     355.410871       0.148139
        1.980000    2412.990353     357.712514       0.148244
        1.990000    2427.018505     360.061768       0.148356
        2.000000    2441.071178     362.398627       0.148459
