   0.671141E-01   0.167944E+14   0.238236E+32   0.129936E+00   0.528228E+02
   0.134228E+00   0.336316E+14   0.653935E+32   0.103861E+00   0.463800E+02
   0.201342E+00   0.504965E+14   0.120969E+33   0.886943E-01   0.404017E+02
   0.268456E+00   0.673853E+14   0.189828E+33   0.803755E-01   0.351640E+02
   0.335570E+00   0.842948E+14   0.276040E+33   0.763385E-01   0.305597E+02
   0.402685E+00   0.101226E+15   0.388862E+33   0.755581E-01   0.263745E+02
   0.469799E+00   0.118182E+15   0.540610E+33   0.781443E-01   0.226135E+02
   0.536913E+00   0.135167E+15   0.744450E+33   0.845876E-01   0.194593E+02
   0.604027E+00   0.152184E+15   0.101287E+34   0.952242E-01   0.170379E+02
   0.671141E+00   0.169237E+15   0.135700E+34   0.110111E+00   0.153070E+02
   0.738255E+00   0.186335E+15   0.178673E+34   0.129118E+00   0.141230E+02
   0.805369E+00   0.203478E+15   0.229818E+34   0.151394E+00   0.133480E+02
   0.872483E+00   0.220676E+15   0.289815E+34   0.176560E+00   0.128396E+02
   0.939597E+00   0.237927E+15   0.359718E+34   0.204501E+00   0.125042E+02
   0.100671E+01   0.255238E+15   0.440163E+34   0.234977E+00   0.122856E+02
   0.107383E+01   0.272615E+15   0.531619E+34   0.267697E+00   0.121472E+02
   0.114094E+01   0.290055E+15   0.634422E+34   0.302344E+00   0.120643E+02
   0.120805E+01   0.307571E+15   0.748924E+34   0.338623E+00   0.120196E+02
   0.127517E+01   0.325155E+15   0.875308E+34   0.376210E+00   0.120013E+02
   0.134228E+01   0.342824E+15   0.101387E+35   0.414842E+00   0.120008E+02
   0.140940E+01   0.360569E+15   0.116469E+35   0.454226E+00   0.120123E+02
   0.147651E+01   0.378399E+15   0.132794E+35   0.494120E+00   0.120313E+02
   0.154362E+01   0.396311E+15   0.150366E+35   0.534284E+00   0.120547E+02
   0.161074E+01   0.414313E+15   0.169198E+35   0.574527E+00   0.120803E+02
   0.167785E+01   0.432406E+15   0.189290E+35   0.614655E+00   0.121066E+02
   0.174497E+01   0.450592E+15   0.210645E+35   0.654506E+00   0.121323E+02
   0.181208E+01   0.468873E+15   0.233261E+35   0.693940E+00   0.121567E+02
   0.187919E+01   0.487253E+15   0.257138E+35   0.732833E+00   0.121793E+02
   0.194631E+01   0.505725E+15   0.282257E+35   0.771062E+00   0.121996E+02
   0.201342E+01   0.524290E+15   0.308612E+35   0.808537E+00   0.122174E+02
   0.208054E+01   0.542962E+15   0.336208E+35   0.845207E+00   0.122326E+02
   0.214765E+01   0.561732E+15   0.365022E+35   0.880993E+00   0.122452E+02
   0.221476E+01   0.580615E+15   0.395061E+35   0.915868E+00   0.122552E+02
   0.228188E+01   0.599589E+15   0.426278E+35   0.949755E+00   0.122627E+02
   0.234899E+01   0.618669E+15   0.458677E+35   0.982651E+00   0.122676E+02
   0.241611E+01   0.637857E+15   0.492247E+35   0.101454E+01   0.122701E+02
   0.248322E+01   0.657156E+15   0.526976E+35   0.104541E+01   0.122704E+02
   0.255034E+01   0.676555E+15   0.562825E+35   0.107525E+01   0.122685E+02
   0.261745E+01   0.696056E+15   0.599780E+35   0.110404E+01   0.122646E+02
   0.268456E+01   0.715660E+15   0.632261E+35   0.112770E+01   0.122597E+02
   0.275168E+01   0.735356E+15   0.661507E+35   0.114753E+01   0.122539E+02
   0.281879E+01   0.755130E+15   0.689664E+35   0.116528E+01   0.122471E+02
   0.288591E+01   0.774975E+15   0.717265E+35   0.118144E+01   0.122393E+02
   0.295302E+01   0.794879E+15   0.744570E+35   0.119629E+01   0.122304E+02
   0.302013E+01   0.814863E+15   0.771757E+35   0.121004E+01   0.122206E+02
   0.308725E+01   0.834917E+15   0.798934E+35   0.122281E+01   0.122099E+02
   0.315436E+01   0.855034E+15   0.826153E+35   0.123472E+01   0.121983E+02
   0.322148E+01   0.875219E+15   0.850772E+35   0.124474E+01   0.121871E+02
   0.328859E+01   0.895440E+15   0.870768E+35   0.125229E+01   0.121777E+02
   0.335570E+01   0.915712E+15   0.890041E+35   0.125904E+01   0.121683E+02
   0.342282E+01   0.936016E+15   0.909086E+35   0.126521E+01   0.121586E+02
   0.348993E+01   0.956384E+15   0.928097E+35   0.127090E+01   0.121487E+02
   0.355705E+01   0.976780E+15   0.947164E+35   0.127618E+01   0.121384E+02
   0.362416E+01   0.997214E+15   0.966352E+35   0.128109E+01   0.121278E+02
   0.369128E+01   0.101770E+16   0.985705E+35   0.128566E+01   0.121168E+02
   0.375839E+01   0.103820E+16   0.100524E+36   0.128992E+01   0.121054E+02
   0.382550E+01   0.105879E+16   0.102502E+36   0.129390E+01   0.120937E+02
   0.389262E+01   0.107936E+16   0.104499E+36   0.129759E+01   0.120816E+02
   0.395973E+01   0.110001E+16   0.106524E+36   0.130105E+01   0.120692E+02
   0.402685E+01   0.112066E+16   0.108570E+36   0.130427E+01   0.120564E+02
   0.409396E+01   0.114135E+16   0.110644E+36   0.130726E+01   0.120433E+02
   0.416107E+01   0.116214E+16   0.112749E+36   0.131006E+01   0.120298E+02
   0.422819E+01   0.118291E+16   0.114878E+36   0.131265E+01   0.120161E+02
   0.429530E+01   0.120372E+16   0.117034E+36   0.131506E+01   0.120021E+02
   0.436242E+01   0.122456E+16   0.119220E+36   0.131730E+01   0.119878E+02
   0.442953E+01   0.124555E+16   0.121443E+36   0.131937E+01   0.119732E+02
   0.449664E+01   0.126642E+16   0.123683E+36   0.132128E+01   0.119584E+02
   0.456376E+01   0.128743E+16   0.125963E+36   0.132305E+01   0.119433E+02
   0.463087E+01   0.130842E+16   0.128264E+36   0.132467E+01   0.119280E+02
   0.469799E+01   0.132950E+16   0.130602E+36   0.132616E+01   0.119124E+02
   0.476510E+01   0.135058E+16   0.132967E+36   0.132753E+01   0.118967E+02
   0.483221E+01   0.137168E+16   0.135357E+36   0.132877E+01   0.118808E+02
   0.489933E+01   0.139286E+16   0.137784E+36   0.132989E+01   0.118646E+02
   0.496644E+01   0.141403E+16   0.140240E+36   0.133091E+01   0.118483E+02
   0.503356E+01   0.143530E+16   0.142726E+36   0.133183E+01   0.118317E+02
   0.510067E+01   0.145655E+16   0.145243E+36   0.133264E+01   0.118151E+02
   0.516778E+01   0.147783E+16   0.147786E+36   0.133336E+01   0.117983E+02
   0.523490E+01   0.149925E+16   0.150371E+36   0.133399E+01   0.117813E+02
   0.530201E+01   0.152056E+16   0.152971E+36   0.133454E+01   0.117642E+02
   0.536913E+01   0.154206E+16   0.155618E+36   0.133500E+01   0.117469E+02
   0.543624E+01   0.156347E+16   0.158282E+36   0.133539E+01   0.117296E+02
   0.550336E+01   0.158494E+16   0.160980E+36   0.133570E+01   0.117121E+02
   0.557047E+01   0.160650E+16   0.163710E+36   0.133595E+01   0.116946E+02
   0.563758E+01   0.162806E+16   0.166470E+36   0.133612E+01   0.116769E+02
   0.570470E+01   0.164963E+16   0.169257E+36   0.133623E+01   0.116592E+02
   0.577181E+01   0.167128E+16   0.172079E+36   0.133628E+01   0.116414E+02
   0.583893E+01   0.169297E+16   0.174930E+36   0.133628E+01   0.116235E+02
   0.590604E+01   0.171467E+16   0.177806E+36   0.133621E+01   0.116055E+02
   0.597315E+01   0.173640E+16   0.180716E+36   0.133610E+01   0.115875E+02
   0.604027E+01   0.175821E+16   0.183654E+36   0.133593E+01   0.115694E+02
   0.610738E+01   0.178005E+16   0.186623E+36   0.133572E+01   0.115513E+02
   0.617450E+01   0.180194E+16   0.189626E+36   0.133546E+01   0.115331E+02
   0.624161E+01   0.182384E+16   0.192652E+36   0.133516E+01   0.115149E+02
   0.630872E+01   0.184579E+16   0.195711E+36   0.133482E+01   0.114966E+02
   0.637584E+01   0.186777E+16   0.198798E+36   0.133443E+01   0.114783E+02
   0.644295E+01   0.188976E+16   0.201906E+36   0.133401E+01   0.114601E+02
   0.651007E+01   0.191180E+16   0.205050E+36   0.133356E+01   0.114418E+02
   0.657718E+01   0.193381E+16   0.208219E+36   0.133307E+01   0.114235E+02
   0.664429E+01   0.195594E+16   0.211415E+36   0.133254E+01   0.114052E+02
   0.671141E+01   0.197814E+16   0.214653E+36   0.133199E+01   0.113868E+02
   0.677852E+01   0.200030E+16   0.217901E+36   0.133141E+01   0.113685E+02
   0.684564E+01   0.202254E+16   0.221186E+36   0.133079E+01   0.113502E+02
   0.691275E+01   0.204480E+16   0.224506E+36   0.133015E+01   0.113318E+02
   0.697987E+01   0.206710E+16   0.227847E+36   0.132949E+01   0.113135E+02
   0.704698E+01   0.208943E+16   0.231212E+36   0.132880E+01   0.112952E+02
   0.711409E+01   0.211179E+16   0.234601E+36   0.132809E+01   0.112770E+02
   0.718121E+01   0.213424E+16   0.238035E+36   0.132736E+01   0.112587E+02
   0.724832E+01   0.215666E+16   0.241477E+36   0.132661E+01   0.112405E+02
   0.731544E+01   0.217917E+16   0.244956E+36   0.132584E+01   0.112223E+02
   0.738255E+01   0.220161E+16   0.248454E+36   0.132505E+01   0.112041E+02
   0.744966E+01   0.222415E+16   0.251973E+36   0.132424E+01   0.111860E+02
   0.751678E+01   0.224679E+16   0.255540E+36   0.132341E+01   0.111679E+02
   0.758389E+01   0.226939E+16   0.259120E+36   0.132257E+01   0.111499E+02
   0.765101E+01   0.229208E+16   0.262735E+36   0.132171E+01   0.111318E+02
   0.771812E+01   0.231474E+16   0.266366E+36   0.132084E+01   0.111138E+02
   0.778523E+01   0.233741E+16   0.270015E+36   0.131996E+01   0.110960E+02
   0.785235E+01   0.236026E+16   0.273713E+36   0.131906E+01   0.110780E+02
   0.791946E+01   0.238299E+16   0.277413E+36   0.131815E+01   0.110603E+02
   0.798658E+01   0.240577E+16   0.281138E+36   0.131723E+01   0.110425E+02
   0.805369E+01   0.242868E+16   0.284912E+36   0.131630E+01   0.110247E+02
   0.812080E+01   0.245163E+16   0.288702E+36   0.131536E+01   0.110071E+02
   0.818792E+01   0.247456E+16   0.292502E+36   0.131441E+01   0.109895E+02
   0.825503E+01   0.249736E+16   0.296317E+36   0.131345E+01   0.109720E+02
   0.832215E+01   0.252059E+16   0.300208E+36   0.131248E+01   0.109544E+02
   0.838926E+01   0.254354E+16   0.304083E+36   0.131150E+01   0.109370E+02
   0.845638E+01   0.256670E+16   0.307998E+36   0.131052E+01   0.109196E+02
   0.852349E+01   0.258974E+16   0.311921E+36   0.130953E+01   0.109024E+02
   0.859060E+01   0.261273E+16   0.315854E+36   0.130853E+01   0.108852E+02
   0.865772E+01   0.263604E+16   0.319855E+36   0.130752E+01   0.108680E+02
   0.872483E+01   0.265925E+16   0.323860E+36   0.130651E+01   0.108508E+02
   0.879195E+01   0.268241E+16   0.327870E+36   0.130550E+01   0.108339E+02
   0.885906E+01   0.270577E+16   0.331925E+36   0.130448E+01   0.108169E+02
   0.892617E+01   0.272915E+16   0.336011E+36   0.130345E+01   0.107999E+02
   0.899329E+01   0.275241E+16   0.340096E+36   0.130243E+01   0.107831E+02
   0.906040E+01   0.277580E+16   0.344222E+36   0.130139E+01   0.107663E+02
   0.912752E+01   0.279919E+16   0.348360E+36   0.130036E+01   0.107497E+02
   0.919463E+01   0.282266E+16   0.352492E+36   0.129932E+01   0.107332E+02
   0.926174E+01   0.284616E+16   0.356373E+36   0.129836E+01   0.107179E+02
   0.932886E+01   0.286978E+16   0.360180E+36   0.129741E+01   0.107030E+02
   0.939597E+01   0.289307E+16   0.363870E+36   0.129650E+01   0.106887E+02
   0.946309E+01   0.291685E+16   0.367588E+36   0.129558E+01   0.106745E+02
   0.953020E+01   0.294034E+16   0.371222E+36   0.129469E+01   0.106608E+02
   0.959731E+01   0.296391E+16   0.374851E+36   0.129379E+01   0.106472E+02
   0.966443E+01   0.298777E+16   0.378484E+36   0.129290E+01   0.106338E+02
   0.973154E+01   0.301141E+16   0.382078E+36   0.129203E+01   0.106206E+02
   0.979866E+01   0.303508E+16   0.385645E+36   0.129115E+01   0.106077E+02
   0.986577E+01   0.305870E+16   0.389205E+36   0.129029E+01   0.105950E+02
   0.993289E+01   0.308255E+16   0.392774E+36   0.128942E+01   0.105824E+02
   0.100000E+02   0.310624E+16   0.396315E+36   0.128856E+01   0.105700E+02
   0.100671E+02   0.313018E+16   0.399879E+36   0.128770E+01   0.105576E+02
   0.101342E+02   0.315399E+16   0.403416E+36   0.128684E+01   0.105455E+02
   0.102013E+02   0.317781E+16   0.406957E+36   0.128598E+01   0.105335E+02
   0.102685E+02   0.320179E+16   0.410506E+36   0.128513E+01   0.105216E+02
   0.103356E+02   0.322561E+16   0.414027E+36   0.128428E+01   0.105099E+02
   0.104027E+02   0.324971E+16   0.417580E+36   0.128342E+01   0.104982E+02
   0.104698E+02   0.327360E+16   0.421109E+36   0.128257E+01   0.104867E+02
   0.105369E+02   0.329745E+16   0.424635E+36   0.128172E+01   0.104754E+02
   0.106040E+02   0.332190E+16   0.428214E+36   0.128086E+01   0.104639E+02
   0.106711E+02   0.334573E+16   0.431727E+36   0.128002E+01   0.104528E+02
   0.107383E+02   0.336984E+16   0.435279E+36   0.127917E+01   0.104417E+02
   0.108054E+02   0.339377E+16   0.438789E+36   0.127833E+01   0.104309E+02
   0.108725E+02   0.341819E+16   0.442370E+36   0.127747E+01   0.104199E+02
   0.109396E+02   0.344201E+16   0.445881E+36   0.127663E+01   0.104092E+02
   0.110067E+02   0.346617E+16   0.449436E+36   0.127579E+01   0.103986E+02
   0.110738E+02   0.349042E+16   0.452992E+36   0.127494E+01   0.103880E+02
   0.111409E+02   0.351487E+16   0.456581E+36   0.127408E+01   0.103774E+02
   0.112081E+02   0.353915E+16   0.460161E+36   0.127323E+01   0.103669E+02
   0.112752E+02   0.356310E+16   0.463668E+36   0.127240E+01   0.103568E+02
   0.113423E+02   0.358750E+16   0.467256E+36   0.127155E+01   0.103465E+02
   0.114094E+02   0.361201E+16   0.470864E+36   0.127070E+01   0.103362E+02
   0.114765E+02   0.363642E+16   0.474454E+36   0.126985E+01   0.103261E+02
   0.115436E+02   0.366053E+16   0.477997E+36   0.126901E+01   0.103162E+02
   0.116107E+02   0.368515E+16   0.481621E+36   0.126815E+01   0.103062E+02
   0.116779E+02   0.370928E+16   0.485175E+36   0.126732E+01   0.102965E+02
   0.117450E+02   0.373371E+16   0.488779E+36   0.126647E+01   0.102867E+02
   0.118121E+02   0.375834E+16   0.492404E+36   0.126562E+01   0.102769E+02
   0.118792E+02   0.378279E+16   0.496010E+36   0.126477E+01   0.102673E+02
   0.119463E+02   0.380710E+16   0.499600E+36   0.126393E+01   0.102578E+02
   0.120134E+02   0.383188E+16   0.503250E+36   0.126308E+01   0.102483E+02
   0.120805E+02   0.385616E+16   0.506848E+36   0.126224E+01   0.102389E+02
   0.121477E+02   0.388095E+16   0.510507E+36   0.126139E+01   0.102295E+02
   0.122148E+02   0.390529E+16   0.514108E+36   0.126055E+01   0.102203E+02
   0.122819E+02   0.393006E+16   0.517778E+36   0.125970E+01   0.102110E+02
   0.123490E+02   0.395468E+16   0.521411E+36   0.125886E+01   0.102019E+02
   0.124161E+02   0.397924E+16   0.525067E+36   0.125801E+01   0.101928E+02
   0.124832E+02   0.400402E+16   0.528729E+36   0.125716E+01   0.101837E+02
   0.125503E+02   0.402873E+16   0.532408E+36   0.125632E+01   0.101747E+02
   0.126174E+02   0.405330E+16   0.536049E+36   0.125548E+01   0.101659E+02
   0.126846E+02   0.407796E+16   0.539727E+36   0.125463E+01   0.101570E+02
   0.127517E+02   0.410280E+16   0.543424E+36   0.125379E+01   0.101482E+02
   0.128188E+02   0.412754E+16   0.547105E+36   0.125295E+01   0.101395E+02
   0.128859E+02   0.415247E+16   0.550819E+36   0.125210E+01   0.101307E+02
   0.129530E+02   0.417765E+16   0.554564E+36   0.125125E+01   0.101220E+02
   0.130201E+02   0.420233E+16   0.558266E+36   0.125040E+01   0.101134E+02
   0.130872E+02   0.422741E+16   0.562013E+36   0.124956E+01   0.101049E+02
   0.131544E+02   0.425215E+16   0.565704E+36   0.124872E+01   0.100964E+02
   0.132215E+02   0.427700E+16   0.569435E+36   0.124788E+01   0.100880E+02
   0.132886E+02   0.430164E+16   0.573123E+36   0.124705E+01   0.100798E+02
   0.133557E+02   0.432665E+16   0.576887E+36   0.124620E+01   0.100714E+02
   0.134228E+02   0.435170E+16   0.580631E+36   0.124536E+01   0.100631E+02
