        0.067568       3.302622       1.787962      -0.765237
        0.135135       6.465510       3.537862      -1.476143
        0.202703       9.470761       5.222858      -2.101942
        0.270270      12.309318       6.829990      -2.632468
        0.337838      14.980020       8.356282      -3.071591
        0.405405      17.487786       9.804390      -3.430093
        0.472973      19.840895      11.179116      -3.720721
        0.540541      22.049447      12.485857      -3.955707
        0.608108      24.123673      13.729572      -4.145729
        0.675676      26.074120      14.915105      -4.299767
        0.743243      27.910706      16.046889      -4.424976
        0.810811      29.643923      17.130889      -4.519373
        0.878378      31.282132      18.170620      -4.588705
        0.945946      32.832375      19.168195      -4.641312
        1.013513      34.301507      20.126427      -4.681337
        1.081081      35.695678      21.047963      -4.711687
        1.148649      37.019741      21.934848      -4.734488
        1.216216      38.279427      22.789863      -4.751389
        1.283784      39.478504      23.614642      -4.763635
        1.351351      40.621831      24.411707      -4.772228
        1.418919      41.712413      25.182394      -4.777930
        1.486486      42.753636      25.928376      -4.781391
        1.554054      43.748988      26.651520      -4.783058
        1.621622      44.700962      27.352987      -4.783378
        1.689189      45.612165      28.034114      -4.782662
        1.756757      46.484957      28.696088      -4.781189
        1.824324      47.321604      29.340078      -4.779162
        1.891892      48.124165      29.967126      -4.776763
        1.959459      48.894131      30.577880      -4.774135
        2.027027      49.633259      31.173208      -4.771412
        2.094595      50.343673      31.754313      -4.768673
        2.162162      51.026493      32.321632      -4.766003
        2.229730      51.683558      32.876200      -4.763481
        2.297297      52.315488      33.418063      -4.761145
        2.364865      52.923954      33.948189      -4.759035
        2.432432      53.510161      34.467167      -4.757191
        2.500000      54.075243      34.975549      -4.755647
        2.567568      54.619933      35.473551      -4.754401
        2.635135      55.145260      35.961673      -4.753475
        2.702703      55.645004      36.414629      -4.739708
        2.770270      56.124422      36.840497      -4.717120
        2.837838      56.588884      37.251065      -4.691252
        2.905405      57.039480      37.648917      -4.663668
        2.972973      57.477134      38.035705      -4.635106
        3.040540      57.904104      38.413500      -4.605951
        3.108108      58.320678      38.783074      -4.576508
        3.175676      58.727248      39.144705      -4.547062
        3.243243      59.114231      39.483160      -4.518570
        3.310811      59.476703      39.788519      -4.492320
        3.378378      59.828822      40.083804      -4.466759
        3.445946      60.171737      40.371655      -4.441729
        3.513513      60.508627      40.654644      -4.417281
        3.581081      60.838800      40.932857      -4.393155
        3.648648      61.163039      41.207077      -4.369446
        3.716216      61.481102      41.477123      -4.346162
        3.783784      61.793344      41.743388      -4.323185
        3.851351      62.100734      42.006726      -4.300530
        3.918919      62.402166      42.266178      -4.278253
        3.986486      62.699256      42.523156      -4.256218
        4.054054      62.990701      42.776551      -4.234584
        4.121622      63.277271      43.027237      -4.213070
        4.189189      63.561199      43.276408      -4.192048
        4.256757      63.838721      43.521647      -4.171169
        4.324324      64.112527      43.764807      -4.150575
        4.391892      64.381511      44.005294      -4.130196
        4.459459      64.648715      44.244897      -4.110235
        4.527027      64.909346      44.480538      -4.090253
        4.594595      65.167676      44.715285      -4.070654
        4.662162      65.420701      44.946446      -4.051225
        4.729730      65.671725      45.177123      -4.032002
        4.797297      65.918349      45.405100      -4.013025
        4.864865      66.161681      45.631124      -3.994356
        4.932432      66.400552      45.854701      -3.975763
        5.000000      66.636063      46.076686      -3.957281
        5.067568      66.871204      46.298508      -3.939298
        5.135135      67.098907      46.516078      -3.921054
        5.202703      67.325791      46.733177      -3.903338
        5.270270      67.550494      46.949504      -3.885626
        5.337838      67.769862      47.162411      -3.868121
        5.405405      67.989237      47.375785      -3.850977
        5.472973      68.203109      47.585812      -3.833654
        5.540540      68.415051      47.794934      -3.816645
        5.608108      68.623730      48.002225      -3.799749
        5.675675      68.830218      48.208459      -3.783108
        5.743243      69.034576      48.413540      -3.766500
        5.810810      69.235076      48.616584      -3.749992
        5.878378      69.434513      48.819067      -3.733687
        5.945946      69.630243      49.019192      -3.717607
        6.013513      69.823582      49.218581      -3.701457
        6.081081      70.015314      49.416584      -3.685639
        6.148648      70.204057      49.613361      -3.669847
        6.216216      70.390547      49.808901      -3.654042
        6.283784      70.575687      50.003440      -3.638595
        6.351351      70.759579      50.197796      -3.623344
        6.418919      70.938686      50.389219      -3.607835
        6.486486      71.115770      50.579232      -3.592604
        6.554054      71.291168      50.768624      -3.577451
        6.621621      71.464830      50.957289      -3.562459
        6.689189      71.637411      51.144963      -3.547669
        6.756757      71.807561      51.331685      -3.532940
        6.824324      71.974650      51.516203      -3.518181
        6.891892      72.140397      51.700342      -3.503653
        6.959459      72.305779      51.884803      -3.489111
        7.027027      72.467975      52.066910      -3.474787
        7.094594      72.627968      52.247568      -3.460444
        7.162162      72.785718      52.426970      -3.446222
        7.229729      72.944116      52.607504      -3.432162
        7.297297      73.099133      52.785514      -3.418160
        7.364865      73.252188      52.962421      -3.404242
        7.432432      73.404007      53.138888      -3.390347
        7.500000      73.553202      53.312946      -3.376714
        7.567568      73.703761      53.489202      -3.363015
        7.635135      73.850504      53.662391      -3.349440
        7.702703      73.995610      53.835235      -3.335934
        7.770270      74.139473      54.006961      -3.322498
        7.837838      74.281079      54.177037      -3.309116
        7.905405      74.423371      54.348068      -3.295983
        7.972973      74.562190      54.517087      -3.282546
        8.040540      74.698701      54.684045      -3.269550
        8.108108      74.837113      54.853079      -3.256621
        8.175675      74.972234      55.019687      -3.243505
        8.243243      75.106105      55.185208      -3.230765
        8.310811      75.237289      55.349266      -3.217884
        8.378378      75.370165      55.515328      -3.205049
        8.445946      75.499863      55.678512      -3.192451
        8.513513      75.630094      55.842078      -3.180045
        8.581081      75.757710      56.004346      -3.167539
        8.648648      75.881595      56.163742      -3.154861
        8.716216      76.009306      56.326415      -3.142586
        8.783783      76.133098      56.486375      -3.130245
        8.851351      76.252704      56.643645      -3.117742
        8.918918      76.375780      56.802807      -3.105675
        8.986486      76.497759      56.961631      -3.093520
        9.054053      76.615454      57.117515      -3.081215
        9.121622      76.733254      57.274051      -3.069045
        9.189189      76.850553      57.429675      -3.056980
        9.256757      76.967745      57.585446      -3.043654
        9.324324      77.080063      57.732761      -3.025196
        9.391892      77.192931      57.878619      -3.004640
        9.459459      77.300988      58.018953      -2.982531
        9.527027      77.412225      58.161204      -2.959301
        9.594594      77.519064      58.298825      -2.935182
        9.662162      77.624812      58.435942      -2.910185
        9.729729      77.733768      58.573847      -2.884985
        9.797297      77.838827      58.709020      -2.859234
        9.864864      77.943051      58.842364      -2.833089
        9.932432      78.043405      58.972904      -2.806345
       10.000000      78.148706      59.106218      -2.779677
       10.067568      78.247850      59.234541      -2.752581
       10.135135      78.351933      59.366235      -2.725133
       10.202703      78.448810      59.492674      -2.697552
       10.270270      78.548030      59.620282      -2.669734
       10.337838      78.649070      59.748451      -2.642037
       10.405405      78.746424      59.873590      -2.614170
       10.472973      78.844363      59.999356      -2.585916
       10.540540      78.938224      60.122129      -2.557619
       10.608108      79.034233      60.245740      -2.529447
       10.675675      79.132897      60.370724      -2.501166
       10.743243      79.227492      60.492198      -2.472722
       10.810810      79.321438      60.614102      -2.444206
       10.878378      79.412555      60.732030      -2.415822
       10.945946      79.508513      60.854534      -2.387370
       11.013513      79.596584      60.970979      -2.358771
       11.081081      79.687747      61.089294      -2.329844
       11.148648      79.779649      61.207458      -2.301644
       11.216216      79.871370      61.326157      -2.272835
       11.283783      79.961988      61.443817      -2.244154
       11.351351      80.049013      61.557096      -2.215820
       11.418918      80.138270      61.672978      -2.187143
       11.486486      80.229384      61.790249      -2.158615
       11.554053      80.316691      61.904616      -2.130197
       11.621621      80.400311      62.015410      -2.101682
       11.689189      80.490971      62.131247      -2.073139
       11.756757      80.573791      62.240921      -2.044818
       11.824324      80.660106      62.353782      -2.016278
       11.891892      80.746009      62.465726      -1.987956
       11.959459      80.829161      62.575576      -1.959596
       12.027027      80.912590      62.685046      -1.931370
       12.094594      81.001161      62.798041      -1.903169
       12.162162      81.080804      62.905376      -1.874763
       12.229729      81.167136      63.016346      -1.846589
       12.297297      81.244895      63.121349      -1.818628
       12.364864      81.330106      63.231840      -1.790444
       12.432432      81.410733      63.337893      -1.762862
       12.499999      81.491599      63.444814      -1.734685
       12.567568      81.570883      63.550103      -1.707010
       12.635135      81.651635      63.656765      -1.679174
       12.702703      81.731886      63.761776      -1.651413
       12.770270      81.810918      63.866851      -1.623687
       12.837838      81.890416      63.971729      -1.595899
       12.905405      81.968454      64.075282      -1.568394
       12.972973      82.047558      64.179735      -1.540866
       13.040540      82.129689      64.285911      -1.513552
       13.108108      82.204833      64.387661      -1.485729
       13.175675      82.282858      64.491275      -1.458413
       13.243243      82.360243      64.592783      -1.431317
       13.310810      82.434577      64.693389      -1.404245
       13.378378      82.509623      64.793096      -1.377278
       13.445946      82.583798      64.893801      -1.349978
       13.513513      82.660463      64.994142      -1.323203
