   9.9999997764825821E-003   16797534613677.498       0.24816392247746930        73.337840000000000     
   1.9999999552965164E-002   33667729744270.953       0.19382924207647123        64.503110000000007     
   2.9999999329447746E-002   50566144209164.758       0.16793507619677880        57.989600000000003     
   3.9999999105930328E-002   67510484694048.555       0.15764029091003473        54.967799999999997     
   4.9999997019767761E-002   84452605347057.641       0.15397549974561270        53.993479999999998     
   5.9999998658895493E-002   101400219898352.00       0.15250626308017545        53.724240000000002     
   7.0000000298023224E-002   118353848041012.61       0.15133724925472902        53.676859999999998     
   7.9999998211860657E-002   135316555964217.69       0.14953505313754387        53.835569999999997     
   8.9999996125698090E-002   152288722301497.62       0.14545545119623438        53.937100000000001     
   9.9999994039535522E-002   169280102434402.22       0.13543877726051007        52.607089999999999     
  0.10999999940395355        186325545496108.50       0.11683261923873606        46.771329999999999     
  0.11999999731779099        203379823340192.41       0.10062790134115192        35.416010000000000     
  0.12999999523162842        220470212429221.56       0.10159799769212076        24.944890000000001     
  0.14000000059604645        237585294363786.91       0.11654057270441484        18.918759999999999     
  0.14999999105930328        254772583939869.00       0.14005879867059373        15.775219999999999     
  0.15999999642372131        272020751848301.25       0.17107107047214254        14.034810000000000     
  0.17000000178813934        289347764621313.81       0.21738556894234076        12.919560000000001     
  0.17999999225139618        306788812904679.81       0.30181643533077884        12.246840000000001     
  0.18999999761581421        324409526510347.44       0.42964307093961085        12.128539999999999     
  0.19999998807907104        342250293014900.25       0.55059253443490996        12.276990000000000     
  0.20999999344348907        360253233457484.25       0.66407407177011402        12.475120000000000     
  0.21999999880790710        378468832308829.00       0.77598966053582341        12.680840000000000     
  0.22999998927116394        396888032060950.56       0.88328228977445278        12.872700000000000     
  0.23999999463558197        415473325721771.81       0.98392312583599595        13.042090000000000     
  0.25000000000000000        434275257155517.12        1.0776319247874064        13.188050000000000     
  0.25999999046325684        453262704170819.19        1.1640363461955050        13.311260000000001     
  0.26999998092651367        472433291027879.06        1.2435574492163701        13.414130000000000     
  0.28000000119209290        491822624126934.56        1.3166700316685807        13.499150000000000     
  0.28999999165534973        511358570068337.62        1.3835211314059614        13.568250000000001     
  0.29999998211860657        531101977487691.00        1.4448854803960673        13.623880000000000     
  0.31000000238418579        551025228409830.94        1.5010090361709847        13.667669999999999     
  0.31999999284744263        571118879269056.38        1.5524339893552930        13.701330000000000     
  0.32999998331069946        591380257358093.25        1.5994652568611873        13.726179999999999     
  0.34000000357627869        611830803728627.88        1.6426416690931684        13.743510000000001     
  0.34999999403953552        632434050774745.12        1.6821433994918276        13.754280000000000     
  0.35999998450279236        653214765583850.00        1.7184636698392577        13.759430000000000     
  0.37000000476837158        674154951926964.75        1.7516896640855202        13.759679999999999     
  0.37999999523162842        695252471638270.25        1.7822215954075056        13.755720000000000     
  0.38999998569488525        716521282189085.75        1.8102655038463482        13.748110000000000     
  0.39999997615814209        737944753400818.12        1.8360199002815460        13.737330000000000     
  0.40999999642372131        759503701174590.25        1.8596704137253464        13.723820000000000     
  0.41999998688697815        781236077953691.50        1.8813976075395906        13.707970000000000     
  0.42999997735023499        803095438025050.88        1.9013758970759616        13.690060000000001     
  0.43999999761581421        825113794482460.38        1.9197460997221616        13.670389999999999     
  0.44999998807907104        847294710935618.50        1.9362932471433980        13.649649999999999     
  0.45999997854232788        869601897959095.00        1.9508657613861267        13.628600000000000     
  0.46999999880790710        892017181143427.50        1.9640466895008521        13.606859999999999     
  0.47999998927116394        914601498214460.88        1.9760546775069909        13.584410000000000     
  0.48999997973442078        937286487259478.25        1.9869721489189622        13.561389999999999     
  0.50000000000000000        960081235483210.62        1.9969631118112419        13.537739999999999     
  0.50999999046325684        983002907605706.25        2.0059146091077316        13.514040000000000     
  0.51999998092651367        1006057264795977.9        2.0138963938418204        13.490489999999999     
  0.52999997138977051        1029220965410499.5        2.0210706302360517        13.466939999999999     
  0.53999996185302734        1052501552423133.6        2.0275712528171663        13.443199999999999     
  0.55000001192092896        1075848303789170.6        2.0334386666467164        13.419359999999999     
  0.56000000238418579        1099353041851843.2        2.0387211905342033        13.395479999999999     
  0.56999999284744263        1122935347818954.1        2.0435023603651419        13.371400000000000     
  0.57999998331069946        1146588925980036.0        2.0477756690418389        13.347379999999999     
  0.58999997377395630        1170392650896416.5        2.0516060508693799        13.323290000000000     
  0.59999996423721313        1194281070936632.5        2.0550265371315244        13.299160000000001     
  0.61000001430511475        1218240644383829.2        2.0580592617820463        13.275050000000000     
  0.62000000476837158        1242339079822279.5        2.0607377574246222        13.250940000000000     
  0.62999999523162842        1266515795887107.8        2.0630816627406947        13.226880000000000     
  0.63999998569488525        1290795381485233.8        2.0651244610414996        13.202790000000000     
  0.64999997615814209        1315149684100039.5        2.0668780142869778        13.178780000000000     
  0.65999996662139893        1339577753435605.0        2.0683598526167861        13.154890000000000     
  0.66999995708465576        1364148961094062.0        2.0695904667127478        13.131130000000001     
  0.68000000715255737        1388811278373812.0        2.0705928221129528        13.107350000000000     
  0.68999999761581421        1413517428052854.0        2.0713729241253902        13.083780000000001     
  0.69999998807907104        1438338682325159.0        2.0719339281321747        13.061050000000000     
  0.70999997854232788        1463224913080967.5        2.0723032352889459        13.039020000000001     
  0.71999996900558472        1488222922394320.2        2.0725034632389927        13.017350000000000     
  0.72999995946884155        1513328790294549.2        2.0725468576066932        12.995889999999999     
  0.74000000953674316        1538421354051903.2        2.0724438120601714        12.974780000000001     
  0.75000000000000000        1563703858206190.0        2.0722040571515485        12.953900000000001     
  0.75999999046325684        1588926256143561.2        2.0718340228538006        12.933140000000000     
  0.76999998092651367        1614227766216240.0        2.0713362869449106        12.912319999999999     
  0.77999997138977051        1639715534289163.0        2.0707332770709010        12.892030000000000     
  0.78999996185302734        1665279919970604.5        2.0700250389331467        12.871940000000000     
  0.79999995231628418        1690800116891784.2        2.0692053210861698        12.851760000000001     
  0.81000000238418579        1716516193559393.8        2.0682971916842745        12.831920000000000     
  0.81999999284744263        1742253295524225.0        2.0673067671543519        12.812370000000000     
  0.82999998331069946        1768086496163926.8        2.0662198688956712        12.792750000000000     
  0.83999997377395630        1793933951242422.8        2.0650516005391619        12.773270000000000     
  0.84999996423721313        1819943431775212.5        2.0638211753239259        12.754149999999999     
  0.85999995470046997        1845944716005695.8        2.0625104729251871        12.735040000000000     
  0.87000000476837158        1872033902608743.0        2.0611466316560128        12.716260000000000     
  0.87999999523162842        1898090422789553.8        2.0597614123739638        12.698140000000000     
  0.88999998569488525        1924403522868659.5        2.0582979428103187        12.679910000000000     
  0.89999997615814209        1950651171316302.2        2.0567859743224619        12.661880000000000     
  0.90999996662139893        1977090066817766.8        2.0552207478665609        12.643980000000001     
  0.91999995708465576        2003505561282210.8        2.0536270880201020        12.626440000000001     
  0.93000000715255737        2029969402051564.8        2.0520147600767600        12.609320000000000     
  0.93999999761581421        2056609522714007.5        2.0503602284917388        12.592320000000001     
  0.94999998807907104        2083122778871181.5        2.0486746098487467        12.575540000000000     
  0.95999997854232788        2109765987995362.2        2.0469664363014379        12.559040000000000     
  0.96999996900558472        2136447921678267.8        2.0452444540824821        12.542859999999999     
  0.97999995946884155        2163342721647166.2        2.0435052706930756        12.526949999999999     
  0.98999994993209839        2190226355639009.2        2.0417128438145151        12.510970000000000     
   1.0000000000000000        2217168432829908.0        2.0398240273923736        12.494529999999999     
   1.0099999904632568        2244087465344756.5        2.0379951857415102        12.478980000000000     
   1.0199999809265137        2271096538397988.0        2.0361304293831521        12.463460000000000     
   1.0299999713897705        2298131269441049.0        2.0342311865032956        12.447979999999999     
   1.0399999618530273        2325343230673118.5        2.0323142251139830        12.432660000000000     
   1.0499999523162842        2352492947522452.5        2.0303645179795375        12.417380000000000     
   1.0599999427795410        2379868834800654.0        2.0283870887787336        12.402160000000000     
   1.0699999332427979        2407156582132312.5        2.0264730349292654        12.387680000000000     
   1.0799999237060547        2434517502249780.5        2.0244190462034020        12.372400000000001     
   1.0900000333786011        2462023817642949.0        2.0223636487111842        12.357360000000000     
   1.1000000238418579        2489379273558879.0        2.0203798709561620        12.343070000000001     
   1.1100000143051147        2516881312620409.5        2.0183405075909135        12.328580000000001     
   1.1200000047683716        2544754204664568.5        2.0162738545810881        12.314120000000001     
   1.1299999952316284        2572208728930118.5        2.0142165867904307        12.299910000000001     
   1.1399999856948853        2599918407650084.0        2.0121297705248469        12.285690000000001     
   1.1499999761581421        2627570593466913.0        2.0100663996623833        12.271810000000000     
   1.1599999666213989        2655339665681854.5        2.0079570619965694        12.257790000000000     
   1.1699999570846558        2683435164545182.5        2.0057712837168888        12.243440000000000     
   1.1799999475479126        2711299979074025.0        2.0037228141434458        12.230140000000000     
   1.1899999380111694        2739408306932267.5        2.0016228054689136        12.216650000000000     
   1.1999999284744263        2767238435660044.0        1.9994445789348518        12.202819999999999     
