323.594 12.056 2.021 3.011e+01 4.189e-02 7.280e-01 2.474e-01
306.761 12.125 2.032 3.074e+01 4.265e-02 7.012e-01 2.473e-01
290.804 12.193 2.041 3.145e+01 4.348e-02 6.732e-01 2.471e-01
275.677 12.261 2.051 3.226e+01 4.436e-02 6.450e-01 2.469e-01
261.336 12.329 2.059 3.317e+01 4.528e-02 6.168e-01 2.465e-01
247.742 12.396 2.067 3.420e+01 4.628e-02 5.875e-01 2.461e-01
234.855 12.463 2.073 3.536e+01 4.733e-02 5.585e-01 2.455e-01
222.638 12.529 2.079 3.666e+01 4.845e-02 5.290e-01 2.449e-01
211.057 12.595 2.083 3.812e+01 4.962e-02 5.002e-01 2.442e-01
200.078 12.659 2.087 3.975e+01 5.088e-02 4.705e-01 2.433e-01
189.671 12.722 2.089 4.157e+01 5.220e-02 4.412e-01 2.424e-01
179.804 12.783 2.090 4.362e+01 5.361e-02 4.114e-01 2.414e-01
170.451 12.843 2.090 4.590e+01 5.510e-02 3.822e-01 2.402e-01
161.585 12.901 2.089 4.846e+01 5.667e-02 3.530e-01 2.390e-01
153.179 12.957 2.086 5.132e+01 5.833e-02 3.242e-01 2.376e-01
145.211 13.011 2.082 5.450e+01 6.006e-02 2.961e-01 2.362e-01
137.658 13.062 2.076 5.807e+01 6.189e-02 2.680e-01 2.346e-01
130.497 13.111 2.069 6.207e+01 6.380e-02 2.410e-01 2.329e-01
123.709 13.157 2.060 6.656e+01 6.582e-02 2.144e-01 2.311e-01
117.274 13.199 2.050 7.163e+01 6.797e-02 1.875e-01 2.292e-01
111.173 13.239 2.038 7.737e+01 7.020e-02 1.622e-01 2.272e-01
105.390 13.275 2.024 8.386e+01 7.256e-02 1.369e-01 2.250e-01
99.908 13.308 2.008 9.121e+01 7.503e-02 1.126e-01 2.228e-01
94.711 13.337 1.991 9.955e+01 7.763e-02 8.858e-02 2.204e-01
89.784 13.363 1.973 1.090e+02 8.033e-02 6.583e-02 2.179e-01
85.114 13.385 1.953 1.197e+02 8.317e-02 4.354e-02 2.153e-01
80.686 13.404 1.931 1.320e+02 8.609e-02 2.261e-02 2.127e-01
76.489 13.419 1.908 1.458e+02 8.913e-02 2.329e-03 2.099e-01
72.510 13.429 1.884 1.616e+02 9.233e-02 -1.798e-02 2.071e-01
68.738 13.436 1.859 1.795e+02 9.559e-02 -3.666e-02 2.042e-01
65.163 13.439 1.832 2.000e+02 9.897e-02 -5.443e-02 2.012e-01
61.773 13.438 1.804 2.234e+02 1.025e-01 -7.120e-02 1.982e-01
58.560 13.433 1.775 2.503e+02 1.060e-01 -8.696e-02 1.951e-01
55.514 13.423 1.745 2.812e+02 1.098e-01 -1.024e-01 1.919e-01
52.626 13.409 1.714 3.168e+02 1.136e-01 -1.167e-01 1.887e-01
49.888 13.391 1.682 3.579e+02 1.175e-01 -1.299e-01 1.854e-01
47.293 13.369 1.648 4.056e+02 1.215e-01 -1.420e-01 1.820e-01
44.833 13.342 1.614 4.608e+02 1.256e-01 -1.536e-01 1.786e-01
42.501 13.311 1.579 5.250e+02 1.298e-01 -1.641e-01 1.751e-01
40.290 13.276 1.544 5.999e+02 1.340e-01 -1.735e-01 1.716e-01
38.194 13.237 1.507 6.872e+02 1.383e-01 -1.818e-01 1.681e-01
36.208 13.194 1.471 7.895e+02 1.427e-01 -1.890e-01 1.645e-01
34.324 13.146 1.433 9.096e+02 1.472e-01 -1.959e-01 1.609e-01
32.539 13.095 1.395 1.051e+03 1.516e-01 -2.011e-01 1.573e-01
30.846 13.039 1.357 1.217e+03 1.561e-01 -2.061e-01 1.536e-01
29.242 12.980 1.319 1.414e+03 1.607e-01 -2.096e-01 1.499e-01
27.720 12.917 1.280 1.646e+03 1.652e-01 -2.122e-01 1.462e-01
26.278 12.851 1.241 1.923e+03 1.696e-01 -2.134e-01 1.425e-01
24.912 12.781 1.202 2.251e+03 1.741e-01 -2.141e-01 1.388e-01
23.616 12.708 1.163 2.642e+03 1.785e-01 -2.136e-01 1.351e-01
22.387 12.632 1.125 3.109e+03 1.829e-01 -2.121e-01 1.314e-01
21.223 12.552 1.086 3.668e+03 1.872e-01 -2.103e-01 1.278e-01
20.119 12.470 1.048 4.337e+03 1.914e-01 -2.069e-01 1.241e-01
19.072 12.386 1.011 5.142e+03 1.954e-01 -2.020e-01 1.204e-01
18.080 12.299 0.973 6.111e+03 1.993e-01 -1.965e-01 1.168e-01
17.140 12.209 0.937 7.279e+03 2.032e-01 -1.906e-01 1.132e-01
16.248 12.118 0.900 8.690e+03 2.068e-01 -1.830e-01 1.097e-01
15.403 12.025 0.865 1.040e+04 2.102e-01 -1.745e-01 1.061e-01
14.602 11.931 0.830 1.247e+04 2.133e-01 -1.646e-01 1.027e-01
13.842 11.835 0.796 1.498e+04 2.163e-01 -1.541e-01 9.924e-02
13.122 11.738 0.762 1.803e+04 2.190e-01 -1.425e-01 9.586e-02
12.439 11.640 0.730 2.176e+04 2.214e-01 -1.298e-01 9.254e-02
11.792 11.542 0.698 2.630e+04 2.235e-01 -1.156e-01 8.926e-02
11.179 11.443 0.667 3.186e+04 2.254e-01 -1.007e-01 8.604e-02
10.597 11.343 0.637 3.868e+04 2.270e-01 -8.501e-02 8.289e-02
10.046 11.244 0.608 4.704e+04 2.282e-01 -6.759e-02 7.979e-02
9.524 11.145 0.580 5.734e+04 2.291e-01 -4.917e-02 7.675e-02
9.028 11.047 0.552 7.003e+04 2.296e-01 -2.933e-02 7.378e-02
8.559 10.949 0.526 8.570e+04 2.298e-01 -8.888e-03 7.087e-02
8.113 10.853 0.500 1.051e+05 2.296e-01 1.311e-02 6.803e-02
7.691 10.758 0.476 1.290e+05 2.292e-01 3.577e-02 6.527e-02
7.291 10.665 0.452 1.587e+05 2.284e-01 5.938e-02 6.258e-02
6.912 10.575 0.430 1.953e+05 2.272e-01 8.419e-02 5.997e-02
6.552 10.487 0.408 2.406e+05 2.259e-01 1.093e-01 5.745e-02
6.212 10.402 0.388 2.966e+05 2.242e-01 1.349e-01 5.502e-02
5.888 10.321 0.368 3.655e+05 2.223e-01 1.614e-01 5.267e-02
5.582 10.244 0.350 4.504e+05 2.200e-01 1.885e-01 5.042e-02
5.292 10.170 0.332 5.548e+05 2.177e-01 2.155e-01 4.825e-02
5.016 10.101 0.316 6.829e+05 2.150e-01 2.434e-01 4.618e-02
4.756 10.035 0.300 8.398e+05 2.123e-01 2.708e-01 4.419e-02
4.508 9.974 0.286 1.032e+06 2.094e-01 2.987e-01 4.229e-02
4.274 9.917 0.272 1.266e+06 2.064e-01 3.265e-01 4.048e-02
4.051 9.864 0.259 1.551e+06 2.033e-01 3.541e-01 3.875e-02
3.841 9.816 0.247 1.898e+06 2.001e-01 3.821e-01 3.710e-02
3.641 9.772 0.235 2.320e+06 1.968e-01 4.099e-01 3.552e-02
3.451 9.732 0.224 2.832e+06 1.935e-01 4.375e-01 3.402e-02
3.272 9.696 0.214 3.453e+06 1.901e-01 4.648e-01 3.258e-02
3.102 9.664 0.204 4.206e+06 1.867e-01 4.918e-01 3.121e-02
2.940 9.636 0.195 5.119e+06 1.833e-01 5.186e-01 2.989e-02
2.787 9.612 0.187 6.227e+06 1.800e-01 5.449e-01 2.864e-02
2.642 9.592 0.178 7.571e+06 1.766e-01 5.709e-01 2.744e-02
2.505 9.576 0.171 9.202e+06 1.733e-01 5.964e-01 2.629e-02
2.375 9.564 0.163 1.119e+07 1.701e-01 6.212e-01 2.519e-02
2.251 9.557 0.156 1.360e+07 1.669e-01 6.456e-01 2.413e-02
2.134 9.554 0.150 1.654e+07 1.638e-01 6.690e-01 2.312e-02
2.023 9.556 0.143 2.013e+07 1.609e-01 6.916e-01 2.215e-02
1.918 9.562 0.137 2.452e+07 1.581e-01 7.128e-01 2.122e-02
1.818 9.574 0.132 2.988e+07 1.555e-01 7.329e-01 2.033e-02
1.723 9.590 0.127 3.643e+07 1.532e-01 7.509e-01 1.948e-02
1.634 9.612 0.122 4.445e+07 1.511e-01 7.674e-01 1.867e-02
1.549 9.640 0.117 5.427e+07 1.493e-01 7.819e-01 1.789e-02
1.468 9.674 0.112 6.627e+07 1.479e-01 7.942e-01 1.716e-02
1.392 9.714 0.108 8.093e+07 1.468e-01 8.039e-01 1.646e-02
1.319 9.760 0.104 9.882e+07 1.461e-01 8.109e-01 1.580e-02
1.251 9.813 0.101 1.206e+08 1.458e-01 8.152e-01 1.518e-02
1.186 9.872 0.098 1.470e+08 1.460e-01 8.163e-01 1.459e-02
1.124 9.938 0.095 1.790e+08 1.466e-01 8.144e-01 1.404e-02
1.066 10.010 0.092 2.176e+08 1.478e-01 8.091e-01 1.353e-02
1.010 10.088 0.089 2.639e+08 1.495e-01 8.004e-01 1.304e-02
0.958 10.173 0.087 3.190e+08 1.517e-01 7.884e-01 1.260e-02
0.908 10.265 0.085 3.841e+08 1.544e-01 7.732e-01 1.218e-02
