        0.064725       4.344033       1.144204       0.000000      21.175171     488.366266       0.992841       3.084507       0.967245
        0.129450       4.344033       1.144204       0.000000      37.215149     483.464763       0.986016       6.025039       0.936020
        0.194175       4.344033       1.144204       0.000000      50.709961     478.056418       0.979493       8.835809       0.906172
        0.258900       4.344033       1.144204       0.000000      62.004822     472.070341       0.973230      11.534448       0.877515
        0.323625       4.344033       1.144204       0.000000      71.389709     465.548625       0.967218      14.124770       0.850008
        0.388350       4.344033       1.144204       0.000000      79.257080     458.565172       0.961435      16.616421       0.823549
        0.453074       4.344033       1.144204       0.000000      85.959045     451.182060       0.955867      19.015364       0.798075
        0.517799       4.344033       1.144204       0.000000      91.767273     443.488866       0.950503      21.326543       0.773532
        0.582524       4.344033       1.144204       0.000000      96.840820     435.588987       0.945333      23.554392       0.749874
        0.647249       4.344033       1.144204       0.000000     101.410217     427.545204       0.940348      25.702311       0.727066
        0.711974       4.344033       1.144204       0.000000     105.598633     419.422785       0.935532      27.777143       0.705033
        0.776699       4.344033       1.144204       0.000000     109.371765     411.264303       0.930894      29.775574       0.683811
        0.841424       4.344033       1.144204       0.000000     112.827942     403.153658       0.926419      31.703581       0.663338
        0.906149       4.344033       1.144204       0.000000     116.122070     395.140366       0.922110      33.560356       0.643620
        0.970874       4.344033       1.144204       0.000000     119.323975     387.263092       0.917956      35.350180       0.624614
        1.035599       4.344033       1.144204       0.000000     122.456360     379.577539       0.913996      37.056234       0.606498
        1.100324       4.344033       1.144204       0.000000     125.490479     372.221263       0.910459      38.580463       0.590312
        1.165049       4.344033       1.144204       0.000000     128.224243     365.513794       0.907884      39.689623       0.578533
        1.229774       4.344033       1.144204       0.000000     130.630066     359.479391       0.906314      40.366350       0.571347
        1.294498       4.344033       1.144204       0.000000     130.459778     354.556319       0.905232      40.832630       0.566396
        1.359223       4.344033       1.144204       0.000000     128.970886     350.236188       0.904464      41.163196       0.562885
        1.423948       4.344033       1.144204       0.000000     127.378662     346.085082       0.903892      41.409663       0.560268
        1.488673       4.344033       1.144204       0.000000     125.734009     342.054817       0.903450      41.600229       0.558245
        1.553398       4.344033       1.144204       0.000000     124.076904     338.132255       0.903084      41.758157       0.556568
        1.618123       4.344033       1.144204       0.000000     122.407898     334.287143       0.902778      41.889827       0.555169
        1.682848       4.344033       1.144204       0.000000     120.740051     330.529212       0.902509      42.005494       0.553941
        1.747573       4.344033       1.144204       0.000000     119.074768     326.849862       0.902275      42.106422       0.552869
        1.812298       4.344033       1.144204       0.000000     117.416260     323.231073       0.902065      42.196832       0.551909
        1.877023       4.344033       1.144204       0.000000     115.775574     319.692137       0.901877      42.277974       0.551048
        1.941748       4.344033       1.144204       0.000000     114.144165     316.216526       0.901705      42.352062       0.550261
        2.006473       4.344033       1.144204       0.000000     112.533508     312.803748       0.901547      42.420160       0.549538
        2.071197       4.344033       1.144204       0.000000     110.933777     309.457375       0.901403      42.482355       0.548877
        2.135922       4.344033       1.144204       0.000000     109.354980     306.169731       0.901267      42.541031       0.548254
        2.200647       4.344033       1.144204       0.000000     107.792969     302.943908       0.901140      42.595418       0.547677
        2.265372       4.344033       1.144204       0.000000     106.254395     299.771097       0.901022      42.646599       0.547133
        2.330097       4.344033       1.144204       0.000000     104.718018     296.648120       0.900913      42.693366       0.546636
        2.394822       4.344033       1.144204       0.000000     103.205566     293.590098       0.900805      42.739851       0.546143
        2.459547       4.344033       1.144204       0.000000     101.720459     290.579767       0.900705      42.782903       0.545686
        2.524272       4.344033       1.144204       0.000000     100.267090     287.626143       0.900610      42.824014       0.545249
        2.588997       4.344033       1.144204       0.000000      98.830933     284.720656       0.900520      42.862825       0.544837
        2.653722       4.344033       1.144204       0.000000      97.425903     281.866199       0.900435      42.899183       0.544451
        2.718447       4.344033       1.144204       0.000000      96.040894     279.060399       0.900351      42.935413       0.544066
        2.783172       4.344033       1.144204       0.000000      94.681396     276.309825       0.900272      42.969528       0.543704
        2.847897       4.344033       1.144204       0.000000      93.345947     273.592854       0.900196      43.002294       0.543356
        2.912621       4.344033       1.144204       0.000000      92.017456     271.041785       0.900124      43.033215       0.543028
        2.977346       4.344033       1.144204       0.000000      90.688232     268.772028       0.900056      43.062750       0.542714
        3.042071       4.344033       1.144204       0.000000      89.375366     266.620257       0.899994      43.089343       0.542432
        3.106796       4.344033       1.144204       0.000000      88.083618     264.562405       0.899933      43.115642       0.542152
        3.171521       4.344033       1.144204       0.000000      86.808594     262.578293       0.899871      43.142246       0.541870
        3.236246       4.344033       1.144204       0.000000      85.560547     260.656055       0.899820      43.164449       0.541634
        3.300971       4.344033       1.144204       0.000000      84.365967     258.797808       0.899761      43.189529       0.541368
        3.365696       4.344033       1.144204       0.000000      83.257202     257.013134       0.899705      43.213886       0.541109
        3.430421       4.344033       1.144204       0.000000      82.190918     255.276112       0.899647      43.239040       0.540842
        3.495146       4.344033       1.144204       0.000000      81.161499     253.581978       0.899594      43.261603       0.540602
        3.559871       4.344033       1.144204       0.000000      80.162598     251.924124       0.899545      43.282972       0.540375
        3.624596       4.344033       1.144204       0.000000      79.184082     250.307034       0.899489      43.307017       0.540120
        3.689321       4.344033       1.144204       0.000000      78.237305     248.723845       0.899444      43.326275       0.539916
        3.754045       4.344033       1.144204       0.000000      77.309814     247.170781       0.899396      43.346962       0.539696
        3.818770       4.344033       1.144204       0.000000      76.399658     245.652436       0.899346      43.368501       0.539467
        3.883495       4.344033       1.144204       0.000000      75.511963     244.154670       0.899300      43.388226       0.539258
        3.948220       4.344033       1.144204       0.000000      74.642578     242.694885       0.899255      43.407642       0.539052
        4.012945       4.344033       1.144204       0.000000      73.784424     241.256677       0.899209      43.427443       0.538841
        4.077670       4.344033       1.144204       0.000000      72.945312     239.837099       0.899164      43.446890       0.538635
        4.142395       4.344033       1.144204       0.000000      72.120728     238.447811       0.899124      43.464335       0.538449
        4.207120       4.344033       1.144204       0.000000      71.311157     237.076590       0.899085      43.480969       0.538273
        4.271845       4.344033       1.144204       0.000000      70.516602     235.730914       0.899044      43.498682       0.538085
        4.336570       4.344033       1.144204       0.000000      69.729858     234.404876       0.898999      43.517837       0.537881
        4.401295       4.344033       1.144204       0.000000      68.957520     233.099727       0.898960      43.535048       0.537699
        4.466020       4.344033       1.144204       0.000000      68.207275     231.806319       0.898919      43.552326       0.537515
        4.530744       4.344033       1.144204       0.000000      67.651611     230.560134       0.898889      43.565576       0.537374
        4.595469       4.344033       1.144204       0.000000      67.190796     229.339184       0.898845      43.584216       0.537176
        4.660194       4.344033       1.144204       0.000000      66.784058     228.130152       0.898803      43.602661       0.536981
        4.724919       4.344033       1.144204       0.000000      66.416992     226.942731       0.898763      43.619693       0.536800
        4.789644       4.344033       1.144204       0.000000      66.083984     225.768925       0.898725      43.635993       0.536627
        4.854369       4.344033       1.144204       0.000000      65.771484     224.601768       0.898678      43.656375       0.536410
        4.919094       4.344033       1.144204       0.000000      65.484741     223.463593       0.898644      43.671146       0.536253
        4.983819       4.344033       1.144204       0.000000      65.218872     222.343034       0.898624      43.679590       0.536164
        5.048544       4.344033       1.144204       0.000000      64.965576     221.222054       0.898581      43.698240       0.535966
        5.113269       4.344033       1.144204       0.000000      64.726196     220.124815       0.898538      43.716839       0.535768
        5.177993       4.344033       1.144204       0.000000      64.503296     219.026966       0.898514      43.727080       0.535659
        5.242719       4.344033       1.144204       0.000000      64.290405     217.946970       0.898474      43.744208       0.535478
        5.307444       4.344033       1.144204       0.000000      64.087646     216.874874       0.898434      43.761508       0.535294
        5.372168       4.344033       1.144204       0.000000      63.894409     215.832519       0.898405      43.773977       0.535161
        5.436893       4.344033       1.144204       0.000000      63.713745     214.791110       0.898379      43.785209       0.535042
        5.501618       4.344033       1.144204       0.000000      63.537476     213.754670       0.898341      43.801524       0.534869
        5.566343       4.344033       1.144204       0.000000      63.382568     212.724089       0.898310      43.815064       0.534725
        5.631068       4.344033       1.144204       0.000000      63.316284     211.702848       0.898288      43.824268       0.534627
        5.695793       4.344033       1.144204       0.000000      63.286499     210.726061       0.898246      43.842451       0.534434
        5.760518       4.344033       1.144204       0.000000      63.274536     209.727887       0.898214      43.856220       0.534288
        5.825243       4.344033       1.144204       0.000000      63.281860     208.744858       0.898183      43.869473       0.534147
        5.889968       4.344033       1.144204       0.000000      63.299316     207.790780       0.898154      43.882055       0.534014
        5.954693       4.344033       1.144204       0.000000      63.315430     206.862065       0.898122      43.895887       0.533867
        6.019418       4.344033       1.144204       0.000000      63.295288     206.042330       0.898096      43.907017       0.533749
        6.084143       4.344033       1.144204       0.000000      63.276733     205.247686       0.898067      43.919563       0.533615
        6.148868       4.344033       1.144204       0.000000      63.248779     204.508541       0.898050      43.926721       0.533539
        6.213592       4.344033       1.144204       0.000000      63.229126     203.759004       0.898023      43.938530       0.533414
        6.278317       4.344033       1.144204       0.000000      63.215576     203.039227       0.897988      43.953570       0.533254
        6.343042       4.344033       1.144204       0.000000      63.206787     202.337066       0.897936      43.976057       0.533015
        6.407767       4.344033       1.144204       0.000000      63.197021     201.644928       0.897907      43.988487       0.532883
        6.472492       4.344033       1.144204       0.000000      63.179199     200.954613       0.897915      43.984939       0.532921
        6.537217       4.344033       1.144204       0.000000      63.181519     200.276015       0.897878      44.001005       0.532751
        6.601942       4.344033       1.144204       0.000000      63.180664     199.625877       0.897850      44.012936       0.532624
        6.666667       4.344033       1.144204       0.000000      63.181396     198.961334       0.897825      44.024053       0.532506
        6.731392       4.344033       1.144204       0.000000      63.188477     198.330843       0.897797      44.036050       0.532378
        6.796117       4.344033       1.144204       0.000000      63.192505     197.670276       0.897773      44.046255       0.532270
        6.860841       4.344033       1.144204       0.000000      63.201782     197.039499       0.897749      44.056518       0.532161
        6.925566       4.344033       1.144204       0.000000      63.224121     196.440140       0.897697      44.078844       0.531924
        6.990291       4.344033       1.144204       0.000000      63.234253     195.819130       0.897703      44.076303       0.531951
        7.055017       4.344033       1.144204       0.000000      63.241699     195.222242       0.897695      44.079977       0.531912
        7.119742       4.344033       1.144204       0.000000      63.264771     194.610571       0.897653      44.097945       0.531721
        7.184466       4.344033       1.144204       0.000000      63.289307     194.020145       0.897635      44.105806       0.531638
        7.249191       4.344033       1.144204       0.000000      63.310791     193.442843       0.897605      44.118600       0.531502
        7.313916       4.344033       1.144204       0.000000      63.338379     192.855156       0.897582      44.128414       0.531398
        7.378641       4.344033       1.144204       0.000000      63.360229     192.267149       0.897563      44.136739       0.531309
        7.443366       4.344033       1.144204       0.000000      63.392212     191.688165       0.897528      44.151686       0.531150
        7.508091       4.344033       1.144204       0.000000      63.421753     191.131706       0.897514      44.157787       0.531086
        7.572816       4.344033       1.144204       0.000000      63.446777     190.566026       0.897518      44.156171       0.531103
        7.637540       4.344033       1.144204       0.000000      63.490479     190.003484       0.897467      44.178232       0.530869
        7.702265       4.344033       1.144204       0.000000      63.534424     189.472332       0.897429      44.194331       0.530698
        7.766990       4.344033       1.144204       0.000000      63.559814     188.916907       0.897428      44.194770       0.530693
