        0.032362       0.996094       0.003418       0.001426       0.000000       0.000000       0.000000       0.000000       0.000000       0.000000       0.000000       0.000000       0.000000       0.000000       0.000000       0.000000
        0.064725       0.996094       0.003418       0.004170       0.000000       0.000000       0.000000       0.000000       0.000000       0.000000       0.000000       0.000000       0.000000       0.000000       0.000000       0.000000
        0.097087       0.992188       0.007690       0.007539       0.000000       0.000000       0.000000       0.000000       0.000000       0.000000       0.000000       0.000000       0.000000       0.000000       0.000000       0.000000
        0.129450       0.988281       0.011536       0.011324       0.000000       0.000000       0.000000       0.000000       0.000000       0.000000       0.000000       0.000000       0.000000       0.000000       0.000000       0.000000
        0.161812       0.984375       0.015381       0.015250       0.000000       0.000000       0.000000       0.000000       0.000000       0.000000       0.000000       0.000000       0.000000       0.000000       0.000000       0.000000
        0.194175       0.980469       0.019226       0.019103       0.000000       0.000000       0.000000       0.000000       0.000000       0.000000       0.000000       0.000000       0.000000       0.000000       0.000000       0.000000
        0.226537       0.977539       0.022724       0.022819       0.000000       0.000000       0.000000       0.000000       0.000000       0.000000       0.000000       0.000000       0.000000       0.000000       0.000000       0.000000
        0.258900       0.973877       0.026072       0.026192       0.000000       0.000000       0.000000       0.000000       0.000000       0.000000       0.000000       0.000000       0.000000       0.000000       0.000000       0.000000
        0.291262       0.970703       0.029240       0.029235       0.000000       0.000000       0.000000       0.000000       0.000000       0.000000       0.000000       0.000000       0.000000       0.000000       0.000000       0.000000
        0.323625       0.968018       0.031920       0.031982       0.000000       0.000000       0.000000       0.000000       0.000000       0.000000       0.000000       0.000000       0.000000       0.000000       0.000000       0.000000
        0.355987       0.965820       0.034347       0.034407       0.000000       0.000000       0.000000       0.000000       0.000000       0.000000       0.000000       0.000000       0.000000       0.000000       0.000000       0.000000
        0.388350       0.963379       0.036550       0.036470       0.000000       0.000000       0.000000       0.000000       0.000000       0.000000       0.000000       0.000000       0.000000       0.000000       0.000000       0.000000
        0.420712       0.961670       0.038255       0.038337       0.000000       0.000000       0.000000       0.000000       0.000000       0.000000       0.000000       0.000000       0.000000       0.000000       0.000000       0.000000
        0.453074       0.959961       0.039961       0.039880       0.000000       0.000000       0.000000       0.000000       0.000000       0.000000       0.000000       0.000000       0.000000       0.000000       0.000000       0.000000
        0.485437       0.958740       0.041179       0.041293       0.000000       0.000000       0.000000       0.000000       0.000000       0.000000       0.000000       0.000000       0.000000       0.000000       0.000000       0.000000
        0.517799       0.957520       0.042397       0.042458       0.000000       0.000000       0.000000       0.000000       0.000000       0.000000       0.000000       0.000000       0.000000       0.000000       0.000000       0.000000
        0.550162       0.956543       0.043372       0.043489       0.000000       0.000000       0.000000       0.000000       0.000000       0.000000       0.000000       0.000000       0.000000       0.000000       0.000000       0.000000
        0.582524       0.955566       0.044347       0.044353       0.000000       0.000000       0.000000       0.000000       0.000000       0.000000       0.000000       0.000000       0.000000       0.000000       0.000000       0.000000
        0.614887       0.954834       0.045078       0.045154       0.000000       0.000000       0.000000       0.000000       0.000000       0.000000       0.000000       0.000000       0.000000       0.000000       0.000000       0.000000
        0.647249       0.954102       0.045809       0.045839       0.000000       0.000000       0.000000       0.000000       0.000000       0.000000       0.000000       0.000000       0.000000       0.000000       0.000000       0.000000
        0.679612       0.953613       0.046455       0.046480       0.000000       0.000000       0.000000       0.000000       0.000000       0.000000       0.000000       0.000000       0.000000       0.000000       0.000000       0.000000
        0.711974       0.953003       0.047066       0.047052       0.000000       0.000000       0.000000       0.000000       0.000000       0.000000       0.000000       0.000000       0.000000       0.000000       0.000000       0.000000
        0.744337       0.952271       0.047799       0.047528       0.000296       0.000000       0.000000       0.000000       0.000000       0.000000       0.000000       0.000000       0.000000       0.000000       0.000000       0.000000
        0.776699       0.951416       0.048655       0.047921       0.000813       0.000000       0.000000       0.000000       0.000000       0.000000       0.000000       0.000000       0.000000       0.000000       0.000000       0.000000
        0.809062       0.950439       0.049633       0.048247       0.001417       0.000000       0.000000       0.000000       0.000000       0.000000       0.000000       0.000000       0.000000       0.000000       0.000000       0.000000
        0.841424       0.949463       0.050611       0.048563       0.002079       0.000000       0.000000       0.000000       0.000000       0.000000       0.000000       0.000000       0.000000       0.000000       0.000000       0.000000
        0.873786       0.948364       0.051623       0.048859       0.002772       0.000000       0.000000       0.000000       0.000000       0.000000       0.000000       0.000000       0.000000       0.000000       0.000000       0.000000
        0.906149       0.947327       0.052660       0.049160       0.003490       0.000000       0.000000       0.000000       0.000000       0.000000       0.000000       0.000000       0.000000       0.000000       0.000000       0.000000
        0.938511       0.946289       0.053698       0.049476       0.004230       0.000000       0.000000       0.000000       0.000000       0.000000       0.000000       0.000000       0.000000       0.000000       0.000000       0.000000
        0.970874       0.945190       0.054796       0.049784       0.004974       0.000000       0.000000       0.000000       0.000000       0.000000       0.000000       0.000000       0.000000       0.000000       0.000000       0.000000
        1.003236       0.944092       0.055895       0.050109       0.005731       0.000000       0.000000       0.000000       0.000000       0.000000       0.000000       0.000000       0.000000       0.000000       0.000000       0.000000
        1.035599       0.942993       0.056993       0.050445       0.006494       0.000000       0.000000       0.000000       0.000000       0.000000       0.000000       0.000000       0.000000       0.000000       0.000000       0.000000
        1.067961       0.941895       0.058091       0.050778       0.007254       0.000000       0.000000       0.000000       0.000000       0.000000       0.000000       0.000000       0.000000       0.000000       0.000000       0.000000
        1.100324       0.940918       0.059068       0.051095       0.008002       0.000000       0.000000       0.000000       0.000000       0.000000       0.000000       0.000000       0.000000       0.000000       0.000000       0.000000
        1.132686       0.939941       0.060044       0.051306       0.008686       0.000000       0.000000       0.000000       0.000000       0.000000       0.000000       0.000000       0.000000       0.000000       0.000000       0.000000
        1.165049       0.939209       0.060776       0.051479       0.009340       0.000000       0.000000       0.000000       0.000000       0.000000       0.000000       0.000000       0.000000       0.000000       0.000000       0.000000
        1.197411       0.938538       0.061447       0.051546       0.009921       0.000000       0.000000       0.000000       0.000000       0.000000       0.000000       0.000000       0.000000       0.000000       0.000000       0.000000
        1.229774       0.937988       0.061997       0.051567       0.010462       0.000000       0.000000       0.000000       0.000000       0.000000       0.000000       0.000000       0.000000       0.000000       0.000000       0.000000
        1.262136       0.937500       0.062485       0.051547       0.010965       0.000000       0.000000       0.000000       0.000000       0.000000       0.000000       0.000000       0.000000       0.000000       0.000000       0.000000
        1.294498       0.937073       0.062912       0.051506       0.011441       0.000000       0.000000       0.000000       0.000000       0.000000       0.000000       0.000000       0.000000       0.000000       0.000000       0.000000
        1.326861       0.936646       0.063339       0.051444       0.011891       0.000000       0.000000       0.000000       0.000000       0.000000       0.000000       0.000000       0.000000       0.000000       0.000000       0.000000
        1.359223       0.936279       0.063705       0.051387       0.012329       0.000000       0.000000       0.000000       0.000000       0.000000       0.000000       0.000000       0.000000       0.000000       0.000000       0.000000
        1.391586       0.934326       0.064704       0.051106       0.012613       0.000000       0.000000       0.000000       0.000000       0.000000       0.000000       0.000000       0.000000       0.000000       0.000957       0.000000
        1.423948       0.922180       0.069688       0.049490       0.012041       0.000000       0.000000       0.000000       0.000000       0.000000       0.000000       0.000000       0.000000       0.000000       0.008124       0.000000
        1.456311       0.909058       0.075029       0.047771       0.011388       0.000000       0.000000       0.000000       0.000000       0.000000       0.000000       0.000000       0.000000       0.000000       0.015883       0.000000
        1.488673       0.895905       0.080432       0.046055       0.010723       0.000000       0.000000       0.000000       0.000000       0.000000       0.000000       0.000000       0.000000       0.000000       0.023649       0.000000
        1.521036       0.882965       0.085755       0.044380       0.010069       0.000000       0.000000       0.000000       0.000000       0.000000       0.000000       0.000000       0.000000       0.000000       0.031289       0.000000
        1.553398       0.870270       0.090955       0.042767       0.009441       0.000000       0.000000       0.000000       0.000000       0.000000       0.000000       0.000000       0.000000       0.000000       0.038749       0.000000
        1.585761       0.857910       0.096069       0.041207       0.008835       0.000000       0.000000       0.000000       0.000000       0.000000       0.000000       0.000000       0.000000       0.000000       0.045987       0.000000
        1.618123       0.845886       0.101038       0.039711       0.008258       0.000000       0.000000       0.000000       0.000000       0.000000       0.000000       0.000000       0.000000       0.000000       0.053080       0.000000
        1.650485       0.834198       0.105903       0.038268       0.007705       0.000000       0.000000       0.000000       0.000000       0.000000       0.000000       0.000000       0.000000       0.000000       0.059913       0.000000
        1.682848       0.822876       0.110619       0.036893       0.007184       0.000000       0.000000       0.000000       0.000000       0.000000       0.000000       0.000000       0.000000       0.000000       0.066537       0.000000
        1.715210       0.811829       0.115227       0.035568       0.006686       0.000000       0.000000       0.000000       0.000000       0.000000       0.000000       0.000000       0.000000       0.000000       0.072981       0.000000
        1.747573       0.801086       0.119723       0.034294       0.006212       0.000000       0.000000       0.000000       0.000000       0.000000       0.000000       0.000000       0.000000       0.000000       0.079193       0.000000
        1.779935       0.790710       0.124068       0.033080       0.005767       0.000000       0.000000       0.000000       0.000000       0.000000       0.000000       0.000000       0.000000       0.000000       0.085255       0.000000
        1.812298       0.780609       0.128322       0.031906       0.005340       0.000000       0.000000       0.000000       0.000000       0.000000       0.000000       0.000000       0.000000       0.000000       0.091043       0.000000
        1.844660       0.770813       0.132460       0.030789       0.004942       0.000000       0.000000       0.000000       0.000000       0.000000       0.000000       0.000000       0.000000       0.000000       0.096732       0.000000
        1.877023       0.761292       0.136484       0.029715       0.004564       0.000000       0.000000       0.000000       0.000000       0.000000       0.000000       0.000000       0.000000       0.000000       0.102226       0.000000
        1.909385       0.752045       0.140421       0.028681       0.004204       0.000000       0.000000       0.000000       0.000000       0.000000       0.000000       0.000000       0.000000       0.000000       0.107520       0.000000
        1.941748       0.743042       0.144229       0.027694       0.003868       0.000000       0.000000       0.000000       0.000000       0.000000       0.000000       0.000000       0.000000       0.000000       0.112699       0.000000
        1.974110       0.734314       0.147979       0.026744       0.003550       0.000000       0.000000       0.000000       0.000000       0.000000       0.000000       0.000000       0.000000       0.000000       0.117684       0.000000
        2.006473       0.725845       0.151612       0.025833       0.003250       0.000000       0.000000       0.000000       0.000000       0.000000       0.000000       0.000000       0.000000       0.000000       0.122531       0.000000
        2.038835       0.717590       0.155182       0.024958       0.002967       0.000000       0.000000       0.000000       0.000000       0.000000       0.000000       0.000000       0.000000       0.000000       0.127242       0.000000
        2.071197       0.709549       0.158623       0.024116       0.002701       0.000000       0.000000       0.000000       0.000000       0.000000       0.000000       0.000000       0.000000       0.000000       0.131837       0.000000
        2.103560       0.701752       0.162021       0.023308       0.002451       0.000000       0.000000       0.000000       0.000000       0.000000       0.000000       0.000000       0.000000       0.000000       0.136250       0.000000
        2.135922       0.694138       0.165308       0.022533       0.002217       0.000000       0.000000       0.000000       0.000000       0.000000       0.000000       0.000000       0.000000       0.000000       0.140546       0.000000
        2.168285       0.686737       0.168522       0.021788       0.001997       0.000000       0.000000       0.000000       0.000000       0.000000       0.000000       0.000000       0.000000       0.000000       0.144741       0.000000
        2.200647       0.679520       0.171668       0.021071       0.001791       0.000000       0.000000       0.000000       0.000000       0.000000       0.000000       0.000000       0.000000       0.000000       0.148808       0.000000
        2.233010       0.672516       0.174755       0.020383       0.001599       0.000000       0.000000       0.000000       0.000000       0.000000       0.000000       0.000000       0.000000       0.000000       0.152749       0.000000
        2.265372       0.665665       0.177733       0.019721       0.001420       0.000000       0.000000       0.000000       0.000000       0.000000       0.000000       0.000000       0.000000       0.000000       0.156607       0.000000
        2.297735       0.658997       0.180659       0.019082       0.001252       0.000000       0.000000       0.000000       0.000000       0.000000       0.000000       0.000000       0.000000       0.000000       0.160348       0.000000
        2.330097       0.652496       0.183536       0.018468       0.001096       0.000000       0.000000       0.000000       0.000000       0.000000       0.000000       0.000000       0.000000       0.000000       0.163970       0.000000
        2.362460       0.646149       0.186331       0.017878       0.000952       0.000000       0.000000       0.000000       0.000000       0.000000       0.000000       0.000000       0.000000       0.000000       0.167494       0.000000
        2.394822       0.639969       0.189076       0.017309       0.000818       0.000000       0.000000       0.000000       0.000000       0.000000       0.000000       0.000000       0.000000       0.000000       0.170954       0.000000
        2.427185       0.633942       0.191753       0.016762       0.000695       0.000000       0.000000       0.000000       0.000000       0.000000       0.000000       0.000000       0.000000       0.000000       0.174297       0.000000
        2.459547       0.628036       0.194379       0.016234       0.000582       0.000000       0.000000       0.000000       0.000000       0.000000       0.000000       0.000000       0.000000       0.000000       0.177577       0.000000
        2.491909       0.622284       0.196951       0.015725       0.000479       0.000000       0.000000       0.000000       0.000000       0.000000       0.000000       0.000000       0.000000       0.000000       0.180742       0.000000
        2.524272       0.616669       0.199460       0.015236       0.000386       0.000000       0.000000       0.000000       0.000000       0.000000       0.000000       0.000000       0.000000       0.000000       0.183857       0.000000
        2.556634       0.611206       0.201939       0.014762       0.000301       0.000000       0.000000       0.000000       0.000000       0.000000       0.000000       0.000000       0.000000       0.000000       0.186868       0.000000
        2.588997       0.605835       0.204360       0.014307       0.000226       0.000000       0.000000       0.000000       0.000000       0.000000       0.000000       0.000000       0.000000       0.000000       0.189816       0.000000
        2.621359       0.600616       0.206703       0.013868       0.000161       0.000000       0.000000       0.000000       0.000000       0.000000       0.000000       0.000000       0.000000       0.000000       0.192696       0.000000
        2.653722       0.595490       0.209032       0.013443       0.000105       0.000000       0.000000       0.000000       0.000000       0.000000       0.000000       0.000000       0.000000       0.000000       0.195493       0.000000
        2.686084       0.590485       0.211302       0.013034       0.000058       0.000000       0.000000       0.000000       0.000000       0.000000       0.000000       0.000000       0.000000       0.000000       0.198209       0.000000
        2.718447       0.585602       0.213522       0.012639       0.000023       0.000000       0.000000       0.000000       0.000000       0.000000       0.000000       0.000000       0.000000       0.000000       0.200855       0.000000
        2.750809       0.580582       0.215482       0.012254       0.000001       0.000698       0.000000       0.000000       0.000000       0.000000       0.000000       0.000000       0.000000       0.000000       0.203235       0.000000
        2.783172       0.575378       0.217067       0.011879       0.000000       0.002359       0.000000       0.000000       0.000000       0.000000       0.000000       0.000000       0.000000       0.000000       0.205209       0.000000
        2.815534       0.570175       0.218487       0.011516       0.000000       0.004375       0.000000       0.000000       0.000000       0.000000       0.000000       0.000000       0.000000       0.000000       0.206980       0.000000
        2.847897       0.565002       0.219792       0.011165       0.000000       0.006586       0.000000       0.000000       0.000000       0.000000       0.000000       0.000000       0.000000       0.000000       0.208609       0.000000
        2.880259       0.559875       0.220996       0.010827       0.000000       0.008934       0.000000       0.000000       0.000000       0.000000       0.000000       0.000000       0.000000       0.000000       0.210176       0.000000
        2.912621       0.554840       0.222145       0.010500       0.000000       0.011365       0.000000       0.000000       0.000000       0.000000       0.000000       0.000000       0.000000       0.000000       0.211632       0.000000
        2.944984       0.549873       0.223217       0.010186       0.000000       0.013868       0.000000       0.000000       0.000000       0.000000       0.000000       0.000000       0.000000       0.000000       0.213042       0.000000
        2.977346       0.544975       0.224249       0.009880       0.000000       0.016409       0.000000       0.000000       0.000000       0.000000       0.000000       0.000000       0.000000       0.000000       0.214353       0.000000
        3.009709       0.540176       0.225227       0.009587       0.000000       0.018981       0.000000       0.000000       0.000000       0.000000       0.000000       0.000000       0.000000       0.000000       0.215631       0.000000
        3.042071       0.535431       0.226162       0.009303       0.000000       0.021551       0.000000       0.000000       0.000000       0.000000       0.000000       0.000000       0.000000       0.000000       0.216861       0.000000
        3.074434       0.530792       0.227042       0.009030       0.000000       0.024151       0.000000       0.000000       0.000000       0.000000       0.000000       0.000000       0.000000       0.000000       0.218009       0.000000
        3.106796       0.526215       0.227903       0.008765       0.000000       0.026728       0.000000       0.000000       0.000000       0.000000       0.000000       0.000000       0.000000       0.000000       0.219154       0.000000
        3.139159       0.521729       0.228733       0.008509       0.000000       0.029311       0.000000       0.000000       0.000000       0.000000       0.000000       0.000000       0.000000       0.000000       0.220239       0.000000
        3.171521       0.517319       0.229527       0.008262       0.000000       0.031873       0.000000       0.000000       0.000000       0.000000       0.000000       0.000000       0.000000       0.000000       0.221274       0.000000
        3.203883       0.512985       0.230300       0.008022       0.000000       0.034417       0.000000       0.000000       0.000000       0.000000       0.000000       0.000000       0.000000       0.000000       0.222294       0.000000
        3.236246       0.508736       0.231057       0.007792       0.000000       0.036955       0.000000       0.000000       0.000000       0.000000       0.000000       0.000000       0.000000       0.000000       0.223266       0.000000
        3.268609       0.504562       0.231770       0.007569       0.000000       0.039464       0.000000       0.000000       0.000000       0.000000       0.000000       0.000000       0.000000       0.000000       0.224195       0.000000
        3.300971       0.500465       0.232459       0.007353       0.000000       0.041956       0.000000       0.000000       0.000000       0.000000       0.000000       0.000000       0.000000       0.000000       0.225124       0.000000
        3.333333       0.496437       0.233137       0.007144       0.000000       0.044430       0.000000       0.000000       0.000000       0.000000       0.000000       0.000000       0.000000       0.000000       0.226010       0.000000
        3.365696       0.492477       0.233798       0.006943       0.000000       0.046866       0.000000       0.000000       0.000000       0.000000       0.000000       0.000000       0.000000       0.000000       0.226854       0.000000
        3.398058       0.488594       0.234440       0.006747       0.000000       0.049282       0.000000       0.000000       0.000000       0.000000       0.000000       0.000000       0.000000       0.000000       0.227695       0.000000
        3.430421       0.484772       0.235057       0.006558       0.000000       0.051665       0.000000       0.000000       0.000000       0.000000       0.000000       0.000000       0.000000       0.000000       0.228502       0.000000
        3.462783       0.481026       0.235657       0.006375       0.000000       0.054022       0.000000       0.000000       0.000000       0.000000       0.000000       0.000000       0.000000       0.000000       0.229299       0.000000
        3.495146       0.477348       0.236252       0.006198       0.000000       0.056354       0.000000       0.000000       0.000000       0.000000       0.000000       0.000000       0.000000       0.000000       0.230045       0.000000
        3.527508       0.473724       0.236822       0.006027       0.000000       0.058656       0.000000       0.000000       0.000000       0.000000       0.000000       0.000000       0.000000       0.000000       0.230802       0.000000
        3.559871       0.470169       0.237382       0.005860       0.000000       0.060927       0.000000       0.000000       0.000000       0.000000       0.000000       0.000000       0.000000       0.000000       0.231520       0.000000
        3.592233       0.466675       0.237930       0.005699       0.000000       0.063166       0.000000       0.000000       0.000000       0.000000       0.000000       0.000000       0.000000       0.000000       0.232218       0.000000
        3.624596       0.463242       0.238458       0.005544       0.000000       0.065379       0.000000       0.000000       0.000000       0.000000       0.000000       0.000000       0.000000       0.000000       0.232919       0.000000
        3.656958       0.459869       0.238990       0.005392       0.000000       0.067570       0.000000       0.000000       0.000000       0.000000       0.000000       0.000000       0.000000       0.000000       0.233585       0.000000
        3.689321       0.456551       0.239493       0.005246       0.000000       0.069724       0.000000       0.000000       0.000000       0.000000       0.000000       0.000000       0.000000       0.000000       0.234247       0.000000
        3.721683       0.453285       0.239991       0.005105       0.000000       0.071849       0.000000       0.000000       0.000000       0.000000       0.000000       0.000000       0.000000       0.000000       0.234879       0.000000
        3.754045       0.450081       0.240472       0.004967       0.000000       0.073943       0.000000       0.000000       0.000000       0.000000       0.000000       0.000000       0.000000       0.000000       0.235501       0.000000
        3.786408       0.446930       0.240949       0.004834       0.000000       0.076006       0.000000       0.000000       0.000000       0.000000       0.000000       0.000000       0.000000       0.000000       0.236131       0.000000
        3.818770       0.443825       0.241418       0.004704       0.000000       0.078038       0.000000       0.000000       0.000000       0.000000       0.000000       0.000000       0.000000       0.000000       0.236711       0.000000
        3.851133       0.440781       0.241866       0.004579       0.000000       0.080048       0.000000       0.000000       0.000000       0.000000       0.000000       0.000000       0.000000       0.000000       0.237291       0.000000
        3.883495       0.437782       0.242322       0.004457       0.000000       0.082026       0.000000       0.000000       0.000000       0.000000       0.000000       0.000000       0.000000       0.000000       0.237875       0.000000
        3.915858       0.434700       0.242609       0.004342       0.000000       0.083906       0.000000       0.000000       0.000000       0.000000       0.000000       0.000000       0.000000       0.000523       0.238266       0.000000
        3.948220       0.431564       0.242771       0.004232       0.000000       0.085700       0.000000       0.000000       0.000000       0.000000       0.000000       0.000000       0.000000       0.001436       0.238524       0.000000
        3.980583       0.428413       0.242850       0.004127       0.000000       0.087430       0.000000       0.000000       0.000000       0.000000       0.000000       0.000000       0.000000       0.002572       0.238737       0.000000
        4.012945       0.425278       0.242885       0.004025       0.000000       0.089109       0.000000       0.000000       0.000000       0.000000       0.000000       0.000000       0.000000       0.003864       0.238868       0.000000
        4.045308       0.422150       0.242872       0.003927       0.000000       0.090742       0.000000       0.000000       0.000000       0.000000       0.000000       0.000000       0.000000       0.005281       0.238958       0.000000
        4.077670       0.419044       0.242820       0.003832       0.000000       0.092338       0.000000       0.000000       0.000000       0.000000       0.000000       0.000000       0.000000       0.006789       0.238992       0.000000
        4.110032       0.415970       0.242748       0.003741       0.000000       0.093902       0.000000       0.000000       0.000000       0.000000       0.000000       0.000000       0.000000       0.008386       0.239005       0.000000
        4.142395       0.412910       0.242640       0.003652       0.000000       0.095422       0.000000       0.000000       0.000000       0.000000       0.000000       0.000000       0.000000       0.010050       0.238988       0.000000
        4.174757       0.409882       0.242506       0.003566       0.000000       0.096899       0.000000       0.000000       0.000000       0.000000       0.000000       0.000000       0.000000       0.011766       0.238937       0.000000
        4.207120       0.406891       0.242349       0.003483       0.000000       0.098355       0.000000       0.000000       0.000000       0.000000       0.000000       0.000000       0.000000       0.013525       0.238869       0.000000
        4.239482       0.403923       0.242185       0.003402       0.000000       0.099784       0.000000       0.000000       0.000000       0.000000       0.000000       0.000000       0.000000       0.015340       0.238779       0.000000
        4.271845       0.400986       0.241987       0.003324       0.000000       0.101167       0.000000       0.000000       0.000000       0.000000       0.000000       0.000000       0.000000       0.017176       0.238670       0.000000
        4.304207       0.398087       0.241792       0.003247       0.000000       0.102546       0.000000       0.000000       0.000000       0.000000       0.000000       0.000000       0.000000       0.019050       0.238537       0.000000
        4.336570       0.395210       0.241582       0.003173       0.000000       0.103859       0.000000       0.000000       0.000000       0.000000       0.000000       0.000000       0.000000       0.020960       0.238400       0.000000
        4.368932       0.392395       0.241336       0.003102       0.000000       0.105210       0.000000       0.000000       0.000000       0.000000       0.000000       0.000000       0.000000       0.022840       0.238233       0.000000
        4.401295       0.389572       0.241096       0.003032       0.000000       0.106456       0.000000       0.000000       0.000000       0.000000       0.000000       0.000000       0.000000       0.024795       0.238076       0.000000
        4.433657       0.386795       0.240850       0.002964       0.000000       0.107723       0.000000       0.000000       0.000000       0.000000       0.000000       0.000000       0.000000       0.026744       0.237875       0.000000
        4.466020       0.384064       0.240591       0.002898       0.000000       0.108951       0.000000       0.000000       0.000000       0.000000       0.000000       0.000000       0.000000       0.028703       0.237689       0.000000
        4.498382       0.381348       0.240322       0.002834       0.000000       0.110156       0.000000       0.000000       0.000000       0.000000       0.000000       0.000000       0.000000       0.030684       0.237493       0.000000
        4.530744       0.378670       0.240043       0.002771       0.000000       0.111345       0.000000       0.000000       0.000000       0.000000       0.000000       0.000000       0.000000       0.032653       0.237263       0.000000
        4.563107       0.376030       0.239763       0.002710       0.000000       0.112516       0.000000       0.000000       0.000000       0.000000       0.000000       0.000000       0.000000       0.034643       0.237052       0.000000
        4.595469       0.373421       0.239469       0.002651       0.000000       0.113650       0.000000       0.000000       0.000000       0.000000       0.000000       0.000000       0.000000       0.036624       0.236824       0.000000
        4.627832       0.370842       0.239186       0.002593       0.000000       0.114786       0.000000       0.000000       0.000000       0.000000       0.000000       0.000000       0.000000       0.038623       0.236583       0.000000
        4.660194       0.368294       0.238881       0.002538       0.000000       0.115881       0.000000       0.000000       0.000000       0.000000       0.000000       0.000000       0.000000       0.040606       0.236337       0.000000
        4.692557       0.365761       0.238569       0.002483       0.000000       0.116955       0.000000       0.000000       0.000000       0.000000       0.000000       0.000000       0.000000       0.042605       0.236094       0.000000
        4.724919       0.363281       0.238269       0.002430       0.000000       0.118020       0.000000       0.000000       0.000000       0.000000       0.000000       0.000000       0.000000       0.044598       0.235841       0.000000
        4.757281       0.360825       0.237951       0.002378       0.000000       0.119055       0.000000       0.000000       0.000000       0.000000       0.000000       0.000000       0.000000       0.046577       0.235580       0.000000
        4.789644       0.358391       0.237632       0.002327       0.000000       0.120083       0.000000       0.000000       0.000000       0.000000       0.000000       0.000000       0.000000       0.048559       0.235308       0.000000
        4.822007       0.356010       0.237319       0.002278       0.000000       0.121111       0.000000       0.000000       0.000000       0.000000       0.000000       0.000000       0.000000       0.050533       0.235050       0.000000
        4.854369       0.353630       0.236996       0.002230       0.000000       0.122072       0.000000       0.000000       0.000000       0.000000       0.000000       0.000000       0.000000       0.052515       0.234772       0.000000
        4.886732       0.351280       0.236671       0.002183       0.000000       0.123044       0.000000       0.000000       0.000000       0.000000       0.000000       0.000000       0.000000       0.054490       0.234491       0.000000
        4.919094       0.348961       0.236361       0.002137       0.000000       0.123973       0.000000       0.000000       0.000000       0.000000       0.000000       0.000000       0.000000       0.056487       0.234221       0.000000
        4.951456       0.346687       0.236018       0.002093       0.000000       0.124936       0.000000       0.000000       0.000000       0.000000       0.000000       0.000000       0.000000       0.058410       0.233934       0.000000
        4.983819       0.344429       0.235696       0.002049       0.000000       0.125859       0.000000       0.000000       0.000000       0.000000       0.000000       0.000000       0.000000       0.060374       0.233653       0.000000
        5.016181       0.342186       0.235369       0.002007       0.000000       0.126735       0.000000       0.000000       0.000000       0.000000       0.000000       0.000000       0.000000       0.062332       0.233359       0.000000
        5.048544       0.340004       0.235040       0.001966       0.000000       0.127657       0.000000       0.000000       0.000000       0.000000       0.000000       0.000000       0.000000       0.064247       0.233072       0.000000
        5.080906       0.337807       0.234704       0.001925       0.000000       0.128513       0.000000       0.000000       0.000000       0.000000       0.000000       0.000000       0.000000       0.066193       0.232780       0.000000
        5.113269       0.335670       0.234366       0.001886       0.000000       0.129411       0.000000       0.000000       0.000000       0.000000       0.000000       0.000000       0.000000       0.068080       0.232475       0.000000
        5.145631       0.333549       0.234037       0.001847       0.000000       0.130242       0.000000       0.000000       0.000000       0.000000       0.000000       0.000000       0.000000       0.069991       0.232179       0.000000
        5.177993       0.331436       0.233699       0.001810       0.000000       0.131059       0.000000       0.000000       0.000000       0.000000       0.000000       0.000000       0.000000       0.071905       0.231890       0.000000
        5.210356       0.329353       0.233371       0.001773       0.000000       0.131856       0.000000       0.000000       0.000000       0.000000       0.000000       0.000000       0.000000       0.073809       0.231587       0.000000
        5.242719       0.327293       0.233037       0.001737       0.000000       0.132649       0.000000       0.000000       0.000000       0.000000       0.000000       0.000000       0.000000       0.075710       0.231301       0.000000
        5.275081       0.325279       0.232689       0.001702       0.000000       0.133466       0.000000       0.000000       0.000000       0.000000       0.000000       0.000000       0.000000       0.077547       0.230999       0.000000
        5.307444       0.323273       0.232360       0.001668       0.000000       0.134246       0.000000       0.000000       0.000000       0.000000       0.000000       0.000000       0.000000       0.079416       0.230693       0.000000
        5.339806       0.321220       0.231833       0.001637       0.000000       0.134967       0.000000       0.000000       0.000000       0.000000       0.000000       0.000000       0.000305       0.081158       0.230511       0.000000
        5.372168       0.319130       0.231119       0.001611       0.000000       0.135623       0.000000       0.000000       0.000000       0.000000       0.000000       0.000000       0.000913       0.082761       0.230427       0.000000
        5.404531       0.317039       0.230324       0.001586       0.000000       0.136284       0.000000       0.000000       0.000000       0.000000       0.000000       0.000000       0.001659       0.084300       0.230402       0.000000
        5.436893       0.314919       0.229471       0.001563       0.000000       0.136836       0.000000       0.000000       0.000000       0.000000       0.000000       0.000000       0.002525       0.085842       0.230430       0.000000
        5.469256       0.312813       0.228566       0.001541       0.000000       0.137410       0.000000       0.000000       0.000000       0.000000       0.000000       0.000000       0.003444       0.087304       0.230463       0.000000
        5.501618       0.310753       0.227641       0.001520       0.000000       0.137986       0.000000       0.000000       0.000000       0.000000       0.000000       0.000000       0.004401       0.088711       0.230529       0.000000
        5.533981       0.308662       0.226679       0.001500       0.000000       0.138470       0.000000       0.000000       0.000000       0.000000       0.000000       0.000000       0.005428       0.090124       0.230608       0.000000
        5.566343       0.306602       0.225707       0.001481       0.000000       0.138995       0.000000       0.000000       0.000000       0.000000       0.000000       0.000000       0.006491       0.091515       0.230720       0.000000
        5.598706       0.304558       0.224715       0.001462       0.000000       0.139494       0.000000       0.000000       0.000000       0.000000       0.000000       0.000000       0.007575       0.092861       0.230825       0.000000
        5.631068       0.302528       0.223704       0.001444       0.000000       0.139974       0.000000       0.000000       0.000000       0.000000       0.000000       0.000000       0.008672       0.094169       0.230930       0.000000
        5.663431       0.300537       0.222731       0.001426       0.000000       0.140314       0.000000       0.000000       0.000000       0.000000       0.000128       0.000000       0.009820       0.095473       0.231006       0.000000
        5.695793       0.298576       0.221792       0.001408       0.000000       0.140565       0.000000       0.000000       0.000000       0.000000       0.000394       0.000000       0.010992       0.096723       0.230982       0.000000
        5.728156       0.296593       0.220832       0.001390       0.000000       0.140615       0.000000       0.000000       0.000000       0.000000       0.000656       0.000000       0.012233       0.098028       0.231020       0.000000
        5.760518       0.294670       0.219900       0.001372       0.000000       0.140745       0.000000       0.000000       0.000000       0.000000       0.000994       0.000000       0.013464       0.099264       0.231006       0.000000
        5.792880       0.292747       0.218956       0.001354       0.000000       0.140802       0.000000       0.000000       0.000000       0.000000       0.001339       0.000000       0.014706       0.100471       0.230968       0.000000
        5.825243       0.290871       0.218027       0.001337       0.000000       0.140818       0.000000       0.000000       0.000000       0.000000       0.001688       0.000000       0.015957       0.101668       0.230957       0.000000
        5.857605       0.288971       0.217078       0.001321       0.000000       0.140818       0.000000       0.000000       0.000000       0.000000       0.002058       0.000000       0.017249       0.102876       0.230953       0.000000
        5.889968       0.287140       0.216157       0.001305       0.000000       0.140826       0.000000       0.000000       0.000000       0.000000       0.002451       0.000000       0.018504       0.104012       0.230909       0.000000
        5.922330       0.285294       0.215218       0.001289       0.000000       0.140778       0.000000       0.000000       0.000000       0.000000       0.002830       0.000000       0.019800       0.105177       0.230902       0.000000
        5.954693       0.283485       0.214294       0.001273       0.000000       0.140759       0.000000       0.000000       0.000000       0.000000       0.003246       0.000000       0.021081       0.106295       0.230864       0.000000
        5.987055       0.281670       0.213356       0.001258       0.000000       0.140658       0.000000       0.000000       0.000000       0.000000       0.003620       0.000000       0.022396       0.107440       0.230871       0.000000
        6.019418       0.279884       0.212425       0.001243       0.000000       0.140578       0.000000       0.000000       0.000000       0.000000       0.004024       0.000000       0.023696       0.108547       0.230859       0.000000
        6.051780       0.278084       0.211481       0.001228       0.000000       0.140474       0.000000       0.000000       0.000000       0.000000       0.004427       0.000000       0.025021       0.109655       0.230838       0.000000
        6.084143       0.276367       0.210578       0.001214       0.000000       0.140446       0.000000       0.000000       0.000000       0.000000       0.004893       0.000000       0.026282       0.110673       0.230761       0.000000
        6.116505       0.274612       0.209641       0.001200       0.000000       0.140267       0.000000       0.000000       0.000000       0.000000       0.005253       0.000000       0.027623       0.111789       0.230808       0.000000
        6.148868       0.272903       0.208727       0.001187       0.000000       0.140156       0.000000       0.000000       0.000000       0.000000       0.005675       0.000000       0.028923       0.112831       0.230785       0.000000
        6.181230       0.271217       0.207820       0.001173       0.000000       0.140028       0.000000       0.000000       0.000000       0.000000       0.006086       0.000000       0.030224       0.113869       0.230781       0.000000
        6.213592       0.269516       0.206896       0.001160       0.000000       0.139883       0.000000       0.000000       0.000000       0.000000       0.006503       0.000000       0.031536       0.114898       0.230763       0.000000
        6.245955       0.267845       0.205981       0.001147       0.000000       0.139728       0.000000       0.000000       0.000000       0.000000       0.006913       0.000000       0.032848       0.115930       0.230780       0.000000
        6.278317       0.266182       0.205067       0.001135       0.000000       0.139534       0.000000       0.000000       0.000000       0.000000       0.007291       0.000000       0.034176       0.116968       0.230810       0.000000
        6.310680       0.264580       0.204184       0.001122       0.000000       0.139410       0.000000       0.000000       0.000000       0.000000       0.007735       0.000000       0.035424       0.117899       0.230746       0.000000
        6.343042       0.262947       0.203275       0.001111       0.000000       0.139224       0.000000       0.000000       0.000000       0.000000       0.008136       0.000000       0.036731       0.118893       0.230756       0.000000
        6.375405       0.261330       0.202370       0.001099       0.000000       0.139022       0.000000       0.000000       0.000000       0.000000       0.008524       0.000000       0.038055       0.119905       0.230803       0.000000
        6.407767       0.259789       0.201517       0.001087       0.000000       0.138912       0.000000       0.000000       0.000000       0.000000       0.008990       0.000000       0.039295       0.120798       0.230722       0.000000
        6.440130       0.258194       0.200614       0.001076       0.000000       0.138729       0.000000       0.000000       0.000000       0.000000       0.009412       0.000000       0.040587       0.121751       0.230721       0.000000
        6.472492       0.256638       0.199735       0.001065       0.000000       0.138525       0.000000       0.000000       0.000000       0.000000       0.009805       0.000000       0.041877       0.122699       0.230728       0.000000
        6.504855       0.255089       0.198838       0.001054       0.000000       0.138303       0.000000       0.000000       0.000000       0.000000       0.010193       0.000020       0.043149       0.123643       0.230779       0.000000
        6.537217       0.253548       0.197864       0.001045       0.000000       0.138079       0.000000       0.000000       0.000000       0.000000       0.010646       0.000233       0.044264       0.124495       0.230897       0.000000
        6.569580       0.252007       0.196840       0.001037       0.000000       0.137808       0.000000       0.000000       0.000000       0.000000       0.011088       0.000534       0.045314       0.125329       0.231100       0.000000
        6.601942       0.250481       0.195805       0.001029       0.000000       0.137533       0.000000       0.000000       0.000000       0.000000       0.011542       0.000886       0.046313       0.126119       0.231298       0.000000
        6.634304       0.248955       0.194740       0.001022       0.000000       0.137224       0.000000       0.000000       0.000000       0.000000       0.011987       0.001270       0.047283       0.126916       0.231570       0.000000
        6.666667       0.247459       0.193686       0.001015       0.000000       0.136902       0.000000       0.000000       0.000000       0.000000       0.012414       0.001683       0.048233       0.127705       0.231865       0.000000
        6.699029       0.245995       0.192648       0.001008       0.000000       0.136634       0.000000       0.000000       0.000000       0.000000       0.012901       0.002114       0.049145       0.128449       0.232123       0.000000
        6.731392       0.244469       0.191540       0.001002       0.000000       0.136234       0.000000       0.000000       0.000000       0.000000       0.013282       0.002582       0.050099       0.129277       0.232521       0.000000
        6.763754       0.243034       0.190519       0.000995       0.000000       0.136026       0.000000       0.000000       0.000000       0.000000       0.013850       0.003036       0.050936       0.129921       0.232673       0.000000
        6.796117       0.241585       0.189451       0.000990       0.000000       0.135643       0.000000       0.000000       0.000000       0.000000       0.014236       0.003520       0.051836       0.130709       0.233081       0.000000
        6.828479       0.240120       0.188371       0.000984       0.000000       0.135307       0.000000       0.000000       0.000000       0.000000       0.014700       0.004002       0.052677       0.131405       0.233364       0.000000
        6.860841       0.238731       0.187349       0.000978       0.000000       0.135015       0.000000       0.000000       0.000000       0.000000       0.015179       0.004491       0.053508       0.132102       0.233674       0.000000
        6.893204       0.237282       0.186259       0.000973       0.000000       0.134628       0.000000       0.000000       0.000000       0.000000       0.015594       0.004996       0.054350       0.132832       0.234048       0.000000
        6.925566       0.235909       0.185248       0.000968       0.000000       0.134360       0.000000       0.000000       0.000000       0.000000       0.016112       0.005495       0.055133       0.133457       0.234268       0.000000
        6.957929       0.234489       0.184166       0.000963       0.000000       0.133941       0.000000       0.000000       0.000000       0.000000       0.016487       0.006015       0.055970       0.134205       0.234708       0.000000
        6.990291       0.233131       0.183136       0.000958       0.000000       0.133599       0.000000       0.000000       0.000000       0.000000       0.016929       0.006518       0.056748       0.134873       0.235052       0.000000
        7.022654       0.231743       0.182073       0.000954       0.000000       0.133189       0.000000       0.000000       0.000000       0.000000       0.017309       0.007051       0.057571       0.135612       0.235496       0.000000
        7.055017       0.230415       0.181072       0.000948       0.000000       0.132905       0.000000       0.000000       0.000000       0.000000       0.017820       0.007559       0.058307       0.136212       0.235746       0.000000
        7.087379       0.229103       0.180079       0.000944       0.000000       0.132605       0.000000       0.000000       0.000000       0.000000       0.018307       0.008066       0.059033       0.136805       0.236003       0.000000
        7.119742       0.227730       0.179008       0.000940       0.000000       0.132140       0.000000       0.000000       0.000000       0.000000       0.018630       0.008603       0.059830       0.137536       0.236483       0.000000
        7.152104       0.226402       0.177988       0.000935       0.000000       0.131792       0.000000       0.000000       0.000000       0.000000       0.019078       0.009136       0.060583       0.138184       0.236833       0.000000
        7.184466       0.225128       0.176999       0.000931       0.000000       0.131413       0.000000       0.000000       0.000000       0.000000       0.019462       0.009649       0.061309       0.138827       0.237218       0.000000
        7.216829       0.223854       0.176025       0.000926       0.000000       0.131138       0.000000       0.000000       0.000000       0.000000       0.019987       0.010163       0.061999       0.139384       0.237456       0.000000
        7.249191       0.222580       0.175038       0.000922       0.000000       0.130774       0.000000       0.000000       0.000000       0.000000       0.020402       0.010687       0.062714       0.140002       0.237803       0.000000
        7.281554       0.221321       0.174058       0.000918       0.000000       0.130415       0.000000       0.000000       0.000000       0.000000       0.020816       0.011212       0.063426       0.140622       0.238165       0.000000
        7.313916       0.220070       0.173093       0.000914       0.000000       0.130094       0.000000       0.000000       0.000000       0.000000       0.021282       0.011731       0.064102       0.141176       0.238423       0.000000
        7.346279       0.218819       0.172109       0.000910       0.000000       0.129710       0.000000       0.000000       0.000000       0.000000       0.021671       0.012258       0.064809       0.141807       0.238823       0.000000
        7.378641       0.217567       0.171121       0.000907       0.000000       0.129311       0.000000       0.000000       0.000000       0.000000       0.022049       0.012775       0.065495       0.142417       0.239205       0.000000
        7.411003       0.216377       0.170193       0.000903       0.000000       0.129002       0.000000       0.000000       0.000000       0.000000       0.022508       0.013282       0.066143       0.142960       0.239489       0.000000
        7.443366       0.215157       0.169227       0.000899       0.000000       0.128610       0.000000       0.000000       0.000000       0.000000       0.022879       0.013806       0.066828       0.143572       0.239883       0.000000
        7.475728       0.213997       0.168323       0.000896       0.000000       0.128303       0.000000       0.000000       0.000000       0.000000       0.023331       0.014312       0.067463       0.144102       0.240160       0.000000
        7.508091       0.212791       0.167362       0.000892       0.000000       0.127920       0.000000       0.000000       0.000000       0.000000       0.023716       0.014827       0.068129       0.144701       0.240558       0.000000
        7.540453       0.211571       0.166374       0.000890       0.000000       0.127431       0.000000       0.000000       0.000000       0.000000       0.023965       0.015363       0.068842       0.145388       0.241094       0.000000
        7.572816       0.210442       0.165500       0.000885       0.000000       0.127175       0.000000       0.000000       0.000000       0.000000       0.024476       0.015856       0.069425       0.145836       0.241260       0.000000
        7.605178       0.209251       0.164546       0.000882       0.000000       0.126771       0.000000       0.000000       0.000000       0.000000       0.024832       0.016383       0.070097       0.146451       0.241692       0.000000
        7.637540       0.208107       0.163632       0.000879       0.000000       0.126395       0.000000       0.000000       0.000000       0.000000       0.025197       0.016894       0.070738       0.147027       0.242077       0.000000
        7.669903       0.206993       0.162761       0.000876       0.000000       0.126106       0.000000       0.000000       0.000000       0.000000       0.025664       0.017387       0.071317       0.147485       0.242276       0.000000
        7.702265       0.205841       0.161841       0.000873       0.000000       0.125747       0.000000       0.000000       0.000000       0.000000       0.026066       0.017899       0.071943       0.148034       0.242624       0.000000
        7.734628       0.204735       0.160941       0.000870       0.000000       0.125341       0.000000       0.000000       0.000000       0.000000       0.026379       0.018386       0.072558       0.148610       0.243057       0.000000
        7.766990       0.203667       0.160105       0.000867       0.000000       0.125081       0.000000       0.000000       0.000000       0.000000       0.026868       0.018880       0.073131       0.149070       0.243273       0.000000
