   4.9999998882412910E-003   8387624530367.2832       0.13174246953156868        53.505279999999999     
   9.9999997764825821E-003   16797534613677.498       0.10761529452888696        44.331359999999997     
   1.4999999664723873E-002   25230644352939.254       0.10023167090758489        38.047980000000003     
   1.9999999552965164E-002   33667729744270.953        9.8760183101396337E-002   33.983759999999997     
   2.4999998509883881E-002   42113677758681.062        9.9047427892401382E-002   31.395869999999999     
   2.9999999329447746E-002   50566144209164.758        9.9521404963777940E-002   29.770029999999998     
   3.5000000149011612E-002   59061470490460.328        9.9740924608633916E-002   28.740390000000001     
   3.9999999105930328E-002   67510484694048.555        9.9694204021685121E-002   28.128119999999999     
   4.4999998062849045E-002   75980004501777.172        9.9500475106950453E-002   27.777909999999999     
   4.9999997019767761E-002   84452597922870.781        9.9247121356442161E-002   27.570499999999999     
   5.4999999701976776E-002   92948236020014.969        9.8987913742732137E-002   27.447890000000001     
   5.9999998658895493E-002   101400219898352.00        9.8724588742174171E-002   27.369470000000000     
   6.4999997615814209E-002   109877913735826.62        9.8358268510620211E-002   27.299980000000001     
   7.0000000298023224E-002   118353848041012.61        9.7879493983552265E-002   27.239599999999999     
   7.4999995529651642E-002   126835461849155.66        9.7097212729724103E-002   27.167000000000002     
   7.9999998211860657E-002   135316555964217.69        9.5984278998229935E-002   27.070920000000001     
   8.5000000894069672E-002   143802030349534.16        9.4388516857729879E-002   26.909140000000001     
   8.9999996125698090E-002   152288722301497.62        9.2339741566349984E-002   26.626690000000000     
   9.4999998807907104E-002   160782704804969.34        8.9827709349085891E-002   26.121910000000000     
   9.9999994039535522E-002   169280117282775.97        8.7150286238563524E-002   25.299410000000002     
  0.10499999672174454        177812898586840.59        8.4720524113329074E-002   24.068439999999999     
  0.10999999940395355        186325575192856.00        8.3200721683221596E-002   22.450119999999998     
  0.11499999463558197        194847769606441.19        8.3246287652661968E-002   20.602170000000001     
  0.11999999731779099        203379823340192.41        8.5294242530841446E-002   18.740980000000000     
  0.12500000000000000        211919108231956.91        8.9480203698125843E-002   17.061250000000001     
  0.12999999523162842        220470242125969.06        9.5768896344106569E-002   15.647309999999999     
  0.13499999046325684        229011887909158.88       0.10396159931849439        14.521310000000000     
  0.14000000059604645        237585309212160.66       0.11392134082188080        13.645339999999999     
  0.14499999582767487        246172910712087.91       0.12549753334934186        12.975040000000000     
  0.14999999105930328        254772583939869.00       0.13857750807087277        12.466570000000001     
  0.15500000119209290        263388263714546.09       0.15327486029099455        12.079090000000001     
  0.15999999642372131        272020751848301.25       0.17004052560770119        11.780700000000000     
  0.16499999165534973        280672364687438.66       0.19017568650751843        11.546580000000001     
  0.17000000178813934        289347764621313.81       0.21642195765507394        11.365019999999999     
  0.17499999701976776        298046268624734.56       0.25243201002067245        11.247960000000001     
  0.17999999225139618        306788812904679.81       0.30069640520227198        11.219730000000000     
  0.18500000238418579        315572279302663.31       0.36030143371105122        11.285180000000000     
  0.18999999761581421        324409526510347.44       0.42853891739067457        11.422230000000001     
  0.19499999284744263        333302930267531.06       0.50231426796128342        11.601580000000000     
  0.19999998807907104        342255460248963.06       0.57905701075854088        11.799820000000000     
  0.20499999821186066        351270115826139.75       0.65688066114219179        12.001799999999999     
  0.20999999344348907        360349153951870.06       0.73438844824426597        12.198530000000000     
  0.21499998867511749        369490109796112.69       0.80861044247237768        12.380290000000000     
  0.21999999880790710        378690073077613.62       0.86846312457661690        12.521080000000000     
  0.22499999403953552        387932532404769.81       0.92477985602907031        12.648009999999999     
  0.22999998927116394        397246501499876.69       0.97882324335514115        12.764440000000000     
  0.23499999940395355        406595334576534.38        1.0303844061102625        12.870440000000000     
  0.23999999463558197        415985297648462.81        1.0798098334275932        12.967300000000000     
  0.24499998986721039        425428506988637.00        1.1271228606193309        13.055610000000000     
  0.25000000000000000        434945364262581.00        1.1724527732613383        13.136130000000000     
  0.25499999523162842        444495214622984.19        1.2157646082421341        13.209289999999999     
  0.25999999046325684        454089788285104.00        1.2571796483608237        13.275740000000001     
  0.26499998569488525        463736954887024.88        1.2966000608289596        13.335760000000001     
  0.26999998092651367        473424004220822.00        1.3343169312058336        13.390190000000000     
  0.27500000596046448        483180870607963.06        1.3704906595813220        13.439570000000000     
  0.28000000119209290        492930461291969.69        1.4048168412889006        13.483820000000000     
  0.28499999642372131        502784109379173.69        1.4377569201137850        13.523840000000000     
  0.28999999165534973        512660534871701.00        1.4691095024697183        13.559640000000000     
  0.29499998688697815        522573962511598.12        1.4990727582995880        13.591690000000000     
  0.29999998211860657        532550228469179.62        1.5277377284601845        13.620310000000000     
  0.30500000715255737        542568960775668.81        1.5550842866800687        13.645690000000000     
  0.31000000238418579        552620359504394.69        1.5811569782249872        13.668060000000001     
  0.31499999761581421        562748554022124.06        1.6061651214768935        13.687780000000000     
  0.31999999284744263        572898189591539.75        1.6299835814584591        13.704910000000000     
  0.32499998807907104        583093320578106.88        1.6527772882645480        13.719730000000000     
  0.32999998331069946        593315059850423.12        1.6745257428972062        13.732350000000000     
  0.33499997854232788        603591797499087.00        1.6952837752417917        13.742960000000000     
  0.34000000357627869        613920445062359.62        1.7151990423749035        13.751760000000001     
  0.34499999880790710        624292568663954.50        1.7342304830728268        13.758820000000000     
  0.34999999403953552        634688687237519.62        1.7523790691735837        13.764270000000000     
  0.35499998927116394        645132380000560.12        1.7697640426176051        13.768260000000000     
  0.35999998450279236        655620796065317.50        1.7864024410251467        13.770880000000000     
  0.36499997973442078        666131603477680.88        1.8022889003648337        13.772220000000001     
  0.37000000476837158        676718434563613.00        1.8175291093862334        13.772380000000000     
  0.37500000000000000        687323321272017.88        1.8321212640097839        13.771440000000000     
  0.37999999523162842        697987957836368.25        1.8460666952965243        13.769480000000000     
  0.38499999046325684        708665185821653.50        1.8593919749644341        13.766579999999999     
  0.38999998569488525        719400857005994.88        1.8721646648468313        13.762800000000000     
  0.39499998092651367        730169669760532.88        1.8843876886238704        13.758200000000000     
  0.39999997615814209        740986175491536.25        1.8960811756959999        13.752840000000001     
  0.40500000119209290        751825310144125.50        1.9073134526059510        13.746760000000000     
  0.40999999642372131        762716295317828.50        1.9180347770936610        13.740040000000000     
  0.41499999165534973        773623613702649.75        1.9283040748703377        13.732699999999999     
  0.41999998688697815        784570725729104.88        1.9381781500903017        13.724769999999999     
  0.42499998211860657        795591723263309.88        1.9473801890733531        13.716540000000000     
  0.42999997735023499        806631726715906.88        1.9559054642411478        13.708130000000001     
  0.43500000238418579        817699051176192.88        1.9639837047400630        13.699389999999999     
  0.43999999761581421        828772968314421.25        1.9716297587280385        13.690370000000000     
  0.44499999284744263        839915722513326.38        1.9789186740887150        13.681039999999999     
  0.44999998807907104        851065069390173.88        1.9858323723430253        13.671450000000000     
  0.45499998331069946        862276304288786.12        1.9924397106520788        13.661560000000000     
  0.45999997854232788        873507257827730.38        1.9987542881804521        13.651389999999999     
  0.46500000357627869        884782281339946.62        2.0047663455590206        13.640990000000000     
  0.46999999880790710        896078983477828.88        2.0104796239534499        13.630400000000000     
  0.47499999403953552        907392850335759.25        2.0159710655747585        13.619520000000000     
  0.47999998927116394        918761418602562.38        2.0211759562084195        13.608499999999999     
  0.48499998450279236        930166276294795.38        2.0261629328925306        13.597250000000001     
  0.48999997973442078        941565966752965.62        2.0309053433081363        13.585860000000000     
  0.49499997496604919        953021724670393.25        2.0354294168527285        13.574299999999999     
  0.50000000000000000        964518939247313.50        2.0397501988382341        13.562569999999999     
  0.50499999523162842        975999761219620.62        2.0438659178000465        13.550720000000000     
  0.50999999046325684        987549895400564.62        2.0477974544546895        13.538700000000000     
  0.51499998569488525        999137328696353.25        2.0515498306392876        13.526540000000001     
  0.51999998092651367        1010718466281674.4        2.0551078206242832        13.514329999999999     
  0.52499997615814209        1022362917332639.9        2.0585083808146316        13.501970000000000     
  0.52999997138977051        1034011644715243.4        2.0617382525315455        13.489540000000000     
  0.53499996662139893        1045697789999681.8        2.0648107669508255        13.477029999999999     
  0.53999996185302734        1057400090314753.4        2.0677361828657639        13.464420000000000     
  0.54500001668930054        1069160239893931.6        2.0705199417821971        13.451720000000000     
  0.55000001192092896        1080924190656788.1        2.0731604530904408        13.438969999999999     
  0.55500000715255737        1092711067308705.2        2.0756654643975199        13.426170000000001     
  0.56000000238418579        1104545577543593.0        2.0780415004417088        13.413309999999999     
  0.56499999761581421        1116420475355064.4        2.0802993393609683        13.400380000000000     
  0.56999999284744263        1128310340327269.5        2.0824351197927196        13.387409999999999     
  0.57499998807907104        1140214459738268.8        2.0844527364315626        13.374420000000001     
  0.57999998331069946        1152143286843178.0        2.0863615738405974        13.361380000000000     
  0.58499997854232788        1164122242057846.8        2.0881587118250504        13.348350000000000     
  0.58999997377395630        1176097039727867.2        2.0898558981801769        13.335279999999999     
  0.59499996900558472        1188094288138988.5        2.0914530953151571        13.322190000000001     
  0.59999996423721313        1200167085075719.0        2.0929547323178368        13.309080000000000     
  0.60499995946884155        1212233111154022.2        2.0943430491828892        13.296160000000000     
  0.61000001430511475        1224315054688978.8        2.0956281421922820        13.283390000000001     
  0.61500000953674316        1236453897192122.2        2.0968203680608024        13.270730000000000     
  0.62000000476837158        1248592739695265.8        2.0979259361404967        13.258139999999999     
  0.62500000000000000        1260768406165294.2        2.0989496213131700        13.245620000000001     
  0.62999999523162842        1272941221747563.8        2.0998971992486877        13.233129999999999     
  0.63499999046325684        1285190298577382.5        2.1007707187465310        13.220689999999999     
  0.63999998569488525        1297446740200578.0        2.1015711426730954        13.208310000000001     
  0.64499998092651367        1309690827976818.5        2.1023018390690251        13.196000000000000     
  0.64999997615814209        1321972452441883.5        2.1029676109749236        13.183710000000000     
  0.65499997138977051        1334329863006537.8        2.1035706232830700        13.171440000000000     
  0.65999996662139893        1346635957591533.0        2.1041094169348740        13.159269999999999     
  0.66499996185302734        1359040882952168.0        2.1045929027433257        13.147050000000000     
  0.66999995708465576        1371424426654611.5        2.1050135333022975        13.135030000000000     
  0.67500001192092896        1383814266067522.5        2.1053863607419365        13.122820000000001     
  0.68000000715255737        1396238434920529.5        2.1056984482816365        13.110920000000000     
  0.68500000238418579        1408708099190687.8        2.1059638780513752        13.098870000000000     
  0.68999999761581421        1421172655620278.2        2.1061774835956042        13.086959999999999     
  0.69499999284744263        1433696130396884.5        2.1063435492883724        13.075080000000000     
  0.69999998807907104        1446195847775500.8        2.1064637920188560        13.063179999999999     
  0.70499998331069946        1458773608206515.0        2.1065387777084590        13.051360000000001     
  0.70999997854232788        1471304091415528.5        2.1065702924860861        13.039630000000001     
  0.71499997377395630        1483951461022654.2        2.1065598489405910        13.027820000000000     
  0.71999996900558472        1496520906364372.2        2.1065090711989090        13.016180000000000     
  0.72499996423721313        1509174690468955.5        2.1064187849551259        13.004519999999999     
  0.72999995946884155        1521842135077383.0        2.1062907307666121        12.992920000000000     
  0.73499995470046997        1534475962967654.2        2.1061264202912104        12.981400000000001     
  0.74000000953674316        1547179637608017.0        2.1059252463243237        12.969840000000000     
  0.74500000476837158        1559928213730581.5        2.1056894963340120        12.958320000000001     
  0.75000000000000000        1572627493252316.2        2.1054232331125102        12.946960000000001     
  0.75499999523162842        1585400658281800.8        2.1051229964638054        12.935570000000000     
  0.75999999046325684        1598224188995024.8        2.1047941906856447        12.924320000000000     
  0.76499998569488525        1610980011123976.2        2.1044307548102634        12.912960000000000     
  0.76999998092651367        1623851769355120.5        2.1040389566360433        12.901680000000001     
  0.77499997615814209        1636669360718847.0        2.1036232950945748        12.890560000000001     
  0.77999997138977051        1649546701938518.8        2.1031739385821155        12.879320000000000     
  0.78499996662139893        1662446493899291.5        2.1027025008764335        12.868240000000000     
  0.78999996185302734        1675346285860064.2        2.1021980831122788        12.857040000000000     
  0.79499995708465576        1688231348234083.2        2.1016783361802922        12.846090000000000     
  0.79999995231628418        1701193503364580.5        2.1011329432217578        12.835140000000001     
  0.80500000715255737        1714144730092002.0        2.1005661527696322        12.824270000000000     
  0.81000000238418579        1727170911410083.5        2.0999754069689343        12.813420000000001     
  0.81499999761581421        1740136630150279.2        2.0993562346677708        12.802500000000000     
  0.81999999284744263        1753190132476049.2        2.0987187286083397        12.791670000000000     
  0.82499998807907104        1766264422525060.8        2.0980723999799724        12.781070000000000     
  0.82999998331069946        1779281219670935.8        2.0974201739551086        12.770740000000000     
  0.83499997854232788        1792407657208536.0        2.0967487212654357        12.760429999999999     
  0.83999997377395630        1805554526108407.8        2.0960825099717031        12.750500000000001     
  0.84499996900558472        1818680726072028.0        2.0953908456927897        12.740489999999999     
  0.84999996423721313        1831788632839196.0        2.0946843334145977        12.730540000000000     
  0.85499995946884155        1844874564013222.5        2.0939821699571453        12.720920000000000     
  0.85999995470046997        1858156850081639.2        2.0932520638051741        12.711160000000000     
  0.86500000953674316        1871368339104044.8        2.0925077241205390        12.701449999999999     
  0.87000000476837158        1884496320872514.2        2.0917565495289101        12.691890000000001     
  0.87500000000000000        1897740357530166.8        2.0909976941666781        12.682449999999999     
  0.87999999523162842        1911035116232528.2        2.0902114155517850        12.672879999999999     
  0.88499999046325684        1924234370194968.8        2.0894585042329177        12.663900000000000     
  0.88999998569488525        1937649341331161.2        2.0886550718464933        12.654520000000000     
  0.89499998092651367        1950881736863798.0        2.0878588740599029        12.645410000000000     
  0.89999997615814209        1964093819821153.0        2.0870601211036788        12.636430000000001     
  0.90499997138977051        1977536230752024.2        2.0862433748220996        12.627430000000000     
  0.90999996662139893        1990825050104888.5        2.0854052601944137        12.618359999999999     
  0.91499996185302734        2004173619313697.8        2.0845804829865004        12.609579999999999     
  0.91999995708465576        2017603913971594.0        2.0837202823721590        12.600590000000000     
  0.92499995231628418        2030973627264614.8        2.0828798879182360        12.591939999999999     
  0.93000000715255737        2044374937896963.0        2.0820204936282507        12.583240000000000     
  0.93500000238418579        2057875792026890.2        2.0811470449153928        12.574540000000001     
  0.93999999761581421        2071326280473078.2        2.0802398694429551        12.565630000000001     
  0.94499999284744263        2084803852352975.0        2.0793688903378493        12.557210000000000     
  0.94999998807907104        2098258617130801.0        2.0784759332570437        12.548700000000000     
  0.95499998331069946        2111722172145883.5        2.0775795612648484        12.540270000000000     
  0.95999997854232788        2125287171250384.8        2.0766587912358343        12.531730000000000     
  0.96499997377395630        2138875690178896.5        2.0757455256718162        12.523370000000000     
  0.96999996900558472        2152429285732362.2        2.0748363705378301        12.515150000000000     
  0.97499996423721313        2165804938374880.8        2.0738940838967310        12.506750000000000     
  0.97999995946884155        2179398683930950.0        2.0729601568226199        12.498510000000000     
  0.98499995470046997        2193123807897905.8        2.0720226042717647        12.490349999999999     
  0.98999994993209839        2206661961142678.0        2.0710427586558042        12.481920000000001     
  0.99500000476837158        2220343846645291.5        2.0700882677451586        12.473800000000001     
   1.0000000000000000        2234005538359613.2        2.0691203643627714        12.465650000000000     
   1.0049999952316284        2247672931849452.5        2.0681632008018220        12.457689999999999     
   1.0099999904632568        2261374535992398.0        2.0671922407206766        12.449690000000000     
   1.0149999856948853        2275058322086850.5        2.0662310722731521        12.441860000000000     
   1.0199999809265137        2288632111428608.0        2.0652753421454015        12.434150000000001     
   1.0249999761581421        2302364362614961.0        2.0642983454885200        12.426340000000000     
   1.0299999713897705        2316044822673695.0        2.0633347339777832        12.418710000000001     
   1.0349999666213989        2329799405814158.5        2.0623574708426946        12.411060000000001     
   1.0399999618530273        2343651394286382.5        2.0614182141571069        12.403760000000000     
   1.0449999570846558        2357409065888585.5        2.0603877449120906        12.395830000000000     
   1.0499999523162842        2371235633944959.5        2.0594315134169787        12.388540000000001     
   1.0549999475479126        2384963608799674.0        2.0584354442442634        12.381010000000000     
   1.0599999427795410        2398798016797385.0        2.0574470338595452        12.373609999999999     
   1.0649999380111694        2412667823318101.5        2.0564614195880861        12.366280000000000     
   1.0699999332427979        2426457092259631.5        2.0554335851557446        12.358710000000000     
   1.0749999284744263        2440379165055926.5        2.0544653147289336        12.351630000000000     
   1.0799999237060547        2454144676599466.5        2.0534791802026815        12.344480000000001     
   1.0849999189376831        2468209531357683.5        2.0525005378833709        12.337440000000001     
   1.0900000333786011        2482091929299334.5        2.0514558932381903        12.329980000000001     
   1.0950000286102295        2495844849421939.0        2.0504307172077003        12.322720000000000     
   1.1000000238418579        2509809210386657.5        2.0494648993989153        12.315930000000000     
   1.1050000190734863        2523879054198452.5        2.0484570390279351        12.308890000000000     
   1.1100000143051147        2537676638229278.5        2.0474542415888348        12.301940000000000     
   1.1150000095367432        2551671883811384.0        2.0463989926821808        12.294680000000000     
   1.1200000047683716        2565672593595027.0        2.0453613852571584        12.287590000000000     
   1.1250000000000000        2579648833258740.5        2.0443549355003756        12.280760000000001     
   1.1299999952316284        2593621271738775.0        2.0432892671299858        12.273580000000001     
   1.1349999904632568        2607734354014912.5        2.0422719216359888        12.266769999999999     
   1.1399999856948853        2621740765574073.5        2.0412428286598581        12.259919999999999     
   1.1449999809265137        2635657374168831.0        2.0402082430168056        12.253080000000001     
   1.1499999761581421        2649726742832666.5        2.0392001324072941        12.246460000000001     
   1.1549999713897705        2663825570670009.5        2.0381036213243968        12.239300000000000     
   1.1599999666213989        2678014676619716.0        2.0370806035684645        12.232659999999999     
   1.1649999618530273        2692219700026075.5        2.0361185870507694        12.226459999999999     
   1.1699999570846558        2706108274891204.5        2.0350281024626833        12.219469999999999     
   1.1749999523162842        2720528302749377.0        2.0339974765362392        12.212890000000000     
   1.1799999475479126        2734753282370048.0        2.0329619818495348        12.206329999999999     
   1.1849999427795410        2748726908719982.5        2.0318679184880768        12.199439999999999     
   1.1899999380111694        2762980634792222.5        2.0308493178425633        12.193049999999999     
   1.1949999332427979        2777173779499587.5        2.0298030199540857        12.186529999999999     
   1.1999999284744263        2791451738117777.5        2.0286924545758529        12.179639999999999     
