 dentity  pressure  energy
   0.100000E-01   0.116672E-01   0.942460E+01
   0.200000E-01   0.291787E-01   0.188700E+02
   0.300000E-01   0.662003E-01   0.283298E+02
   0.400000E-01   0.141504E+00   0.378048E+02
   0.500000E-01   0.266694E+00   0.472951E+02
   0.600000E-01   0.442234E+00   0.568024E+02
   0.700000E-01   0.659281E+00   0.663260E+02
   0.800000E-01   0.904248E+00   0.758678E+02
   0.900000E-01   0.116382E+01   0.854266E+02
   0.100000E+00   0.142857E+01   0.950046E+02
   0.110000E+00   0.169463E+01   0.104602E+03
   0.120000E+00   0.195693E+01   0.114220E+03
   0.130000E+00   0.222521E+01   0.123860E+03
   0.140000E+00   0.251420E+01   0.133524E+03
   0.150000E+00   0.283731E+01   0.143215E+03
   0.160000E+00   0.321345E+01   0.152938E+03
   0.170000E+00   0.365994E+01   0.162695E+03
   0.180000E+00   0.419479E+01   0.172491E+03
   0.190000E+00   0.483634E+01   0.182331E+03
   0.200000E+00   0.560177E+01   0.192215E+03
   0.210000E+00   0.650870E+01   0.202155E+03
   0.220000E+00   0.757263E+01   0.212151E+03
   0.230000E+00   0.880867E+01   0.222210E+03
   0.240000E+00   0.102307E+02   0.232340E+03
   0.250000E+00   0.118509E+02   0.242541E+03
   0.260000E+00   0.131365E+02   0.252814E+03
   0.270000E+00   0.139334E+02   0.263130E+03
   0.280000E+00   0.148162E+02   0.273481E+03
   0.290000E+00   0.158672E+02   0.283872E+03
   0.300000E+00   0.171258E+02   0.294308E+03
   0.310000E+00   0.186277E+02   0.304791E+03
   0.320000E+00   0.203815E+02   0.315337E+03
   0.330000E+00   0.224276E+02   0.325941E+03
   0.340000E+00   0.247592E+02   0.336620E+03
   0.350000E+00   0.274029E+02   0.347378E+03
   0.360000E+00   0.303585E+02   0.358216E+03
   0.370000E+00   0.332624E+02   0.369146E+03
   0.380000E+00   0.361950E+02   0.380156E+03
   0.390000E+00   0.392709E+02   0.391237E+03
   0.400000E+00   0.425065E+02   0.402409E+03
   0.410000E+00   0.459110E+02   0.413667E+03
   0.420000E+00   0.494581E+02   0.425012E+03
   0.430000E+00   0.531766E+02   0.436445E+03
   0.440000E+00   0.570779E+02   0.447970E+03
   0.450000E+00   0.611122E+02   0.459590E+03
   0.460000E+00   0.653059E+02   0.471283E+03
   0.470000E+00   0.696524E+02   0.483080E+03
   0.480000E+00   0.741563E+02   0.494972E+03
   0.490000E+00   0.787797E+02   0.506973E+03
   0.500000E+00   0.835745E+02   0.519048E+03
   0.510000E+00   0.884993E+02   0.531234E+03
   0.520000E+00   0.935373E+02   0.543525E+03
   0.530000E+00   0.987394E+02   0.555896E+03
   0.540000E+00   0.104072E+03   0.568385E+03
   0.550000E+00   0.109511E+03   0.580957E+03
   0.560000E+00   0.115096E+03   0.593641E+03
   0.570000E+00   0.120787E+03   0.606408E+03
   0.580000E+00   0.126611E+03   0.619302E+03
   0.590000E+00   0.132475E+03   0.632297E+03
   0.600000E+00   0.138444E+03   0.645374E+03
   0.610000E+00   0.144573E+03   0.658558E+03
   0.620000E+00   0.150763E+03   0.671829E+03
   0.630000E+00   0.157047E+03   0.685218E+03
   0.640000E+00   0.163433E+03   0.698696E+03
   0.650000E+00   0.169681E+03   0.712288E+03
   0.660000E+00   0.176029E+03   0.725940E+03
   0.670000E+00   0.182367E+03   0.739746E+03
   0.680000E+00   0.188819E+03   0.753610E+03
   0.690000E+00   0.195327E+03   0.767557E+03
   0.700000E+00   0.201981E+03   0.781598E+03
   0.710000E+00   0.208655E+03   0.795786E+03
   0.720000E+00   0.215460E+03   0.810026E+03
   0.730000E+00   0.222370E+03   0.824350E+03
   0.740000E+00   0.229297E+03   0.838814E+03
   0.750000E+00   0.236391E+03   0.853344E+03
   0.760000E+00   0.243555E+03   0.867921E+03
   0.770000E+00   0.250835E+03   0.882703E+03
   0.780000E+00   0.258196E+03   0.897480E+03
   0.790000E+00   0.265652E+03   0.912402E+03
   0.800000E+00   0.273123E+03   0.927454E+03
   0.810000E+00   0.280735E+03   0.942502E+03
   0.820000E+00   0.288483E+03   0.957747E+03
   0.830000E+00   0.296292E+03   0.973031E+03
   0.840000E+00   0.304199E+03   0.988367E+03
   0.850000E+00   0.312137E+03   0.100386E+04
   0.860000E+00   0.320270E+03   0.101947E+04
   0.870000E+00   0.328386E+03   0.103512E+04
   0.880000E+00   0.336703E+03   0.105090E+04
   0.890000E+00   0.345072E+03   0.106678E+04
   0.900000E+00   0.353504E+03   0.108268E+04
   0.910000E+00   0.362076E+03   0.109873E+04
   0.920000E+00   0.370654E+03   0.111483E+04
   0.930000E+00   0.379312E+03   0.113111E+04
   0.940000E+00   0.388048E+03   0.114744E+04
   0.950000E+00   0.396963E+03   0.116389E+04
   0.960000E+00   0.405871E+03   0.118039E+04
   0.970000E+00   0.414881E+03   0.119691E+04
   0.980000E+00   0.423978E+03   0.121365E+04
   0.990000E+00   0.433170E+03   0.123045E+04
   0.100000E+01   0.442421E+03   0.124734E+04
   0.101000E+01   0.451837E+03   0.126410E+04
   0.102000E+01   0.461119E+03   0.128117E+04
   0.103000E+01   0.470308E+03   0.129838E+04
   0.104000E+01   0.479745E+03   0.131557E+04
   0.105000E+01   0.489125E+03   0.133307E+04
   0.106000E+01   0.498708E+03   0.135052E+04
   0.107000E+01   0.508261E+03   0.136806E+04
   0.108000E+01   0.517833E+03   0.138566E+04
   0.109000E+01   0.527613E+03   0.140329E+04
   0.110000E+01   0.537420E+03   0.142121E+04
   0.111000E+01   0.547431E+03   0.143899E+04
   0.112000E+01   0.557324E+03   0.145700E+04
   0.113000E+01   0.567277E+03   0.147493E+04
   0.114000E+01   0.577272E+03   0.149322E+04
   0.115000E+01   0.587651E+03   0.151144E+04
   0.116000E+01   0.597889E+03   0.152974E+04
   0.117000E+01   0.608205E+03   0.154805E+04
   0.118000E+01   0.618489E+03   0.156663E+04
   0.119000E+01   0.629119E+03   0.158532E+04
   0.120000E+01   0.639732E+03   0.160383E+04
   0.121000E+01   0.650500E+03   0.162264E+04
   0.122000E+01   0.661050E+03   0.164155E+04
   0.123000E+01   0.672073E+03   0.166046E+04
   0.124000E+01   0.674918E+03   0.168035E+04
   0.125000E+01   0.684215E+03   0.169936E+04
   0.126000E+01   0.694085E+03   0.171900E+04
   0.127000E+01   0.704331E+03   0.173838E+04
   0.128000E+01   0.714725E+03   0.175799E+04
   0.129000E+01   0.725313E+03   0.177729E+04
   0.130000E+01   0.735982E+03   0.179706E+04
   0.131000E+01   0.747184E+03   0.181675E+04
   0.132000E+01   0.758379E+03   0.183668E+04
   0.133000E+01   0.769533E+03   0.185664E+04
   0.134000E+01   0.780816E+03   0.187671E+04
   0.135000E+01   0.792124E+03   0.189706E+04
   0.136000E+01   0.803889E+03   0.191694E+04
   0.137000E+01   0.815540E+03   0.193720E+04
   0.138000E+01   0.827261E+03   0.195789E+04
   0.139000E+01   0.839230E+03   0.197805E+04
   0.140000E+01   0.851093E+03   0.199867E+04
