 dentity  pressure  energy
   0.100000E-01   0.116641E-01   0.942460E+01
   0.200000E-01   0.267328E-01   0.188692E+02
   0.300000E-01   0.555090E-01   0.283260E+02
   0.400000E-01   0.116229E+00   0.377950E+02
   0.500000E-01   0.224064E+00   0.472777E+02
   0.600000E-01   0.385923E+00   0.567752E+02
   0.700000E-01   0.599237E+00   0.662879E+02
   0.800000E-01   0.854006E+00   0.758193E+02
   0.900000E-01   0.113623E+01   0.853668E+02
   0.100000E+00   0.143205E+01   0.949351E+02
   0.110000E+00   0.173072E+01   0.104525E+03
   0.120000E+00   0.202399E+01   0.114137E+03
   0.130000E+00   0.230636E+01   0.123772E+03
   0.140000E+00   0.258909E+01   0.133435E+03
   0.150000E+00   0.288419E+01   0.143128E+03
   0.160000E+00   0.320511E+01   0.152852E+03
   0.170000E+00   0.357002E+01   0.162615E+03
   0.180000E+00   0.399747E+01   0.172415E+03
   0.190000E+00   0.450733E+01   0.182262E+03
   0.200000E+00   0.511866E+01   0.192156E+03
   0.210000E+00   0.585113E+01   0.202107E+03
   0.220000E+00   0.672212E+01   0.212114E+03
   0.230000E+00   0.774877E+01   0.222184E+03
   0.240000E+00   0.894660E+01   0.232322E+03
   0.250000E+00   0.103299E+02   0.242535E+03
   0.260000E+00   0.119105E+02   0.252824E+03
   0.270000E+00   0.136996E+02   0.263194E+03
   0.280000E+00   0.157076E+02   0.273657E+03
   0.290000E+00   0.179409E+02   0.284207E+03
   0.300000E+00   0.204072E+02   0.294854E+03
   0.310000E+00   0.231137E+02   0.305600E+03
   0.320000E+00   0.260594E+02   0.316454E+03
   0.330000E+00   0.284684E+02   0.327403E+03
   0.340000E+00   0.304388E+02   0.338425E+03
   0.350000E+00   0.324603E+02   0.349513E+03
   0.360000E+00   0.345877E+02   0.360666E+03
   0.370000E+00   0.368390E+02   0.371879E+03
   0.380000E+00   0.392299E+02   0.383159E+03
   0.390000E+00   0.417634E+02   0.394521E+03
   0.400000E+00   0.444473E+02   0.405940E+03
   0.410000E+00   0.472844E+02   0.417428E+03
   0.420000E+00   0.502754E+02   0.429005E+03
   0.430000E+00   0.534129E+02   0.440634E+03
   0.440000E+00   0.567144E+02   0.452362E+03
   0.450000E+00   0.601600E+02   0.464164E+03
   0.460000E+00   0.637394E+02   0.476032E+03
   0.470000E+00   0.673737E+02   0.487987E+03
   0.480000E+00   0.711402E+02   0.500020E+03
   0.490000E+00   0.750238E+02   0.512145E+03
   0.500000E+00   0.790276E+02   0.524354E+03
   0.510000E+00   0.831470E+02   0.536625E+03
   0.520000E+00   0.873954E+02   0.548982E+03
   0.530000E+00   0.917535E+02   0.561429E+03
   0.540000E+00   0.962374E+02   0.573935E+03
   0.550000E+00   0.100832E+03   0.586549E+03
   0.560000E+00   0.105543E+03   0.599266E+03
   0.570000E+00   0.110368E+03   0.612028E+03
   0.580000E+00   0.115314E+03   0.624892E+03
   0.590000E+00   0.120202E+03   0.637598E+03
   0.600000E+00   0.122223E+03   0.644942E+03
   0.610000E+00   0.124245E+03   0.652278E+03
   0.620000E+00   0.126420E+03   0.659821E+03
   0.630000E+00   0.128507E+03   0.667201E+03
   0.640000E+00   0.130726E+03   0.674767E+03
   0.650000E+00   0.132980E+03   0.682402E+03
   0.660000E+00   0.135266E+03   0.690013E+03
   0.670000E+00   0.137577E+03   0.697663E+03
   0.680000E+00   0.139930E+03   0.705352E+03
   0.690000E+00   0.142400E+03   0.713244E+03
   0.700000E+00   0.144938E+03   0.721134E+03
   0.710000E+00   0.147483E+03   0.729050E+03
   0.720000E+00   0.150084E+03   0.737043E+03
   0.730000E+00   0.152706E+03   0.745026E+03
   0.740000E+00   0.155376E+03   0.753002E+03
   0.750000E+00   0.158196E+03   0.761232E+03
   0.760000E+00   0.160938E+03   0.769260E+03
   0.770000E+00   0.163818E+03   0.777556E+03
   0.780000E+00   0.166724E+03   0.785829E+03
   0.790000E+00   0.169683E+03   0.794146E+03
   0.800000E+00   0.172656E+03   0.802468E+03
   0.810000E+00   0.175722E+03   0.810850E+03
   0.820000E+00   0.178772E+03   0.819237E+03
   0.830000E+00   0.181995E+03   0.827786E+03
   0.840000E+00   0.185149E+03   0.836290E+03
   0.850000E+00   0.188452E+03   0.844902E+03
   0.860000E+00   0.191648E+03   0.853414E+03
   0.870000E+00   0.195057E+03   0.862161E+03
   0.880000E+00   0.198488E+03   0.870857E+03
   0.890000E+00   0.201783E+03   0.879464E+03
   0.900000E+00   0.205300E+03   0.888267E+03
   0.910000E+00   0.208847E+03   0.897051E+03
   0.920000E+00   0.212558E+03   0.906102E+03
   0.930000E+00   0.216148E+03   0.914985E+03
   0.940000E+00   0.219872E+03   0.923904E+03
   0.950000E+00   0.223551E+03   0.932812E+03
   0.960000E+00   0.227381E+03   0.941982E+03
   0.970000E+00   0.231200E+03   0.950996E+03
   0.980000E+00   0.235149E+03   0.960203E+03
   0.990000E+00   0.239171E+03   0.969440E+03
   0.100000E+01   0.243184E+03   0.978694E+03
   0.101000E+01   0.247249E+03   0.988005E+03
   0.102000E+01   0.251304E+03   0.997168E+03
   0.103000E+01   0.255404E+03   0.100654E+04
   0.104000E+01   0.259781E+03   0.101609E+04
   0.105000E+01   0.264084E+03   0.102555E+04
   0.106000E+01   0.268324E+03   0.103499E+04
   0.107000E+01   0.272838E+03   0.104469E+04
   0.108000E+01   0.277348E+03   0.105437E+04
   0.109000E+01   0.281975E+03   0.106407E+04
   0.110000E+01   0.286606E+03   0.107389E+04
   0.111000E+01   0.291331E+03   0.108365E+04
   0.112000E+01   0.296224E+03   0.109372E+04
   0.113000E+01   0.301220E+03   0.110375E+04
   0.114000E+01   0.306586E+03   0.111420E+04
   0.115000E+01   0.312013E+03   0.112470E+04
   0.116000E+01   0.317382E+03   0.113510E+04
   0.117000E+01   0.322923E+03   0.114571E+04
   0.118000E+01   0.328537E+03   0.115631E+04
   0.119000E+01   0.334037E+03   0.116675E+04
   0.120000E+01   0.339647E+03   0.117740E+04
   0.121000E+01   0.345402E+03   0.118816E+04
   0.122000E+01   0.351065E+03   0.119876E+04
   0.123000E+01   0.356925E+03   0.120955E+04
   0.124000E+01   0.362798E+03   0.122044E+04
   0.125000E+01   0.368549E+03   0.123107E+04
   0.126000E+01   0.374549E+03   0.124194E+04
   0.127000E+01   0.380438E+03   0.125276E+04
   0.128000E+01   0.386578E+03   0.126379E+04
   0.129000E+01   0.392253E+03   0.127439E+04
   0.130000E+01   0.397739E+03   0.128507E+04
   0.131000E+01   0.403173E+03   0.129575E+04
   0.132000E+01   0.408671E+03   0.130645E+04
   0.133000E+01   0.414057E+03   0.131700E+04
   0.134000E+01   0.419434E+03   0.132761E+04
   0.135000E+01   0.424849E+03   0.133831E+04
   0.136000E+01   0.430193E+03   0.134884E+04
   0.137000E+01   0.435642E+03   0.135961E+04
   0.138000E+01   0.441116E+03   0.137026E+04
   0.139000E+01   0.446542E+03   0.138101E+04
   0.140000E+01   0.452001E+03   0.139181E+04
