        0.065789       0.996956       0.003037       0.003037       0.000000       0.000000       0.000000       0.000000       0.000000       0.000000       0.000000       0.000000       0.000000       0.000000       0.000000       0.000000
        0.131579       0.992058       0.007948       0.007948       0.000000       0.000000       0.000000       0.000000       0.000000       0.000000       0.000000       0.000000       0.000000       0.000000       0.000000       0.000000
        0.197368       0.986595       0.013401       0.013401       0.000000       0.000000       0.000000       0.000000       0.000000       0.000000       0.000000       0.000000       0.000000       0.000000       0.000000       0.000000
        0.263158       0.981178       0.018821       0.018821       0.000000       0.000000       0.000000       0.000000       0.000000       0.000000       0.000000       0.000000       0.000000       0.000000       0.000000       0.000000
        0.328947       0.976067       0.023935       0.023935       0.000000       0.000000       0.000000       0.000000       0.000000       0.000000       0.000000       0.000000       0.000000       0.000000       0.000000       0.000000
        0.394737       0.971367       0.028627       0.028627       0.000000       0.000000       0.000000       0.000000       0.000000       0.000000       0.000000       0.000000       0.000000       0.000000       0.000000       0.000000
        0.460526       0.967125       0.032869       0.032869       0.000000       0.000000       0.000000       0.000000       0.000000       0.000000       0.000000       0.000000       0.000000       0.000000       0.000000       0.000000
        0.526316       0.963326       0.036677       0.036677       0.000000       0.000000       0.000000       0.000000       0.000000       0.000000       0.000000       0.000000       0.000000       0.000000       0.000000       0.000000
        0.592105       0.959908       0.040085       0.040085       0.000000       0.000000       0.000000       0.000000       0.000000       0.000000       0.000000       0.000000       0.000000       0.000000       0.000000       0.000000
        0.657895       0.956856       0.043139       0.043139       0.000000       0.000000       0.000000       0.000000       0.000000       0.000000       0.000000       0.000000       0.000000       0.000000       0.000000       0.000000
        0.723684       0.954109       0.045887       0.045887       0.000000       0.000000       0.000000       0.000000       0.000000       0.000000       0.000000       0.000000       0.000000       0.000000       0.000000       0.000000
        0.789474       0.950996       0.049001       0.048133       0.000868       0.000000       0.000000       0.000000       0.000000       0.000000       0.000000       0.000000       0.000000       0.000000       0.000000       0.000000
        0.855263       0.947533       0.052469       0.049905       0.002564       0.000000       0.000000       0.000000       0.000000       0.000000       0.000000       0.000000       0.000000       0.000000       0.000000       0.000000
        0.921053       0.944145       0.055863       0.051409       0.004454       0.000000       0.000000       0.000000       0.000000       0.000000       0.000000       0.000000       0.000000       0.000000       0.000000       0.000000
        0.986842       0.940895       0.059107       0.052722       0.006384       0.000000       0.000000       0.000000       0.000000       0.000000       0.000000       0.000000       0.000000       0.000000       0.000000       0.000000
        1.052632       0.937813       0.062182       0.053893       0.008290       0.000000       0.000000       0.000000       0.000000       0.000000       0.000000       0.000000       0.000000       0.000000       0.000000       0.000000
        1.118421       0.934898       0.065099       0.054955       0.010143       0.000000       0.000000       0.000000       0.000000       0.000000       0.000000       0.000000       0.000000       0.000000       0.000000       0.000000
        1.184211       0.932137       0.067869       0.055935       0.011934       0.000000       0.000000       0.000000       0.000000       0.000000       0.000000       0.000000       0.000000       0.000000       0.000000       0.000000
        1.250000       0.929497       0.070503       0.056845       0.013657       0.000000       0.000000       0.000000       0.000000       0.000000       0.000000       0.000000       0.000000       0.000000       0.000000       0.000000
        1.315789       0.926979       0.073017       0.057703       0.015314       0.000000       0.000000       0.000000       0.000000       0.000000       0.000000       0.000000       0.000000       0.000000       0.000000       0.000000
        1.381579       0.924568       0.075424       0.058517       0.016907       0.000000       0.000000       0.000000       0.000000       0.000000       0.000000       0.000000       0.000000       0.000000       0.000000       0.000000
        1.447368       0.922264       0.077734       0.059294       0.018440       0.000000       0.000000       0.000000       0.000000       0.000000       0.000000       0.000000       0.000000       0.000000       0.000000       0.000000
        1.513158       0.920052       0.079954       0.060039       0.019915       0.000000       0.000000       0.000000       0.000000       0.000000       0.000000       0.000000       0.000000       0.000000       0.000000       0.000000
        1.578947       0.917915       0.082086       0.060754       0.021333       0.000000       0.000000       0.000000       0.000000       0.000000       0.000000       0.000000       0.000000       0.000000       0.000000       0.000000
        1.644737       0.915855       0.084136       0.061440       0.022697       0.000000       0.000000       0.000000       0.000000       0.000000       0.000000       0.000000       0.000000       0.000000       0.000000       0.000000
        1.710526       0.913887       0.086113       0.062102       0.024012       0.000000       0.000000       0.000000       0.000000       0.000000       0.000000       0.000000       0.000000       0.000000       0.000000       0.000000
        1.776316       0.911980       0.088013       0.062737       0.025276       0.000000       0.000000       0.000000       0.000000       0.000000       0.000000       0.000000       0.000000       0.000000       0.000000       0.000000
        1.842105       0.910164       0.089841       0.063349       0.026493       0.000000       0.000000       0.000000       0.000000       0.000000       0.000000       0.000000       0.000000       0.000000       0.000000       0.000000
        1.907895       0.902840       0.093540       0.062978       0.026941       0.000000       0.000000       0.000000       0.000000       0.000000       0.000000       0.000000       0.000000       0.000000       0.003622       0.000000
        1.973684       0.878792       0.102988       0.059657       0.025125       0.000000       0.000000       0.000000       0.000000       0.000000       0.000000       0.000000       0.000000       0.000000       0.018209       0.000000
        2.039474       0.853722       0.112700       0.056060       0.023065       0.000000       0.000000       0.000000       0.000000       0.000000       0.000000       0.000000       0.000000       0.000000       0.033574       0.000000
        2.105263       0.829384       0.122057       0.052494       0.021001       0.000000       0.000000       0.000000       0.000000       0.000000       0.000000       0.000000       0.000000       0.000000       0.048564       0.000000
        2.171053       0.806236       0.130912       0.049048       0.019005       0.000000       0.000000       0.000000       0.000000       0.000000       0.000000       0.000000       0.000000       0.000000       0.062855       0.000000
        2.236842       0.784462       0.139204       0.045765       0.017112       0.000000       0.000000       0.000000       0.000000       0.000000       0.000000       0.000000       0.000000       0.000000       0.076325       0.000000
        2.302632       0.762108       0.145462       0.042611       0.015302       0.004880       0.000000       0.000000       0.000000       0.000000       0.000000       0.000000       0.000000       0.000000       0.087548       0.000000
        2.368421       0.739861       0.150236       0.039632       0.013610       0.012889       0.000000       0.000000       0.000000       0.000000       0.000000       0.000000       0.000000       0.000000       0.096995       0.000000
        2.434211       0.718498       0.154212       0.036850       0.012053       0.021991       0.000000       0.000000       0.000000       0.000000       0.000000       0.000000       0.000000       0.000000       0.105312       0.000000
        2.500000       0.698143       0.157541       0.034267       0.010634       0.031679       0.000000       0.000000       0.000000       0.000000       0.000000       0.000000       0.000000       0.000000       0.112646       0.000000
        2.565789       0.678749       0.160354       0.031871       0.009344       0.041762       0.000000       0.000000       0.000000       0.000000       0.000000       0.000000       0.000000       0.000000       0.119135       0.000000
        2.631579       0.660347       0.162712       0.029658       0.008179       0.052075       0.000000       0.000000       0.000000       0.000000       0.000000       0.000000       0.000000       0.000000       0.124868       0.000000
        2.697368       0.642876       0.164666       0.027616       0.007130       0.062525       0.000000       0.000000       0.000000       0.000000       0.000000       0.000000       0.000000       0.000000       0.129914       0.000000
        2.763158       0.626259       0.166283       0.025732       0.006188       0.073077       0.000000       0.000000       0.000000       0.000000       0.000000       0.000000       0.000000       0.000000       0.134362       0.000000
        2.828947       0.610481       0.167594       0.023997       0.005346       0.083672       0.000000       0.000000       0.000000       0.000000       0.000000       0.000000       0.000000       0.000000       0.138259       0.000000
        2.894737       0.595451       0.168630       0.022397       0.004594       0.094255       0.000000       0.000000       0.000000       0.000000       0.000000       0.000000       0.000000       0.000000       0.141636       0.000000
        2.960526       0.581169       0.169434       0.020926       0.003926       0.104829       0.000000       0.000000       0.000000       0.000000       0.000000       0.000000       0.000000       0.000000       0.144574       0.000000
        3.026316       0.567558       0.170010       0.019572       0.003334       0.115329       0.000000       0.000000       0.000000       0.000000       0.000000       0.000000       0.000000       0.000000       0.147098       0.000000
        3.092105       0.554558       0.170395       0.018326       0.002811       0.125784       0.000000       0.000000       0.000000       0.000000       0.000000       0.000000       0.000000       0.000000       0.149259       0.000000
        3.157895       0.542152       0.170615       0.017178       0.002350       0.136157       0.000000       0.000000       0.000000       0.000000       0.000000       0.000000       0.000000       0.000000       0.151081       0.000000
        3.223684       0.530296       0.170672       0.016122       0.001946       0.146433       0.000000       0.000000       0.000000       0.000000       0.000000       0.000000       0.000000       0.000000       0.152607       0.000000
        3.289474       0.518929       0.170597       0.015147       0.001592       0.156619       0.000000       0.000000       0.000000       0.000000       0.000000       0.000000       0.000000       0.000000       0.153849       0.000000
        3.355263       0.508064       0.170392       0.014250       0.001284       0.166672       0.000000       0.000000       0.000000       0.000000       0.000000       0.000000       0.000000       0.000000       0.154857       0.000000
        3.421053       0.497658       0.170087       0.013422       0.001018       0.176621       0.000000       0.000000       0.000000       0.000000       0.000000       0.000000       0.000000       0.000000       0.155636       0.000000
        3.486842       0.487663       0.169670       0.012659       0.000790       0.186438       0.000000       0.000000       0.000000       0.000000       0.000000       0.000000       0.000000       0.000000       0.156221       0.000000
        3.552631       0.478065       0.169173       0.011953       0.000595       0.196137       0.000000       0.000000       0.000000       0.000000       0.000000       0.000000       0.000000       0.000000       0.156617       0.000000
        3.618421       0.468834       0.168582       0.011302       0.000431       0.205699       0.000000       0.000000       0.000000       0.000000       0.000000       0.000000       0.000000       0.000000       0.156857       0.000000
        3.684211       0.459969       0.167943       0.010698       0.000294       0.215153       0.000000       0.000000       0.000000       0.000000       0.000000       0.000000       0.000000       0.000000       0.156955       0.000000
        3.750000       0.453285       0.170440       0.009892       0.000123       0.222167       0.000000       0.000000       0.000000       0.000000       0.000108       0.000000       0.000000       0.000000       0.154002       0.006318
        3.815789       0.447426       0.173886       0.009075       0.000008       0.228521       0.000000       0.000000       0.000000       0.000000       0.000026       0.000000       0.000000       0.000000       0.150144       0.014627
        3.881579       0.441750       0.177128       0.008330       0.000000       0.234771       0.000000       0.000000       0.000000       0.000000       0.000005       0.000000       0.000000       0.000000       0.146339       0.022449
        3.947368       0.436302       0.180245       0.007648       0.000000       0.240858       0.000000       0.000000       0.000000       0.000000       0.000000       0.000000       0.000000       0.000000       0.142595       0.030009
        4.013158       0.430931       0.183136       0.007027       0.000000       0.246927       0.000000       0.000000       0.000000       0.000000       0.000017       0.000000       0.000000       0.000000       0.138960       0.037121
        4.078948       0.425819       0.186010       0.006453       0.000000       0.252795       0.000000       0.000000       0.000000       0.000000       0.000036       0.000000       0.000000       0.000000       0.135329       0.044201
        4.144737       0.420784       0.188603       0.005935       0.000000       0.258612       0.000000       0.000000       0.000000       0.000000       0.000136       0.000000       0.000000       0.000000       0.131868       0.050669
        4.210526       0.415962       0.191196       0.005454       0.000000       0.264218       0.000000       0.000000       0.000000       0.000000       0.000237       0.000000       0.000000       0.000000       0.128387       0.057125
        4.276316       0.411247       0.193625       0.005014       0.000000       0.269706       0.000000       0.000000       0.000000       0.000000       0.000405       0.000000       0.000000       0.000000       0.125000       0.063195
        4.342105       0.406609       0.195889       0.004611       0.000000       0.275098       0.000000       0.000000       0.000000       0.000000       0.000659       0.000000       0.000000       0.000000       0.121715       0.068896
        4.407895       0.402153       0.198097       0.004240       0.000000       0.280330       0.000000       0.000000       0.000000       0.000000       0.000955       0.000000       0.000000       0.000000       0.118484       0.074426
        4.473684       0.397804       0.200163       0.003901       0.000000       0.285380       0.000000       0.000000       0.000000       0.000000       0.001323       0.000000       0.000000       0.000000       0.115324       0.079615
        4.539474       0.393562       0.202170       0.003586       0.000000       0.290308       0.000000       0.000000       0.000000       0.000000       0.001729       0.000000       0.000000       0.000000       0.112207       0.084653
        4.605263       0.389458       0.204141       0.003295       0.000000       0.295115       0.000000       0.000000       0.000000       0.000000       0.002169       0.000000       0.000000       0.000000       0.109126       0.089547
        4.671053       0.385368       0.205906       0.003029       0.000000       0.299820       0.000000       0.000000       0.000000       0.000000       0.002743       0.000000       0.000000       0.000000       0.106182       0.093960
        4.736842       0.381432       0.207634       0.002784       0.000000       0.304340       0.000000       0.000000       0.000000       0.000000       0.003341       0.000000       0.000000       0.000000       0.103262       0.098250
        4.802631       0.377571       0.209318       0.002557       0.000000       0.308737       0.000000       0.000000       0.000000       0.000000       0.003953       0.000000       0.000000       0.000000       0.100390       0.102422
        4.868421       0.373878       0.210990       0.002347       0.000000       0.312998       0.000000       0.000000       0.000000       0.000000       0.004587       0.000000       0.000000       0.000000       0.097565       0.106482
        4.934211       0.370155       0.212473       0.002154       0.000000       0.317189       0.000000       0.000000       0.000000       0.000000       0.005363       0.000000       0.000000       0.000000       0.094843       0.110107
        5.000000       0.366600       0.213985       0.001976       0.000000       0.321178       0.000000       0.000000       0.000000       0.000000       0.006082       0.000000       0.000000       0.000000       0.092139       0.113798
        5.065790       0.363075       0.215424       0.001810       0.000000       0.325128       0.000000       0.000000       0.000000       0.000000       0.006875       0.000000       0.000000       0.000000       0.089495       0.117235
        5.131579       0.359657       0.216762       0.001659       0.000000       0.328902       0.000000       0.000000       0.000000       0.000000       0.007738       0.000000       0.000000       0.000000       0.086932       0.120427
        5.197368       0.356270       0.218084       0.001518       0.000000       0.332640       0.000000       0.000000       0.000000       0.000000       0.008608       0.000000       0.000000       0.000000       0.084407       0.123538
        5.263158       0.352898       0.219336       0.001387       0.000000       0.336223       0.000000       0.000000       0.000000       0.000000       0.009470       0.000000       0.000000       0.000149       0.081898       0.126572
        5.328948       0.349525       0.220521       0.001266       0.000000       0.339679       0.000000       0.000000       0.000000       0.000000       0.010321       0.000000       0.000000       0.000511       0.079411       0.129530
        5.394737       0.346107       0.221612       0.001153       0.000000       0.343107       0.000000       0.000000       0.000000       0.000000       0.011229       0.000000       0.000000       0.000977       0.076962       0.132268
        5.460526       0.342781       0.222671       0.001049       0.000000       0.346384       0.000000       0.000000       0.000000       0.000000       0.012122       0.000000       0.000000       0.001497       0.074566       0.134939
        5.526316       0.339455       0.223687       0.000952       0.000000       0.349582       0.000000       0.000000       0.000000       0.000000       0.013007       0.000000       0.000000       0.002057       0.072185       0.137547
        5.592105       0.336189       0.224698       0.000862       0.000000       0.352748       0.000000       0.000000       0.000000       0.000000       0.013903       0.000000       0.000000       0.002649       0.069852       0.140094
        5.657895       0.332954       0.225628       0.000780       0.000000       0.355795       0.000000       0.000000       0.000000       0.000000       0.014837       0.000000       0.000000       0.003241       0.067559       0.142439
        5.723684       0.329796       0.226532       0.000704       0.000000       0.358736       0.000000       0.000000       0.000000       0.000000       0.015767       0.000000       0.000000       0.003836       0.065329       0.144730
        5.789474       0.326698       0.227386       0.000635       0.000000       0.361606       0.000000       0.000000       0.000000       0.000000       0.016750       0.000000       0.000000       0.004422       0.063157       0.146831
        5.855263       0.323601       0.228248       0.000570       0.000000       0.364434       0.000000       0.000000       0.000000       0.000000       0.017668       0.000000       0.000000       0.005019       0.060995       0.149022
        5.921053       0.320641       0.229089       0.000512       0.000000       0.367165       0.000000       0.000000       0.000000       0.000000       0.018652       0.000000       0.000000       0.005586       0.058908       0.151028
        5.986842       0.317665       0.229844       0.000459       0.000000       0.369814       0.000000       0.000000       0.000000       0.000000       0.019664       0.000000       0.000000       0.006139       0.056863       0.152856
        6.052631       0.314735       0.230644       0.000409       0.000000       0.372454       0.000000       0.000000       0.000000       0.000000       0.020631       0.000000       0.000000       0.006688       0.054828       0.154777
        6.118421       0.311928       0.231411       0.000364       0.000000       0.374968       0.000000       0.000000       0.000000       0.000000       0.021635       0.000000       0.000000       0.007203       0.052877       0.156526
        6.184211       0.309105       0.232145       0.000323       0.000000       0.377464       0.000000       0.000000       0.000000       0.000000       0.022641       0.000000       0.000000       0.007711       0.050953       0.158237
        6.250000       0.306358       0.232834       0.000286       0.000000       0.379842       0.000000       0.000000       0.000000       0.000000       0.023666       0.000000       0.000000       0.008190       0.049102       0.159784
        6.315790       0.303627       0.233525       0.000252       0.000000       0.382244       0.000000       0.000000       0.000000       0.000000       0.024724       0.000000       0.000000       0.008653       0.047264       0.161298
        6.381579       0.300972       0.234252       0.000221       0.000000       0.384529       0.000000       0.000000       0.000000       0.000000       0.025677       0.000000       0.000000       0.009097       0.045455       0.162907
        6.447368       0.298378       0.234903       0.000194       0.000000       0.386769       0.000000       0.000000       0.000000       0.000000       0.026749       0.000000       0.000000       0.009511       0.043733       0.164234
        6.513158       0.295845       0.235587       0.000169       0.000000       0.388917       0.000000       0.000000       0.000000       0.000000       0.027747       0.000000       0.000000       0.009894       0.042016       0.165658
        6.578948       0.293266       0.236211       0.000146       0.000000       0.391086       0.000000       0.000000       0.000000       0.000000       0.028784       0.000000       0.000000       0.010277       0.040347       0.166931
        6.644737       0.290810       0.236858       0.000126       0.000000       0.393166       0.000000       0.000000       0.000000       0.000000       0.029829       0.000000       0.000000       0.010623       0.038725       0.168179
        6.710526       0.288383       0.237502       0.000108       0.000000       0.395207       0.000000       0.000000       0.000000       0.000000       0.030849       0.000000       0.000000       0.010954       0.037140       0.169402
        6.776316       0.285988       0.238144       0.000092       0.000000       0.397201       0.000000       0.000000       0.000000       0.000000       0.031855       0.000000       0.000000       0.011262       0.035581       0.170602
        6.842105       0.283562       0.238693       0.000077       0.000000       0.399173       0.000000       0.000000       0.000000       0.000000       0.032920       0.000000       0.000048       0.011561       0.034089       0.171661
        6.907895       0.281075       0.239177       0.000065       0.000000       0.401002       0.000000       0.000000       0.000000       0.000000       0.033815       0.000000       0.000419       0.011871       0.032654       0.173049
        6.973684       0.278465       0.239483       0.000054       0.000000       0.402803       0.000000       0.000000       0.000000       0.000011       0.034745       0.000000       0.000978       0.012201       0.031317       0.174353
        7.039473       0.275826       0.239561       0.000045       0.000000       0.404117       0.000000       0.000000       0.000000       0.000820       0.035222       0.000000       0.001659       0.012583       0.030203       0.175747
        7.105263       0.273247       0.239471       0.000037       0.000000       0.405100       0.000000       0.000000       0.000000       0.002037       0.035533       0.000000       0.002398       0.012970       0.029253       0.177058
        7.171053       0.270638       0.239309       0.000031       0.000000       0.405939       0.000000       0.000000       0.000000       0.003463       0.035654       0.000000       0.003221       0.013380       0.028374       0.178458
        7.236842       0.268028       0.239026       0.000026       0.000000       0.406678       0.000000       0.000000       0.000000       0.005050       0.035803       0.000000       0.004073       0.013770       0.027554       0.179721
        7.302632       0.265465       0.238692       0.000021       0.000000       0.407271       0.000000       0.000000       0.000000       0.006684       0.035831       0.000043       0.004967       0.014174       0.026820       0.181071
        7.368421       0.262520       0.237870       0.000017       0.000000       0.407805       0.000000       0.000000       0.000000       0.008316       0.035790       0.000616       0.005992       0.014728       0.026341       0.182942
        7.434211       0.259438       0.236789       0.000014       0.000000       0.408208       0.000000       0.000000       0.000000       0.009890       0.035651       0.001514       0.007089       0.015355       0.026019       0.185212
        7.500000       0.256310       0.235523       0.000012       0.000000       0.408562       0.000000       0.000000       0.000000       0.011460       0.035563       0.002594       0.008213       0.016009       0.025802       0.187549
