   9.9999997764825821E-003   16790984624809.703        8.0398398146558248E-002   41.526769999999999     
   1.9999999552965164E-002   33619981086403.883        6.6745849081694744E-002   37.220329999999997     
   2.9999999329447746E-002   50474466637576.258        5.3946286634320426E-002   29.705970000000001     
   3.9999999105930328E-002   67356269484344.031        5.6195222557781130E-002   20.459810000000001     
   4.9999997019767761E-002   84266458709616.781        7.7292400291305782E-002   16.003240000000002     
   5.9999998658895493E-002   101205349841336.56       0.10785340366382291        14.379690000000000     
   7.0000000298023224E-002   118175407709544.88       0.14172439719162996        13.762330000000000     
   7.9999998211860657E-002   135177634579469.41       0.17479622463304736        13.507700000000000     
   8.9999996125698090E-002   152209550772694.97       0.20465905800055567        13.388150000000000     
   9.9999994039535522E-002   169275692467400.25       0.23048036352630677        13.318330000000000     
  0.10999999940395355        186377202988363.66       0.25243370172927743        13.265739999999999     
  0.11999999731779099        203516250198151.69       0.27090402658281493        13.218489999999999     
  0.12999999523162842        220696085890614.34       0.28692578233796240        13.170909999999999     
  0.14000000059604645        237919189744166.81       0.30176481464627075        13.119199999999999     
  0.14999999105930328        255190565660760.88       0.31641649670556321        13.060940000000000     
  0.15999999642372131        272515291784216.81       0.33175540270411685        12.994600000000000     
  0.17000000178813934        289904222275741.62       0.34860868321099203        12.919779999999999     
  0.17999999225139618        307364187387257.38       0.36778048477494879        12.837809999999999     
  0.18999999761581421        324896493775653.62       0.39004318486245410        12.751989999999999     
  0.19999998807907104        342515128608997.06       0.41613700395177511        12.667050000000000     
  0.20999999344348907        360227219106684.88       0.44667645864991024        12.588490000000000     
  0.21999999880790710        378046306985571.50       0.48211782556865385        12.521369999999999     
  0.22999998927116394        395978539472386.94       0.52268736242328706        12.469500000000000     
  0.23999999463558197        414027747447557.12       0.56837417930039913        12.434839999999999     
  0.25000000000000000        432205067191389.94       0.61896988694396649        12.417490000000001     
  0.25999999046325684        450531227033632.06       0.67411845333825382        12.416090000000001     
  0.26999998092651367        469000584592260.69       0.73323457528484259        12.428360000000000     
  0.28000000119209290        487635204550659.25       0.79573364223021559        12.451490000000000     
  0.28999999165534973        506427840902440.88       0.85393219503345064        12.478669999999999     
  0.29999998211860657        525344075117267.00       0.89329012087947479        12.497940000000000     
  0.31000000238418579        544379393289519.56       0.93134301398610309        12.515160000000000     
  0.31999999284744263        563521560359233.50       0.97002906071987927        12.530329999999999     
  0.32999998331069946        582784058649768.25        1.0099131826116989        12.543229999999999     
  0.34000000357627869        602178172925169.25        1.0512089385740890        12.553699999999999     
  0.34999999403953552        621710436469883.75        1.0891563857782347        12.560770000000000     
  0.35999998450279236        641355072507092.50        1.1248075754519846        12.564900000000000     
  0.37000000476837158        661149320758145.25        1.1597489921137358        12.566350000000000     
  0.37999999523162842        681044953705121.38        1.1941919517723381        12.565140000000000     
  0.38999998569488525        701094890952044.75        1.2282236075888324        12.561360000000001     
  0.39999997615814209        721269732718901.88        1.2617689566191446        12.555099999999999     
  0.40999999642372131        741570310514622.75        1.2948138355467671        12.546510000000000     
  0.41999998688697815        762033567093082.25        1.3272695745991305        12.535740000000001     
  0.42999997735023499        782652197054398.25        1.3591114904860655        12.522930000000001     
  0.43999999761581421        803393890337304.12        1.3902339879935925        12.508250000000000     
  0.44999998807907104        824315308336006.38        1.4206215746186979        12.491830000000000     
  0.45999997854232788        845356760588054.88        1.4501677316515473        12.473850000000001     
  0.46999999880790710        866586787186651.12        1.4789133709298752        12.454400000000000     
  0.47999998927116394        887968801738890.50        1.5067487930331442        12.433660000000000     
  0.48999997973442078        909513970221828.25        1.5337090031127298        12.411700000000000     
  0.50000000000000000        931230488937770.88        1.5597340575880820        12.388669999999999     
  0.50999999046325684        953089789615635.25        1.5848033009210758        12.364690000000000     
  0.51999998092651367        975134635571804.00        1.6089549428137515        12.339810000000000     
  0.52999997138977051        997333785827919.75        1.6321632808285627        12.314159999999999     
  0.53999996185302734        1019712898373812.0        1.6544436461208289        12.287789999999999     
  0.55000001192092896        1042256649687776.8        1.6758133736756196        12.260800000000000     
  0.56000000238418579        1065001151014759.9        1.6962648565565950        12.233260000000000     
  0.56999999284744263        1087881425871257.4        1.7136353474000039        12.208399999999999     
  0.57999998331069946        1110939881212682.2        1.7296031541192756        12.184080000000000     
  0.58999997377395630        1134143969403787.5        1.7449361359686633        12.159179999999999     
  0.59999996423721313        1157451164702170.8        1.7595298277592024        12.133889999999999     
  0.61000001430511475        1180963029984240.5        1.7735405531097472        12.107989999999999     
  0.62000000476837158        1204613876044553.2        1.7868220370720627        12.081820000000000     
  0.62999999523162842        1228425559689260.5        1.7995616331097253        12.055080000000000     
  0.63999998569488525        1252361375738467.2        1.8116309415752665        12.028110000000000     
  0.64999997615814209        1276441874341434.8        1.8231364370914120        12.000780000000001     
  0.65999996662139893        1300732150768656.2        1.8341092669552104        11.973089999999999     
  0.66999995708465576        1325175068477965.8        1.8445130692909957        11.945220000000001     
  0.68000000715255737        1349699830423351.8        1.8544022991533651        11.917109999999999     
  0.68999999761581421        1374425579955736.0        1.8637908357552697        11.888830000000000     
  0.69999998807907104        1399346971660570.0        1.8726987647400035        11.860400000000000     
  0.70999997854232788        1424458541336316.5        1.8811703235561601        11.831750000000000     
  0.71999996900558472        1449660745485396.0        1.8891819682019664        11.803070000000000     
  0.72999995946884155        1475003237069608.2        1.8967452890377641        11.774400000000000     
  0.74000000953674316        1500530086062225.0        1.9039075243966963        11.745670000000000     
  0.75000000000000000        1526284412140599.2        1.9107021029985360        11.716810000000001     
  0.75999999046325684        1552064514995792.5        1.9170887652206130        11.688100000000000     
  0.76999998092651367        1578124242425332.0        1.9231336410097186        11.659319999999999     
  0.77999997138977051        1604258924445530.8        1.9288294168762052        11.630590000000000     
  0.78999996185302734        1630657551157401.5        1.9341987016656483        11.601889999999999     
  0.79999995231628418        1657133270625751.0        1.9392332458368704        11.573359999999999     
  0.81000000238418579        1683732884924620.0        1.9439441560127546        11.545030000000001     
  0.81999999284744263        1710642889628232.0        1.9483865513883052        11.516670000000000     
  0.82999998331069946        1737607773921201.8        1.9525330305680575        11.488510000000000     
  0.83999997377395630        1764710807483485.0        1.9564094615619281        11.460500000000000     
  0.84999996423721313        1792102731005330.5        1.9600339109404361        11.432580000000000     
  0.85999995470046997        1819596098616594.5        1.9634206239254952        11.404730000000001     
  0.87000000476837158        1847197562388714.2        1.9665636713367685        11.377090000000001     
  0.87999999523162842        1874952617738841.2        1.9694784799230918        11.349629999999999     
  0.88999998569488525        1902940376802283.2        1.9721855440231941        11.322229999999999     
  0.89999997615814209        1931059039128652.0        1.9746783478668350        11.295070000000001     
  0.90999996662139893        1959288410929655.2        1.9769776887999646        11.268020000000000     
  0.91999995708465576        1987827222839482.2        1.9790920933870795        11.241059999999999     
  0.93000000715255737        2016405115669003.5        1.9810179797898166        11.214350000000000     
  0.93999999761581421        2045279857186413.5        1.9827775777655696        11.187680000000000     
  0.94999998807907104        2074087602841490.8        1.9843567386390948        11.161390000000001     
  0.95999997854232788        2103349352372162.5        1.9857874669153641        11.135070000000001     
  0.96999996900558472        2132549332668059.8        1.9870565846851072        11.109059999999999     
  0.97999995946884155        2161979047002523.0        1.9881788268941829        11.083230000000000     
  0.98999994993209839        2191510918148344.2        1.9891613663178904        11.057539999999999     
   1.0000000000000000        2221325977478210.5        1.9900098761044105        11.031980000000001     
   1.0099999904632568        2251229889476560.2        1.9907247345190533        11.006720000000000     
   1.0199999809265137        2281329324860370.0        1.9913165207602173        10.981579999999999     
   1.0299999713897705        2311573917945900.5        1.9917883817080719        10.956650000000000     
   1.0399999618530273        2342121417855807.5        1.9921464667949589        10.931820000000000     
   1.0499999523162842        2372567711250275.5        1.9923907526217393        10.907530000000000     
   1.0599999427795410        2403290540757351.0        1.9925309457207085        10.883490000000000     
   1.0699999332427979        2434274701642319.5        1.9925711268131097        10.859999999999999     
   1.0799999237060547        2465273116966082.0        1.9925184023148219        10.837080000000000     
   1.0900000333786011        2496390319279796.5        1.9923779754331028        10.814520000000000     
   1.1000000238418579        2527975067185959.5        1.9921505974261879        10.791980000000001     
   1.1100000143051147        2559323666556099.5        1.9918455339817374        10.770009999999999     
   1.1200000047683716        2591187801462629.0        1.9914682629719083        10.748540000000000     
   1.1299999952316284        2622957144351176.5        1.9910265574942576        10.727700000000000     
   1.1399999856948853        2655099003240212.5        1.9905158298280863        10.707079999999999     
