549.541 10.721 2.006 1.013e+01 2.439e-02 1.211e+00 2.761e-01
520.955 10.785 2.007 1.073e+01 2.517e-02 1.180e+00 2.747e-01
493.856 10.848 2.008 1.140e+01 2.600e-02 1.149e+00 2.732e-01
468.166 10.912 2.007 1.213e+01 2.686e-02 1.119e+00 2.715e-01
443.813 10.975 2.007 1.293e+01 2.775e-02 1.089e+00 2.699e-01
420.727 11.037 2.005 1.380e+01 2.869e-02 1.059e+00 2.681e-01
398.841 11.099 2.003 1.475e+01 2.966e-02 1.030e+00 2.663e-01
378.094 11.159 2.000 1.580e+01 3.069e-02 9.998e-01 2.645e-01
358.426 11.220 1.996 1.695e+01 3.174e-02 9.718e-01 2.626e-01
339.782 11.279 1.991 1.822e+01 3.285e-02 9.431e-01 2.606e-01
322.107 11.337 1.986 1.962e+01 3.400e-02 9.146e-01 2.586e-01
305.351 11.395 1.980 2.116e+01 3.519e-02 8.876e-01 2.564e-01
289.468 11.451 1.973 2.285e+01 3.644e-02 8.601e-01 2.543e-01
274.410 11.506 1.965 2.473e+01 3.773e-02 8.333e-01 2.520e-01
260.136 11.560 1.956 2.681e+01 3.908e-02 8.071e-01 2.498e-01
246.604 11.613 1.947 2.911e+01 4.047e-02 7.817e-01 2.474e-01
233.776 11.665 1.936 3.167e+01 4.191e-02 7.571e-01 2.450e-01
221.615 11.715 1.925 3.451e+01 4.341e-02 7.325e-01 2.425e-01
210.087 11.764 1.913 3.767e+01 4.496e-02 7.089e-01 2.400e-01
199.159 11.812 1.900 4.119e+01 4.656e-02 6.864e-01 2.374e-01
188.799 11.858 1.886 4.513e+01 4.822e-02 6.642e-01 2.347e-01
178.978 11.902 1.871 4.953e+01 4.995e-02 6.422e-01 2.320e-01
169.668 11.945 1.855 5.446e+01 5.172e-02 6.215e-01 2.292e-01
160.842 11.986 1.839 6.000e+01 5.355e-02 6.012e-01 2.264e-01
152.475 12.025 1.821 6.624e+01 5.546e-02 5.813e-01 2.235e-01
144.544 12.063 1.803 7.327e+01 5.740e-02 5.628e-01 2.206e-01
137.025 12.099 1.784 8.123e+01 5.942e-02 5.448e-01 2.176e-01
129.897 12.133 1.763 9.025e+01 6.150e-02 5.273e-01 2.145e-01
123.140 12.165 1.742 1.005e+02 6.366e-02 5.103e-01 2.114e-01
116.735 12.196 1.720 1.122e+02 6.587e-02 4.944e-01 2.082e-01
110.662 12.225 1.698 1.256e+02 6.817e-02 4.786e-01 2.050e-01
104.906 12.253 1.675 1.407e+02 7.050e-02 4.639e-01 2.017e-01
99.449 12.279 1.651 1.579e+02 7.290e-02 4.495e-01 1.984e-01
94.276 12.304 1.627 1.774e+02 7.533e-02 4.360e-01 1.951e-01
89.372 12.327 1.602 1.996e+02 7.782e-02 4.228e-01 1.918e-01
84.723 12.348 1.577 2.248e+02 8.036e-02 4.099e-01 1.885e-01
80.316 12.368 1.552 2.535e+02 8.294e-02 3.979e-01 1.852e-01
76.138 12.387 1.527 2.862e+02 8.552e-02 3.870e-01 1.819e-01
72.177 12.404 1.501 3.234e+02 8.816e-02 3.763e-01 1.786e-01
68.423 12.419 1.475 3.658e+02 9.084e-02 3.658e-01 1.753e-01
64.863 12.433 1.449 4.141e+02 9.353e-02 3.564e-01 1.720e-01
61.489 12.445 1.423 4.693e+02 9.626e-02 3.472e-01 1.687e-01
58.291 12.455 1.396 5.324e+02 9.902e-02 3.383e-01 1.655e-01
55.259 12.464 1.370 6.044e+02 1.018e-01 3.305e-01 1.622e-01
52.384 12.471 1.343 6.868e+02 1.045e-01 3.230e-01 1.590e-01
49.659 12.477 1.316 7.812e+02 1.073e-01 3.165e-01 1.557e-01
47.076 12.481 1.290 8.895e+02 1.100e-01 3.105e-01 1.525e-01
44.627 12.483 1.263 1.014e+03 1.128e-01 3.048e-01 1.493e-01
42.306 12.484 1.236 1.156e+03 1.155e-01 3.003e-01 1.461e-01
40.105 12.483 1.209 1.321e+03 1.182e-01 2.964e-01 1.429e-01
38.019 12.480 1.182 1.511e+03 1.209e-01 2.929e-01 1.398e-01
36.041 12.475 1.155 1.731e+03 1.236e-01 2.901e-01 1.366e-01
34.166 12.469 1.128 1.986e+03 1.262e-01 2.885e-01 1.335e-01
32.389 12.460 1.100 2.283e+03 1.289e-01 2.868e-01 1.304e-01
30.704 12.450 1.073 2.629e+03 1.315e-01 2.863e-01 1.272e-01
29.107 12.439 1.046 3.033e+03 1.339e-01 2.867e-01 1.241e-01
27.593 12.426 1.019 3.503e+03 1.364e-01 2.875e-01 1.210e-01
26.158 12.412 0.992 4.051e+03 1.388e-01 2.892e-01 1.180e-01
24.797 12.396 0.965 4.694e+03 1.411e-01 2.914e-01 1.149e-01
23.507 12.379 0.938 5.454e+03 1.433e-01 2.948e-01 1.119e-01
22.284 12.360 0.911 6.358e+03 1.455e-01 2.988e-01 1.088e-01
21.125 12.340 0.884 7.443e+03 1.475e-01 3.038e-01 1.057e-01
20.026 12.319 0.857 8.755e+03 1.495e-01 3.095e-01 1.026e-01
18.985 12.298 0.830 1.033e+04 1.515e-01 3.153e-01 9.956e-02
17.997 12.278 0.803 1.219e+04 1.534e-01 3.213e-01 9.655e-02
17.061 12.259 0.778 1.439e+04 1.553e-01 3.272e-01 9.363e-02
16.173 12.241 0.753 1.698e+04 1.571e-01 3.328e-01 9.078e-02
15.332 12.225 0.729 2.005e+04 1.588e-01 3.387e-01 8.801e-02
14.534 12.210 0.706 2.366e+04 1.604e-01 3.441e-01 8.532e-02
13.778 12.196 0.683 2.791e+04 1.621e-01 3.490e-01 8.272e-02
13.062 12.184 0.662 3.291e+04 1.637e-01 3.538e-01 8.019e-02
12.382 12.174 0.641 3.878e+04 1.653e-01 3.585e-01 7.775e-02
11.738 12.166 0.621 4.567e+04 1.668e-01 3.630e-01 7.538e-02
11.128 12.159 0.602 5.374e+04 1.683e-01 3.666e-01 7.311e-02
10.549 12.155 0.584 6.317e+04 1.698e-01 3.704e-01 7.090e-02
10.000 12.152 0.566 7.416e+04 1.713e-01 3.732e-01 6.879e-02
9.480 12.151 0.550 8.695e+04 1.728e-01 3.757e-01 6.675e-02
8.987 12.152 0.533 1.018e+05 1.743e-01 3.776e-01 6.479e-02
8.519 12.154 0.518 1.190e+05 1.759e-01 3.786e-01 6.291e-02
8.076 12.159 0.503 1.388e+05 1.774e-01 3.797e-01 6.111e-02
7.656 12.165 0.489 1.616e+05 1.790e-01 3.798e-01 5.938e-02
7.258 12.173 0.476 1.878e+05 1.806e-01 3.796e-01 5.773e-02
6.880 12.182 0.463 2.177e+05 1.822e-01 3.785e-01 5.615e-02
6.522 12.193 0.451 2.519e+05 1.839e-01 3.771e-01 5.463e-02
6.183 12.205 0.440 2.906e+05 1.856e-01 3.751e-01 5.319e-02
5.861 12.218 0.429 3.344e+05 1.873e-01 3.725e-01 5.181e-02
5.556 12.232 0.418 3.839e+05 1.890e-01 3.695e-01 5.050e-02
5.267 12.248 0.409 4.395e+05 1.907e-01 3.667e-01 4.924e-02
4.993 12.263 0.399 5.018e+05 1.926e-01 3.626e-01 4.804e-02
4.734 12.280 0.390 5.713e+05 1.943e-01 3.591e-01 4.689e-02
4.487 12.296 0.382 6.488e+05 1.961e-01 3.546e-01 4.580e-02
4.254 12.313 0.373 7.350e+05 1.979e-01 3.505e-01 4.475e-02
4.033 12.329 0.365 8.306e+05 1.997e-01 3.459e-01 4.375e-02
3.823 12.345 0.358 9.365e+05 2.014e-01 3.414e-01 4.279e-02
3.624 12.361 0.351 1.054e+06 2.031e-01 3.373e-01 4.186e-02
3.436 12.375 0.343 1.184e+06 2.048e-01 3.327e-01 4.096e-02
3.257 12.389 0.337 1.328e+06 2.064e-01 3.289e-01 4.010e-02
3.087 12.402 0.330 1.488e+06 2.079e-01 3.254e-01 3.925e-02
2.927 12.413 0.323 1.666e+06 2.094e-01 3.222e-01 3.843e-02
2.775 12.422 0.317 1.865e+06 2.107e-01 3.192e-01 3.762e-02
2.630 12.430 0.310 2.089e+06 2.120e-01 3.171e-01 3.682e-02
2.493 12.436 0.304 2.341e+06 2.131e-01 3.157e-01 3.603e-02
2.364 12.439 0.297 2.628e+06 2.141e-01 3.147e-01 3.524e-02
2.241 12.441 0.290 2.955e+06 2.149e-01 3.149e-01 3.445e-02
2.124 12.440 0.284 3.330e+06 2.156e-01 3.157e-01 3.365e-02
2.014 12.437 0.277 3.762e+06 2.162e-01 3.175e-01 3.286e-02
1.909 12.432 0.270 4.262e+06 2.165e-01 3.204e-01 3.206e-02
1.810 12.425 0.263 4.842e+06 2.166e-01 3.243e-01 3.125e-02
1.716 12.415 0.256 5.517e+06 2.167e-01 3.287e-01 3.045e-02
1.626 12.404 0.249 6.302e+06 2.165e-01 3.344e-01 2.965e-02
1.542 12.392 0.242 7.217e+06 2.160e-01 3.414e-01 2.884e-02
1.462 12.378 0.235 8.286e+06 2.154e-01 3.491e-01 2.804e-02
1.385 12.362 0.228 9.535e+06 2.147e-01 3.574e-01 2.724e-02
1.313 12.346 0.221 1.100e+07 2.137e-01 3.672e-01 2.645e-02
1.245 12.328 0.214 1.271e+07 2.125e-01 3.775e-01 2.567e-02
1.180 12.310 0.208 1.473e+07 2.112e-01 3.890e-01 2.489e-02
1.119 12.291 0.201 1.709e+07 2.097e-01 4.012e-01 2.413e-02
1.061 12.272 0.194 1.987e+07 2.080e-01 4.144e-01 2.337e-02
1.006 12.253 0.188 2.315e+07 2.061e-01 4.285e-01 2.263e-02
0.953 12.234 0.182 2.701e+07 2.040e-01 4.434e-01 2.190e-02
0.904 12.216 0.175 3.157e+07 2.017e-01 4.595e-01 2.118e-02
