        0.065789      14.169111       1.151932       0.000000      19.053101     483.709673       0.992390       0.955320
        0.131579      13.872841       1.151932       0.000000      33.073181     474.708662       0.985164       0.914722
        0.197368      13.589703       1.151932       0.000000      45.058594     465.961030       0.978296       0.877788
        0.263158      13.323148       1.151932       0.000000      55.537476     457.442455       0.971754       0.844073
        0.328947      13.075017       1.151932       0.000000      64.815613     449.127438       0.965509       0.813141
        0.394737      12.845957       1.151932       0.000000      73.111389     440.990211       0.959529       0.784587
        0.460526      12.635780       1.151932       0.000000      80.594055     433.003378       0.953787       0.758048
        0.526316      12.443751       1.151932       0.000000      87.397827     425.142093       0.948258       0.733216
        0.592105      12.268804       1.151932       0.000000      93.629700     417.382799       0.942921       0.709838
        0.657895      12.109702       1.151932       0.000000      99.379211     409.705985       0.937761       0.687709
        0.723684      11.965142       1.151932       0.000000     104.720825     402.094940       0.932762       0.666653
        0.789474      11.833829       1.151932       0.000000     109.533081     394.502094       0.927910       0.646522
        0.855263      11.714519       1.151932       0.000000     113.859070     386.912816       0.923196       0.627206
        0.921053      11.606045       1.151932       0.000000     117.867004     379.340770       0.918617       0.608639
        0.986842      11.507329       1.151932       0.000000     121.627563     371.786400       0.914168       0.590755
        1.052632      11.417390       1.151932       0.000000     125.185303     364.251004       0.909849       0.573519
        1.118421      11.335338       1.151932       0.000000     128.575012     356.728282       0.905656       0.556890
        1.184211      11.260373       1.151932       0.000000     131.821899     349.221497       0.901588       0.540844
        1.250000      11.191778       1.151932       0.000000     134.943848     341.729663       0.897649       0.525370
        1.315789      11.128914       1.151932       0.000000     137.958008     334.252523       0.893834       0.510448
        1.381579      11.071208       1.151932       0.000000     140.875732     326.791109       0.890146       0.496069
        1.447368      11.018151       1.151932       0.000000     143.708252     319.344881       0.886583       0.482218
        1.513158      10.969290       1.151932       0.000000     146.461792     311.919392       0.883146       0.468890
        1.578947      10.924219       1.151932       0.000000     149.141174     304.513481       0.879834       0.456082
        1.644737      10.882580       1.151932       0.000000     151.751282     297.129631       0.876646       0.443781
        1.710526      10.844049       1.151932       0.000000     154.298706     289.765936       0.873579       0.431969
        1.776316      10.808341       1.151932       0.000000     156.782959     282.424929       0.870632       0.420643
        1.842105      10.775198       1.151932       0.000000     159.208984     275.109759       0.867804       0.409790
        1.907895      10.744392       1.151932       0.000000     160.767639     267.766570       0.864881       0.398467
        1.973684      10.715716       1.151932       0.000000     159.684753     260.267752       0.861413       0.384675
        2.039474      10.688985       1.151932       0.000000     158.127869     252.755955       0.857968       0.370953
        2.105263      10.664034       1.151932       0.000000     156.346497     245.241411       0.854621       0.357630
        2.171053      10.640714       1.151932       0.000000     154.423828     237.739622       0.851387       0.344776
        2.236842      10.618890       1.151932       0.000000     152.407227     230.248038       0.848278       0.332443
        2.302632      10.598440       1.151932       0.000000     150.267578     223.344852       0.845391       0.321048
        2.368421      10.579256       1.151932       0.000000     148.064575     216.864619       0.842680       0.310394
        2.434211      10.561236       1.151932       0.000000     145.841614     210.600624       0.840095       0.300257
        2.500000      10.544292       1.151932       0.000000     143.622009     204.483488       0.837631       0.290613
        2.565789      10.528342       1.151932       0.000000     141.413696     198.511110       0.835266       0.281369
        2.631579      10.513311       1.151932       0.000000     139.231201     192.651156       0.833004       0.272542
        2.697368      10.499131       1.151932       0.000000     137.083557     186.916231       0.830838       0.264100
        2.763158      10.485741       1.151932       0.000000     134.971619     181.274877       0.828754       0.255984
        2.828947      10.473085       1.151932       0.000000     132.905579     175.738928       0.826754       0.248207
        2.894737      10.461110       1.151932       0.000000     130.884155     170.309891       0.824832       0.240733
        2.960526      10.449771       1.151932       0.000000     128.914795     164.960128       0.822984       0.233555
        3.026316      10.439022       1.151932       0.000000     127.000122     159.717284       0.821207       0.226659
        3.092105      10.428826       1.151932       0.000000     125.139282     154.544427       0.819492       0.220001
        3.157895      10.419144       1.151932       0.000000     123.331665     149.466551       0.817838       0.213586
        3.223684      10.409944       1.151932       0.000000     121.583618     144.470322       0.816243       0.207401
        3.289474      10.401195       1.151932       0.000000     119.886597     139.562410       0.814698       0.201409
        3.355263      10.392869       1.151932       0.000000     118.250366     134.716367       0.813209       0.195636
        3.421053      10.384938       1.151932       0.000000     116.666504     129.962610       0.811769       0.190051
        3.486842      10.377379       1.151932       0.000000     115.140869     125.272205       0.810374       0.184644
        3.552631      10.370168       1.151932       0.000000     113.665649     120.647162       0.809022       0.179400
        3.618421      10.363286       1.151932       0.000000     112.247437     116.108589       0.807711       0.174317
        3.684211      10.356713       1.151932       0.000000     110.874756     111.616881       0.806438       0.169378
        3.750000      10.350430       1.151932       0.003601     108.656982     108.627155       0.805312       0.165050
        3.815789      10.344422       1.151932       0.008484     106.191895     106.192667       0.804247       0.160973
        3.881579      10.338672       1.151932       0.013245     103.791870     103.778853       0.803226       0.157063
        3.947368      10.333166       1.151932       0.018005     101.446289     101.457304       0.802246       0.153319
        4.013158      10.327891       1.151932       0.022644      99.167725      99.137900       0.801288       0.149651
        4.078948      10.322833       1.151932       0.027405      96.915405      96.950778       0.800370       0.146142
        4.144737      10.317983       1.151932       0.031921      94.752563      94.721926       0.799480       0.142737
        4.210526      10.313327       1.151932       0.036560      92.604614      92.617922       0.798623       0.139463
        4.276316      10.308857       1.151932       0.041077      90.511475      90.527180       0.797793       0.136287
        4.342105      10.304562       1.151932       0.045471      88.468872      88.475179       0.796980       0.133177
        4.407895      10.300434       1.151932       0.049866      86.461792      86.461254       0.796200       0.130195
        4.473684      10.296464       1.151932       0.054138      84.505615      84.478331       0.795448       0.127321
        4.539474      10.292644       1.151932       0.058411      82.571533      82.561692       0.794713       0.124512
        4.605263      10.288967       1.151932       0.062683      80.659180      80.677366       0.794002       0.121793
        4.671053      10.285426       1.151932       0.066711      78.804199      78.796622       0.793301       0.119107
        4.736842      10.282014       1.151932       0.070740      76.978271      76.953444       0.792631       0.116546
        4.802631      10.278725       1.151932       0.074768      75.166382      75.154967       0.791973       0.114025
        4.868421      10.275553       1.151932       0.078796      73.380249      73.390112       0.791344       0.111620
        4.934211      10.272493       1.151932       0.082581      71.636963      71.622647       0.790716       0.109212
        5.000000      10.269540       1.151932       0.086487      69.909058      69.907376       0.790118       0.106924
        5.065790      10.266689       1.151932       0.090271      68.195190      68.207011       0.789523       0.104643
        5.131579      10.263935       1.151932       0.093933      66.532471      66.512392       0.788956       0.102472
        5.197368      10.261274       1.151932       0.097595      64.863892      64.851688       0.788388       0.100287
        5.263158      10.258701       1.151932       0.101257      63.208984      63.221092       0.787828       0.098134
        5.328948      10.256214       1.151932       0.104919      61.561523      61.566547       0.787273       0.095992
        5.394737      10.253807       1.151932       0.108459      59.915283      59.916339       0.786708       0.093805
        5.460526      10.251479       1.151932       0.112000      58.291626      58.260287       0.786161       0.091690
        5.526316      10.249225       1.151932       0.115540      56.664795      56.658069       0.785616       0.089574
        5.592105      10.247042       1.151932       0.119080      55.038696      55.049021       0.785076       0.087475
        5.657895      10.244927       1.151932       0.122498      53.435425      53.436910       0.784547       0.085419
        5.723684      10.242879       1.151932       0.125916      51.851318      51.855591       0.784032       0.083414
        5.789474      10.240893       1.151932       0.129211      50.287964      50.253165       0.783529       0.081458
        5.855263      10.238967       1.151932       0.132629      48.703247      48.708865       0.783020       0.079472
        5.921053      10.237099       1.151932       0.135925      47.157104      47.157780       0.782540       0.077601
        5.986842      10.235287       1.151932       0.139099      45.623657      45.592233       0.782059       0.075725
        6.052631      10.233529       1.151932       0.142395      44.068481      44.091469       0.781580       0.073853
        6.118421      10.231822       1.151932       0.145569      42.556763      42.549863       0.781126       0.072085
        6.184211      10.230164       1.151932       0.148743      41.036011      41.051835       0.780666       0.070285
        6.250000      10.228554       1.151932       0.151794      39.547852      39.525985       0.780223       0.068555
        6.315790      10.226989       1.151932       0.154846      38.046631      38.020535       0.779780       0.066817
        6.381579      10.225469       1.151932       0.158020      36.543701      36.577502       0.779349       0.065132
        6.447368      10.223991       1.151932       0.160950      35.083374      35.062135       0.778931       0.063496
        6.513158      10.222554       1.151932       0.164001      33.618286      33.602473       0.778526       0.061913
        6.578948      10.221156       1.151932       0.166931      32.144409      32.132971       0.778107       0.060265
        6.644737      10.219797       1.151932       0.169861      30.696899      30.676748       0.777713       0.058724
        6.710526      10.218473       1.151932       0.172791      29.248413      29.238497       0.777322       0.057189
        6.776316      10.217186       1.151932       0.175720      27.799072      27.797413       0.776937       0.055678
        6.842105      10.215932       1.151932       0.178528      26.366943      26.357683       0.776543       0.054124
        6.907895      10.214711       1.151932       0.181702      24.931763      24.946814       0.776132       0.052500
        6.973684      10.213522       1.151932       0.184814      23.515015      23.515019       0.775689       0.050736
        7.039473      10.212363       1.151932       0.188049      22.190796      22.198048       0.775219       0.048853
        7.105263      10.211234       1.151932       0.191223      20.967773      20.946596       0.774753       0.046986
        7.171053      10.210134       1.151932       0.194519      19.754883      19.753061       0.774268       0.045038
        7.236842      10.209062       1.151932       0.197693      18.589355      18.584605       0.773781       0.043078
        7.302632      10.208016       1.151932       0.200989      17.460938      17.431492       0.773293       0.041112
        7.368421      10.206996       1.151932       0.204895      16.398804      16.395326       0.772684       0.038633
        7.434211      10.206001       1.151932       0.209290      15.397583      15.393569       0.772023       0.035929
        7.500000      10.205030       1.151932       0.213806      14.459106      14.434906       0.771335       0.033113
