        0.065789       0.996956       0.003037       0.003037       0.000000       0.000000       0.000000       0.000000       0.000000       0.000000       0.000000       0.000000       0.000000       0.000000       0.000000       0.000000
        0.131579       0.992058       0.007948       0.007948       0.000000       0.000000       0.000000       0.000000       0.000000       0.000000       0.000000       0.000000       0.000000       0.000000       0.000000       0.000000
        0.197368       0.986595       0.013401       0.013401       0.000000       0.000000       0.000000       0.000000       0.000000       0.000000       0.000000       0.000000       0.000000       0.000000       0.000000       0.000000
        0.263158       0.981178       0.018821       0.018821       0.000000       0.000000       0.000000       0.000000       0.000000       0.000000       0.000000       0.000000       0.000000       0.000000       0.000000       0.000000
        0.328947       0.976067       0.023935       0.023935       0.000000       0.000000       0.000000       0.000000       0.000000       0.000000       0.000000       0.000000       0.000000       0.000000       0.000000       0.000000
        0.394737       0.971367       0.028627       0.028627       0.000000       0.000000       0.000000       0.000000       0.000000       0.000000       0.000000       0.000000       0.000000       0.000000       0.000000       0.000000
        0.460526       0.967125       0.032869       0.032869       0.000000       0.000000       0.000000       0.000000       0.000000       0.000000       0.000000       0.000000       0.000000       0.000000       0.000000       0.000000
        0.526316       0.963326       0.036677       0.036677       0.000000       0.000000       0.000000       0.000000       0.000000       0.000000       0.000000       0.000000       0.000000       0.000000       0.000000       0.000000
        0.592105       0.959923       0.040085       0.040085       0.000000       0.000000       0.000000       0.000000       0.000000       0.000000       0.000000       0.000000       0.000000       0.000000       0.000000       0.000000
        0.657895       0.956856       0.043139       0.043139       0.000000       0.000000       0.000000       0.000000       0.000000       0.000000       0.000000       0.000000       0.000000       0.000000       0.000000       0.000000
        0.723684       0.954109       0.045887       0.045887       0.000000       0.000000       0.000000       0.000000       0.000000       0.000000       0.000000       0.000000       0.000000       0.000000       0.000000       0.000000
        0.789474       0.950996       0.049001       0.048133       0.000868       0.000000       0.000000       0.000000       0.000000       0.000000       0.000000       0.000000       0.000000       0.000000       0.000000       0.000000
        0.855263       0.947533       0.052469       0.049905       0.002564       0.000000       0.000000       0.000000       0.000000       0.000000       0.000000       0.000000       0.000000       0.000000       0.000000       0.000000
        0.921053       0.944130       0.055862       0.051409       0.004454       0.000000       0.000000       0.000000       0.000000       0.000000       0.000000       0.000000       0.000000       0.000000       0.000000       0.000000
        0.986842       0.940895       0.059107       0.052722       0.006384       0.000000       0.000000       0.000000       0.000000       0.000000       0.000000       0.000000       0.000000       0.000000       0.000000       0.000000
        1.052632       0.937813       0.062182       0.053893       0.008290       0.000000       0.000000       0.000000       0.000000       0.000000       0.000000       0.000000       0.000000       0.000000       0.000000       0.000000
        1.118421       0.934898       0.065099       0.054955       0.010143       0.000000       0.000000       0.000000       0.000000       0.000000       0.000000       0.000000       0.000000       0.000000       0.000000       0.000000
        1.184211       0.932137       0.067869       0.055934       0.011934       0.000000       0.000000       0.000000       0.000000       0.000000       0.000000       0.000000       0.000000       0.000000       0.000000       0.000000
        1.250000       0.929497       0.070503       0.056845       0.013657       0.000000       0.000000       0.000000       0.000000       0.000000       0.000000       0.000000       0.000000       0.000000       0.000000       0.000000
        1.315789       0.926979       0.073017       0.057703       0.015314       0.000000       0.000000       0.000000       0.000000       0.000000       0.000000       0.000000       0.000000       0.000000       0.000000       0.000000
        1.381579       0.924568       0.075424       0.058517       0.016907       0.000000       0.000000       0.000000       0.000000       0.000000       0.000000       0.000000       0.000000       0.000000       0.000000       0.000000
        1.447368       0.922264       0.077734       0.059294       0.018440       0.000000       0.000000       0.000000       0.000000       0.000000       0.000000       0.000000       0.000000       0.000000       0.000000       0.000000
        1.513158       0.920052       0.079954       0.060039       0.019915       0.000000       0.000000       0.000000       0.000000       0.000000       0.000000       0.000000       0.000000       0.000000       0.000000       0.000000
        1.578947       0.917915       0.082086       0.060754       0.021333       0.000000       0.000000       0.000000       0.000000       0.000000       0.000000       0.000000       0.000000       0.000000       0.000000       0.000000
        1.644737       0.915855       0.084136       0.061440       0.022697       0.000000       0.000000       0.000000       0.000000       0.000000       0.000000       0.000000       0.000000       0.000000       0.000000       0.000000
        1.710526       0.910439       0.087361       0.061555       0.023613       0.000000       0.000000       0.000000       0.000000       0.000000       0.000000       0.000000       0.000000       0.000000       0.002192       0.000000
        1.776316       0.881416       0.099050       0.057832       0.021694       0.000000       0.000000       0.000000       0.000000       0.000000       0.000000       0.000000       0.000000       0.000000       0.019524       0.000000
        1.842105       0.850655       0.111261       0.053726       0.019456       0.000000       0.000000       0.000000       0.000000       0.000000       0.000000       0.000000       0.000000       0.000000       0.038080       0.000000
        1.907895       0.820900       0.123005       0.049683       0.017235       0.000000       0.000000       0.000000       0.000000       0.000000       0.000000       0.000000       0.000000       0.000000       0.056084       0.000000
        1.973684       0.792900       0.134026       0.045817       0.015121       0.000000       0.000000       0.000000       0.000000       0.000000       0.000000       0.000000       0.000000       0.000000       0.073086       0.000000
        2.039474       0.766792       0.144261       0.042174       0.013150       0.000000       0.000000       0.000000       0.000000       0.000000       0.000000       0.000000       0.000000       0.000000       0.088940       0.000000
        2.105263       0.742668       0.153714       0.038768       0.011338       0.000000       0.000000       0.000000       0.000000       0.000000       0.000000       0.000000       0.000000       0.000000       0.103606       0.000000
        2.171053       0.720467       0.162411       0.035604       0.009690       0.000000       0.000000       0.000000       0.000000       0.000000       0.000000       0.000000       0.000000       0.000000       0.117113       0.000000
        2.236842       0.700111       0.170387       0.032681       0.008205       0.000000       0.000000       0.000000       0.000000       0.000000       0.000000       0.000000       0.000000       0.000000       0.129504       0.000000
        2.302632       0.681480       0.177697       0.029989       0.006877       0.000000       0.000000       0.000000       0.000000       0.000000       0.000000       0.000000       0.000000       0.000000       0.140826       0.000000
        2.368421       0.664268       0.184273       0.027516       0.005698       0.000413       0.000000       0.000000       0.000000       0.000000       0.000000       0.000000       0.000000       0.000000       0.151054       0.000000
        2.434211       0.646263       0.188489       0.025219       0.004643       0.006625       0.000000       0.000000       0.000000       0.000000       0.000000       0.000000       0.000000       0.000000       0.158624       0.000000
        2.500000       0.628746       0.191583       0.023115       0.003719       0.014932       0.000000       0.000000       0.000000       0.000000       0.000000       0.000000       0.000000       0.000000       0.164742       0.000000
        2.565789       0.612007       0.193966       0.021198       0.002921       0.024189       0.000000       0.000000       0.000000       0.000000       0.000000       0.000000       0.000000       0.000000       0.169848       0.000000
        2.631579       0.596092       0.195803       0.019453       0.002238       0.034005       0.000000       0.000000       0.000000       0.000000       0.000000       0.000000       0.000000       0.000000       0.174118       0.000000
        2.697368       0.580956       0.197201       0.017868       0.001661       0.044176       0.000000       0.000000       0.000000       0.000000       0.000000       0.000000       0.000000       0.000000       0.177677       0.000000
        2.763158       0.566612       0.198234       0.016429       0.001181       0.054559       0.000000       0.000000       0.000000       0.000000       0.000000       0.000000       0.000000       0.000000       0.180617       0.000000
        2.828947       0.552956       0.198937       0.015123       0.000788       0.065077       0.000000       0.000000       0.000000       0.000000       0.000000       0.000000       0.000000       0.000000       0.183030       0.000000
        2.894737       0.539955       0.199377       0.013938       0.000476       0.075688       0.000000       0.000000       0.000000       0.000000       0.000000       0.000000       0.000000       0.000000       0.184967       0.000000
        2.960526       0.527626       0.199586       0.012863       0.000239       0.086297       0.000000       0.000000       0.000000       0.000000       0.000000       0.000000       0.000000       0.000000       0.186484       0.000000
        3.026316       0.515862       0.199596       0.011886       0.000075       0.096919       0.000000       0.000000       0.000000       0.000000       0.000000       0.000000       0.000000       0.000000       0.187639       0.000000
        3.092105       0.504631       0.199426       0.010998       0.000000       0.107487       0.000000       0.000000       0.000000       0.000000       0.000000       0.000000       0.000000       0.000000       0.188437       0.000000
        3.157895       0.493935       0.199125       0.010189       0.000000       0.118006       0.000000       0.000000       0.000000       0.000000       0.000000       0.000000       0.000000       0.000000       0.188942       0.000000
        3.223684       0.483681       0.198666       0.009456       0.000000       0.128458       0.000000       0.000000       0.000000       0.000000       0.000000       0.000000       0.000000       0.000000       0.189217       0.000000
        3.289474       0.473869       0.198067       0.008791       0.000000       0.138797       0.000000       0.000000       0.000000       0.000000       0.000000       0.000000       0.000000       0.000000       0.189279       0.000000
        3.355263       0.464455       0.197346       0.008187       0.000000       0.149042       0.000000       0.000000       0.000000       0.000000       0.000000       0.000000       0.000000       0.000000       0.189169       0.000000
        3.421053       0.455406       0.196521       0.007637       0.000000       0.159189       0.000000       0.000000       0.000000       0.000000       0.000000       0.000000       0.000000       0.000000       0.188891       0.000000
        3.486842       0.446709       0.195597       0.007136       0.000000       0.169204       0.000000       0.000000       0.000000       0.000000       0.000000       0.000000       0.000000       0.000000       0.188467       0.000000
        3.552631       0.438377       0.194602       0.006680       0.000000       0.179076       0.000000       0.000000       0.000000       0.000000       0.000000       0.000000       0.000000       0.000000       0.187919       0.000000
        3.618421       0.430336       0.193531       0.006264       0.000000       0.188855       0.000000       0.000000       0.000000       0.000000       0.000000       0.000000       0.000000       0.000000       0.187276       0.000000
        3.684211       0.422585       0.192398       0.005883       0.000000       0.198512       0.000000       0.000000       0.000000       0.000000       0.000000       0.000000       0.000000       0.000000       0.186521       0.000000
        3.750000       0.415123       0.191212       0.005534       0.000000       0.208015       0.000000       0.000000       0.000000       0.000000       0.000000       0.000000       0.000000       0.000000       0.185676       0.000000
        3.815789       0.407936       0.189968       0.005216       0.000000       0.217360       0.000000       0.000000       0.000000       0.000000       0.000000       0.000000       0.000000       0.000000       0.184758       0.000000
        3.881579       0.400963       0.188678       0.004923       0.000000       0.226597       0.000000       0.000000       0.000000       0.000000       0.000000       0.000000       0.000000       0.000000       0.183764       0.000000
        3.947368       0.394173       0.187336       0.004653       0.000000       0.235642       0.000000       0.000000       0.000000       0.000000       0.000000       0.000000       0.000000       0.000189       0.182673       0.000000
        4.013158       0.387245       0.185814       0.004402       0.000000       0.244469       0.000000       0.000000       0.000000       0.000000       0.000000       0.000000       0.000000       0.001046       0.181419       0.000000
        4.078948       0.380363       0.184212       0.004167       0.000000       0.253143       0.000000       0.000000       0.000000       0.000000       0.000000       0.000000       0.000000       0.002210       0.180047       0.000000
        4.144737       0.373650       0.182569       0.003949       0.000000       0.261645       0.000000       0.000000       0.000000       0.000000       0.000016       0.000000       0.000000       0.003536       0.178602       0.000000
        4.210526       0.367638       0.181689       0.003710       0.000000       0.267871       0.000000       0.000000       0.000000       0.000000       0.001947       0.000000       0.000000       0.004836       0.176046       0.000000
        4.276316       0.361946       0.181073       0.003473       0.000000       0.273249       0.000000       0.000000       0.000000       0.000000       0.004515       0.000000       0.000000       0.006137       0.173081       0.000000
        4.342105       0.356529       0.180565       0.003249       0.000000       0.278203       0.000000       0.000000       0.000000       0.000000       0.007314       0.000000       0.000000       0.007423       0.169999       0.000000
        4.407895       0.351234       0.180091       0.003037       0.000000       0.282885       0.000000       0.000000       0.000000       0.000000       0.010225       0.000000       0.000000       0.008706       0.166828       0.000000
        4.473684       0.346153       0.179669       0.002839       0.000000       0.287341       0.000000       0.000000       0.000000       0.000000       0.013218       0.000000       0.000000       0.009955       0.163625       0.000000
        4.539474       0.341316       0.179316       0.002653       0.000000       0.291575       0.000000       0.000000       0.000000       0.000000       0.016212       0.000000       0.000000       0.011171       0.160452       0.000000
        4.605263       0.336571       0.178964       0.002479       0.000000       0.295668       0.000000       0.000000       0.000000       0.000000       0.019242       0.000000       0.000000       0.012354       0.157242       0.000000
        4.671053       0.332008       0.178635       0.002317       0.000000       0.299571       0.000000       0.000000       0.000000       0.000000       0.022273       0.000000       0.000000       0.013484       0.154063       0.000000
        4.736842       0.327568       0.178340       0.002164       0.000000       0.303376       0.000000       0.000000       0.000000       0.000000       0.025290       0.000000       0.000000       0.014584       0.150884       0.000000
        4.802631       0.323235       0.178041       0.002020       0.000000       0.307052       0.000000       0.000000       0.000000       0.000000       0.028308       0.000000       0.000000       0.015636       0.147722       0.000000
        4.868421       0.319084       0.177791       0.001887       0.000000       0.310606       0.000000       0.000000       0.000000       0.000000       0.031292       0.000000       0.000000       0.016642       0.144614       0.000000
        4.934211       0.315041       0.177549       0.001761       0.000000       0.314065       0.000000       0.000000       0.000000       0.000000       0.034288       0.000000       0.000000       0.017590       0.141505       0.000000
        5.000000       0.311150       0.177316       0.001645       0.000000       0.317339       0.000000       0.000000       0.000000       0.000000       0.037193       0.000000       0.000000       0.018493       0.138495       0.000000
        5.065790       0.307396       0.177132       0.001535       0.000000       0.320560       0.000000       0.000000       0.000000       0.000000       0.040062       0.000000       0.000000       0.019362       0.135524       0.000000
        5.131579       0.303673       0.176929       0.001432       0.000000       0.323716       0.000000       0.000000       0.000000       0.000000       0.042973       0.000000       0.000000       0.020168       0.132513       0.000000
        5.197368       0.300117       0.176752       0.001336       0.000000       0.326748       0.000000       0.000000       0.000000       0.000000       0.045780       0.000000       0.000000       0.020953       0.129650       0.000000
        5.263158       0.296623       0.176603       0.001245       0.000000       0.329763       0.000000       0.000000       0.000000       0.000000       0.048622       0.000000       0.000000       0.021680       0.126734       0.000000
        5.328948       0.293236       0.176445       0.001161       0.000000       0.332627       0.000000       0.000000       0.000000       0.000000       0.051357       0.000000       0.000000       0.022374       0.123927       0.000000
        5.394737       0.289925       0.176314       0.001081       0.000000       0.335473       0.000000       0.000000       0.000000       0.000000       0.054130       0.000000       0.000000       0.023013       0.121101       0.000000
        5.460526       0.286751       0.176205       0.001007       0.000000       0.338206       0.000000       0.000000       0.000000       0.000000       0.056814       0.000000       0.000000       0.023625       0.118391       0.000000
        5.526316       0.283623       0.176095       0.000937       0.000000       0.340884       0.000000       0.000000       0.000000       0.000000       0.059471       0.000000       0.000000       0.024197       0.115696       0.000000
        5.592105       0.280617       0.176022       0.000872       0.000000       0.343493       0.000000       0.000000       0.000000       0.000000       0.062083       0.000000       0.000000       0.024730       0.113058       0.000000
        5.657895       0.277702       0.175958       0.000811       0.000000       0.346019       0.000000       0.000000       0.000000       0.000000       0.064675       0.000000       0.000000       0.025219       0.110472       0.000000
        5.723684       0.274818       0.175889       0.000753       0.000000       0.348500       0.000000       0.000000       0.000000       0.000000       0.067238       0.000000       0.000000       0.025672       0.107898       0.000000
        5.789474       0.271980       0.175822       0.000699       0.000000       0.350936       0.000000       0.000000       0.000000       0.000000       0.069756       0.000000       0.000000       0.026103       0.105369       0.000000
        5.855263       0.269295       0.175798       0.000649       0.000000       0.353284       0.000000       0.000000       0.000000       0.000000       0.072198       0.000000       0.000000       0.026510       0.102954       0.000000
        5.921053       0.266594       0.175753       0.000601       0.000000       0.355604       0.000000       0.000000       0.000000       0.000000       0.074634       0.000000       0.000000       0.026879       0.100517       0.000000
        5.986842       0.263985       0.175739       0.000556       0.000000       0.357893       0.000000       0.000000       0.000000       0.000000       0.077061       0.000000       0.000000       0.027217       0.098129       0.000000
        6.052631       0.261436       0.175725       0.000515       0.000000       0.360083       0.000000       0.000000       0.000000       0.000000       0.079402       0.000000       0.000000       0.027527       0.095798       0.000000
        6.118421       0.258995       0.175729       0.000476       0.000000       0.362196       0.000000       0.000000       0.000000       0.000000       0.081733       0.000000       0.000000       0.027796       0.093529       0.000000
        6.184211       0.256584       0.175751       0.000440       0.000000       0.364325       0.000000       0.000000       0.000000       0.000000       0.084037       0.000000       0.000000       0.028058       0.091292       0.000000
        6.250000       0.254066       0.175650       0.000406       0.000000       0.366378       0.000000       0.000000       0.000000       0.000000       0.086304       0.000000       0.000166       0.028314       0.089108       0.000000
        6.315790       0.251549       0.175466       0.000375       0.000000       0.368322       0.000000       0.000000       0.000000       0.000000       0.088554       0.000000       0.000507       0.028555       0.087026       0.000000
        6.381579       0.249046       0.175234       0.000346       0.000000       0.370216       0.000000       0.000000       0.000000       0.000000       0.090838       0.000000       0.000935       0.028773       0.085006       0.000000
        6.447368       0.246513       0.174956       0.000319       0.000000       0.372061       0.000000       0.000000       0.000000       0.000000       0.093018       0.000000       0.001440       0.028996       0.083043       0.000000
        6.513158       0.244057       0.174663       0.000295       0.000000       0.373816       0.000000       0.000000       0.000000       0.000000       0.095207       0.000000       0.001977       0.029184       0.081146       0.000000
        6.578948       0.241570       0.174343       0.000271       0.000000       0.375570       0.000000       0.000000       0.000000       0.000000       0.097387       0.000000       0.002559       0.029354       0.079249       0.000000
        6.644737       0.239128       0.173967       0.000250       0.000000       0.377154       0.000000       0.000000       0.000000       0.000152       0.099420       0.000000       0.003157       0.029518       0.077471       0.000000
        6.710526       0.236809       0.173448       0.000233       0.000000       0.378235       0.000000       0.000000       0.000000       0.001073       0.100962       0.000000       0.003731       0.029697       0.075997       0.000000
        6.776316       0.234383       0.172827       0.000216       0.000000       0.379256       0.000000       0.000000       0.000000       0.002406       0.102424       0.000000       0.004328       0.029862       0.074520       0.000000
        6.842105       0.232109       0.172185       0.000202       0.000000       0.380052       0.000000       0.000000       0.000000       0.003852       0.103637       0.000000       0.004914       0.030049       0.073252       0.000000
        6.907895       0.229820       0.171500       0.000189       0.000000       0.380764       0.000000       0.000000       0.000000       0.005470       0.104822       0.000000       0.005490       0.030195       0.071969       0.000000
        6.973684       0.227577       0.170797       0.000177       0.000000       0.381411       0.000000       0.000000       0.000000       0.007181       0.105928       0.000000       0.006063       0.030334       0.070748       0.000000
        7.039473       0.225441       0.170094       0.000166       0.000000       0.381924       0.000000       0.000000       0.000000       0.008903       0.106936       0.000000       0.006614       0.030468       0.069628       0.000000
        7.105263       0.223259       0.169364       0.000155       0.000000       0.382467       0.000000       0.000000       0.000000       0.010748       0.107917       0.000000       0.007181       0.030592       0.068489       0.000000
        7.171053       0.221230       0.168675       0.000146       0.000000       0.382883       0.000000       0.000000       0.000000       0.012558       0.108810       0.000000       0.007714       0.030700       0.067436       0.000000
        7.236842       0.219170       0.167957       0.000137       0.000000       0.383294       0.000000       0.000000       0.000000       0.014439       0.109669       0.000000       0.008252       0.030796       0.066379       0.000000
        7.302632       0.217140       0.167236       0.000128       0.000000       0.383702       0.000000       0.000000       0.000000       0.016364       0.110516       0.000000       0.008789       0.030892       0.065359       0.000000
        7.368421       0.215218       0.166537       0.000121       0.000000       0.384008       0.000000       0.000000       0.000000       0.018248       0.111314       0.000000       0.009286       0.030958       0.064381       0.000000
        7.434211       0.213295       0.165843       0.000113       0.000000       0.384355       0.000000       0.000000       0.000000       0.020217       0.112127       0.000001       0.009792       0.031025       0.063409       0.000000
        7.500000       0.211388       0.165038       0.000107       0.000000       0.384583       0.000000       0.000000       0.000000       0.022061       0.112928       0.000134       0.010266       0.031099       0.062565       0.000000
