   dentity  pressure  energy
   0.100000E-01   0.114375E-01   0.941885E+01
   0.200000E-01   0.289499E-01   0.188590E+02
   0.300000E-01   0.661772E-01   0.283135E+02
   0.400000E-01   0.141844E+00   0.377833E+02
   0.500000E-01   0.267473E+00   0.472690E+02
   0.600000E-01   0.443495E+00   0.567708E+02
   0.700000E-01   0.661017E+00   0.662901E+02
   0.800000E-01   0.906473E+00   0.758275E+02
   0.900000E-01   0.116655E+01   0.853823E+02
   0.100000E+00   0.143171E+01   0.949547E+02
   0.110000E+00   0.169831E+01   0.104548E+03
   0.120000E+00   0.196303E+01   0.114162E+03
   0.130000E+00   0.223265E+01   0.123799E+03
   0.140000E+00   0.252213E+01   0.133459E+03
   0.150000E+00   0.284730E+01   0.143148E+03
   0.160000E+00   0.322479E+01   0.152867E+03
   0.170000E+00   0.367276E+01   0.162621E+03
   0.180000E+00   0.420947E+01   0.172415E+03
   0.190000E+00   0.485271E+01   0.182250E+03
   0.200000E+00   0.562041E+01   0.192133E+03
   0.210000E+00   0.652941E+01   0.202068E+03
   0.220000E+00   0.759604E+01   0.212064E+03
   0.230000E+00   0.883502E+01   0.222123E+03
   0.240000E+00   0.102596E+02   0.232248E+03
   0.250000E+00   0.118823E+02   0.242444E+03
   0.260000E+00   0.135789E+02   0.252723E+03
   0.270000E+00   0.144862E+02   0.263057E+03
   0.280000E+00   0.154102E+02   0.273428E+03
   0.290000E+00   0.164784E+02   0.283842E+03
   0.300000E+00   0.177403E+02   0.294300E+03
   0.310000E+00   0.192298E+02   0.304808E+03
   0.320000E+00   0.209731E+02   0.315375E+03
   0.330000E+00   0.229872E+02   0.326008E+03
   0.340000E+00   0.252895E+02   0.336712E+03
   0.350000E+00   0.278900E+02   0.347487E+03
   0.360000E+00   0.307710E+02   0.358352E+03
   0.370000E+00   0.335511E+02   0.369301E+03
   0.380000E+00   0.364184E+02   0.380325E+03
   0.390000E+00   0.394298E+02   0.391432E+03
   0.400000E+00   0.426037E+02   0.402622E+03
   0.410000E+00   0.459400E+02   0.413897E+03
   0.420000E+00   0.494392E+02   0.425251E+03
   0.430000E+00   0.531016E+02   0.436692E+03
   0.440000E+00   0.569313E+02   0.448236E+03
   0.450000E+00   0.609130E+02   0.459852E+03
   0.460000E+00   0.650552E+02   0.471575E+03
   0.470000E+00   0.693508E+02   0.483380E+03
   0.480000E+00   0.737944E+02   0.495285E+03
   0.490000E+00   0.783862E+02   0.507293E+03
   0.500000E+00   0.831180E+02   0.519382E+03
   0.510000E+00   0.879887E+02   0.531573E+03
   0.520000E+00   0.930007E+02   0.543871E+03
   0.530000E+00   0.981433E+02   0.556256E+03
   0.540000E+00   0.103412E+03   0.568726E+03
   0.550000E+00   0.108815E+03   0.581323E+03
   0.560000E+00   0.114352E+03   0.594028E+03
   0.570000E+00   0.120009E+03   0.606816E+03
   0.580000E+00   0.125790E+03   0.619695E+03
   0.590000E+00   0.131698E+03   0.632691E+03
   0.600000E+00   0.137705E+03   0.645768E+03
   0.610000E+00   0.143791E+03   0.658955E+03
   0.620000E+00   0.149974E+03   0.672252E+03
   0.630000E+00   0.156267E+03   0.685662E+03
   0.640000E+00   0.162429E+03   0.699134E+03
   0.650000E+00   0.168625E+03   0.712719E+03
   0.660000E+00   0.174877E+03   0.726388E+03
   0.670000E+00   0.181218E+03   0.740168E+03
   0.680000E+00   0.187644E+03   0.754054E+03
   0.690000E+00   0.194141E+03   0.768004E+03
   0.700000E+00   0.200743E+03   0.782079E+03
   0.710000E+00   0.207416E+03   0.796211E+03
   0.720000E+00   0.214194E+03   0.810469E+03
   0.730000E+00   0.221076E+03   0.824839E+03
   0.740000E+00   0.228034E+03   0.839286E+03
   0.750000E+00   0.235102E+03   0.853867E+03
   0.760000E+00   0.242221E+03   0.868418E+03
   0.770000E+00   0.249454E+03   0.883118E+03
   0.780000E+00   0.256786E+03   0.897952E+03
   0.790000E+00   0.264211E+03   0.912851E+03
   0.800000E+00   0.271736E+03   0.927908E+03
   0.810000E+00   0.279341E+03   0.942966E+03
   0.820000E+00   0.287054E+03   0.958207E+03
   0.830000E+00   0.294838E+03   0.973477E+03
   0.840000E+00   0.302727E+03   0.988859E+03
   0.850000E+00   0.310709E+03   0.100433E+04
   0.860000E+00   0.318765E+03   0.101988E+04
   0.870000E+00   0.326946E+03   0.103556E+04
   0.880000E+00   0.335222E+03   0.105134E+04
   0.890000E+00   0.343566E+03   0.106716E+04
   0.900000E+00   0.352022E+03   0.108311E+04
   0.910000E+00   0.360588E+03   0.109922E+04
   0.920000E+00   0.369203E+03   0.111530E+04
   0.930000E+00   0.377909E+03   0.113147E+04
   0.940000E+00   0.386745E+03   0.114784E+04
   0.950000E+00   0.395661E+03   0.116428E+04
   0.960000E+00   0.404607E+03   0.118077E+04
   0.970000E+00   0.413658E+03   0.119743E+04
   0.980000E+00   0.422781E+03   0.121412E+04
   0.990000E+00   0.431968E+03   0.123089E+04
   0.100000E+01   0.441279E+03   0.124781E+04
   0.101000E+01   0.450582E+03   0.126470E+04
   0.102000E+01   0.459822E+03   0.128159E+04
   0.103000E+01   0.469217E+03   0.129899E+04
   0.104000E+01   0.478589E+03   0.131618E+04
   0.105000E+01   0.488027E+03   0.133355E+04
   0.106000E+01   0.497600E+03   0.135110E+04
   0.107000E+01   0.507110E+03   0.136847E+04
   0.108000E+01   0.516830E+03   0.138622E+04
   0.109000E+01   0.526512E+03   0.140377E+04
   0.110000E+01   0.536341E+03   0.142155E+04
   0.111000E+01   0.546235E+03   0.143950E+04
   0.112000E+01   0.556241E+03   0.145742E+04
   0.113000E+01   0.566269E+03   0.147556E+04
   0.114000E+01   0.576406E+03   0.149365E+04
