   9.9999997764825821E-003   16790984624809.703        8.0398398146558248E-002   41.526769999999999     
   1.9999999552965164E-002   33619981086403.883        6.6745828553885930E-002   37.220320000000001     
   2.9999999329447746E-002   50474466637576.258        5.3946285301956526E-002   29.705950000000001     
   3.9999999105930328E-002   67356269484344.031        5.6195270243406516E-002   20.459800000000001     
   4.9999997019767761E-002   84266458709616.781        7.7292468114841487E-002   16.003240000000002     
   5.9999998658895493E-002   101205349841336.56       0.10785344074990587        14.379690000000000     
   7.0000000298023224E-002   118175407709544.88       0.14172442482313613        13.762330000000000     
   7.9999998211860657E-002   135177634579469.41       0.17479624644344330        13.507700000000000     
   8.9999996125698090E-002   152211065306816.81       0.20467734579014760        13.388120000000001     
   9.9999994039535522E-002   169275707315774.03       0.23048542659029070        13.318370000000000     
  0.10999999940395355        186377202988363.66       0.25243824762796280        13.265790000000001     
  0.11999999731779099        203516250198151.69       0.27090816085526670        13.218540000000001     
  0.12999999523162842        220696085890614.34       0.28692957679607423        13.170970000000001     
  0.14000000059604645        237917259455580.12       0.30176322021998869        13.119270000000000     
  0.14999999105930328        255190565660760.88       0.31641876871373570        13.060990000000000     
  0.15999999642372131        272515291784216.81       0.33175748232624697        12.994640000000000     
  0.17000000178813934        289904222275741.62       0.34861051745681892        12.919820000000000     
  0.17999999225139618        307364187387257.38       0.36778207880604280        12.837850000000000     
  0.18999999761581421        324896493775653.62       0.39004461068869228        12.752030000000000     
  0.19999998807907104        342515128608997.06       0.41613828716023871        12.667090000000000     
  0.20999999344348907        360227219106684.88       0.44667756001708941        12.588520000000001     
  0.21999999880790710        378046306985571.50       0.48211881497558617        12.521400000000000     
  0.22999998927116394        395978539472386.94       0.52268815088395415        12.469530000000001     
  0.23999999463558197        414027747447557.12       0.56837488118670054        12.434860000000000     
  0.25000000000000000        432205067191389.94       0.61897052342081749        12.417510000000000     
  0.25999999046325684        450528880990580.50       0.66982114572490759        12.415350000000000     
  0.26999998092651367        468951941319875.56       0.69511451232401567        12.417410000000000     
  0.28000000119209290        487440126616411.44       0.71853416428453676        12.418580000000000     
  0.28999999165534973        506005671940153.25       0.74328575428340049        12.417870000000001     
  0.29999998211860657        524648696078091.00       0.77028085189855033        12.414619999999999     
  0.31000000238418579        543381285606452.06       0.79999856973274763        12.408500000000000     
  0.31999999284744263        562219536162375.12       0.83273159822187015        12.399660000000001     
  0.32999998331069946        581174732509905.25       0.86858107944523155        12.388650000000000     
  0.34000000357627869        600255783673289.25       0.90760905144371318        12.376280000000000     
  0.34999999403953552        619464293276891.00       0.94969232215947186        12.363440000000001     
  0.35999998450279236        638833284103917.25       0.99420028727787624        12.351010000000000     
  0.37000000476837158        658352243505757.25        1.0349928938526649        12.340579999999999     
  0.37999999523162842        678006085534687.25        1.0747211906734295        12.330719999999999     
  0.38999998569488525        697805085265338.00        1.1140285773701255        12.320819999999999     
  0.39999997615814209        717753875390317.50        1.1530015348285343        12.310549999999999     
  0.40999999642372131        737853762566515.25        1.1914985602654633        12.299730000000000     
  0.41999998688697815        758094887473765.50        1.2294042999429455        12.288230000000000     
  0.42999997735023499        778490494861447.50        1.2666178518542279        12.275940000000000     
  0.43999999761581421        799069687542099.62        1.3030894492440188        12.262770000000000     
  0.44999998807907104        819777526532869.25        1.3386031874387787        12.248720000000000     
  0.45999997854232788        840677325299400.50        1.3731815537957479        12.233730000000000     
  0.46999999880790710        861721034504257.88        1.4067227995390987        12.217800000000000     
  0.47999998927116394        882944884179376.75        1.4391618393976922        12.200950000000001     
  0.48999997973442078        904351190671061.25        1.4704850023847194        12.183180000000000     
  0.50000000000000000        925901466994567.00        1.5006359931682118        12.164540000000001     
  0.50999999046325684        947636041332982.25        1.5296184925162652        12.145060000000001     
  0.51999998092651367        969558120935035.88        1.5574590361257539        12.124760000000000     
  0.52999997138977051        991636761789845.75        1.5841198614707794        12.103710000000000     
  0.53999996185302734        1013867865746258.5        1.6096090791003299        12.081970000000000     
  0.55000001192092896        1036324664983578.9        1.6340002606679001        12.059540000000000     
  0.56000000238418579        1058973305209671.0        1.6573188614454100        12.036470000000000     
  0.56999999284744263        1081771735830092.0        1.6795380607480226        12.012840000000001     
  0.57999998331069946        1104730647673937.5        1.7007182716632636        11.988700000000000     
  0.58999997377395630        1127897436750198.2        1.7209075907745093        11.964050000000000     
  0.59999996423721313        1151210571398078.8        1.7400513674881926        11.939069999999999     
  0.61000001430511475        1174718279135500.2        1.7581415070067103        11.913860000000000     
  0.62000000476837158        1198424479933130.5        1.7752800726292313        11.888400000000001     
  0.62999999523162842        1222330005299899.5        1.7915444956180362        11.862640000000001     
  0.63999998569488525        1246346477715283.2        1.8063960201087941        11.837600000000000     
  0.64999997615814209        1270564650439604.2        1.8203211873131191        11.812630000000000     
  0.65999996662139893        1294931188114375.0        1.8334202263052943        11.787649999999999     
  0.66999995708465576        1319496693997314.5        1.8458032157631208        11.762520000000000     
  0.68000000715255737        1344252852999126.0        1.8574944137223404        11.737280000000000     
  0.68999999761581421        1369119959049552.2        1.8685073702475385        11.712000000000000     
  0.69999998807907104        1394212879167876.2        1.8789297165572787        11.686570000000000     
  0.70999997854232788        1419405342783780.0        1.8887402418869268        11.661120000000000     
  0.71999996900558472        1444823858041561.0        1.8980176059836495        11.635540000000001     
  0.72999995946884155        1470440509998581.2        1.9067815854975561        11.609859999999999     
  0.74000000953674316        1496195786372875.0        1.9150250312357691        11.584190000000000     
  0.75000000000000000        1522188280366101.5        1.9228103280733377        11.558430000000000     
  0.75999999046325684        1548128389296759.8        1.9300979661653035        11.532810000000000     
  0.76999998092651367        1574333868362969.5        1.9369783571258570        11.507099999999999     
  0.77999997138977051        1600779297148881.5        1.9434536230159281        11.481380000000000     
  0.78999996185302734        1627339355380096.5        1.9495370430518999        11.455670000000000     
  0.79999995231628418        1654181176351476.5        1.9552523970934133        11.429980000000000     
  0.81000000238418579        1681025254275665.5        1.9606014869369508        11.404370000000000     
  0.81999999284744263        1708194927339311.8        1.9656218198116613        11.378760000000000     
  0.82999998331069946        1735418173335425.8        1.9703044875482156        11.353289999999999     
  0.83999997377395630        1762839199669809.2        1.9746859501321545        11.327850000000000     
  0.84999996423721313        1790427359299054.5        1.9787731544106479        11.302490000000001     
  0.85999995470046997        1818140364054738.8        1.9825703288267358        11.277279999999999     
  0.87000000476837158        1846092249447215.2        1.9861145687299997        11.252060000000000     
  0.87999999523162842        1874224215916458.8        1.9894027809294608        11.226929999999999     
  0.88999998569488525        1902431374550341.2        1.9924367555093543        11.201980000000001     
  0.89999997615814209        1930866129056970.5        1.9952445091018214        11.177090000000000     
  0.90999996662139893        1959578963907076.5        1.9978333141560252        11.152270000000000     
  0.91999995708465576        1988239294907624.2        2.0001966319754780        11.127700000000001     
  0.93000000715255737        2017075074292330.0        2.0023572187032332        11.103249999999999     
  0.93999999761581421        2046248683876458.0        2.0043321565171115        11.078840000000000     
  0.94999998807907104        2075566025718427.0        2.0061178791618972        11.054589999999999     
  0.95999997854232788        2104953927032427.2        2.0077147218474525        11.030650000000000     
  0.96999996900558472        2134666591976955.0        2.0091450263157338        11.006810000000000     
  0.97999995946884155        2164417268758267.5        2.0104104335480266        10.983180000000001     
  0.98999994993209839        2194301937264245.0        2.0115183421749356        10.959750000000000     
   1.0000000000000000        2224476683599683.8        2.0124821107354736        10.936389999999999     
   1.0099999904632568        2254585621942689.5        2.0132959793428271        10.913430000000000     
   1.0199999809265137        2284698123895394.0        2.0139660937732535        10.890990000000000     
   1.0299999713897705        2315705804604373.5        2.0145145143262164        10.868530000000000     
   1.0399999618530273        2346354273455739.0        2.0149356740798732        10.846500000000001     
   1.0499999523162842        2377321566588134.5        2.0152408653810077        10.824660000000000     
   1.0599999427795410        2408607446427580.0        2.0154360115462149        10.802860000000001     
   1.0699999332427979        2439568562636498.0        2.0155230604061600        10.781560000000001     
   1.0799999237060547        2471209853149878.0        2.0155091185187328        10.760120000000001     
   1.0900000333786011        2502504285652600.0        2.0153984527890136        10.739110000000000     
   1.1000000238418579        2534196416997679.5        2.0151938784154719        10.718100000000000     
   1.1100000143051147        2566188841853356.0        2.0149002346596081        10.697290000000001     
   1.1200000047683716        2598134464634992.5        2.0145195620895202        10.676580000000000     
   1.1299999952316284        2630477548685006.0        2.0140592941716156        10.656129999999999     
   1.1399999856948853        2662734868528275.0        2.0135191099797525        10.635790000000000     
