        0.065789       1.150000       0.955320       0.955320
        0.131579       1.150000       0.914722       0.914722
        0.197368       1.150000       0.877788       0.877788
        0.263158       1.150000       0.844073       0.844073
        0.328947       1.150000       0.813141       0.813141
        0.394737       1.150000       0.784587       0.784587
        0.460526       1.150000       0.758048       0.758048
        0.526316       1.150000       0.733216       0.733216
        0.592105       1.150000       0.709842       0.709842
        0.657895       1.150000       0.687709       0.687709
        0.723684       1.150000       0.666653       0.666653
        0.789474       1.150000       0.646522       0.646522
        0.855263       1.150000       0.627206       0.627206
        0.921053       1.150000       0.608636       0.608636
        0.986842       1.150000       0.590755       0.590755
        1.052632       1.150000       0.573519       0.573519
        1.118421       1.150000       0.556890       0.556890
        1.184211       1.150000       0.540844       0.540844
        1.250000       1.150000       0.525370       0.525370
        1.315789       1.150000       0.510448       0.510448
        1.381579       1.150000       0.496069       0.496069
        1.447368       1.150000       0.482218       0.482218
        1.513158       1.150000       0.468890       0.468890
        1.578947       1.150000       0.456082       0.456082
        1.644737       1.150000       0.443781       0.443781
        1.710526       1.150000       0.431398       0.431398
        1.776316       1.150000       0.415471       0.415471
        1.842105       1.150000       0.399486       0.399486
        1.907895       1.150000       0.383897       0.383897
        1.973684       1.150000       0.368892       0.368892
        2.039474       1.150000       0.354499       0.354499
        2.105263       1.150000       0.340775       0.340775
        2.171053       1.150000       0.327725       0.327725
        2.236842       1.150000       0.315364       0.315364
        2.302632       1.150000       0.303682       0.303682
        2.368421       1.150000       0.292663       0.292663
        2.434211       1.150000       0.282639       0.282639
        2.500000       1.150000       0.273272       0.273272
        2.565789       1.150000       0.264417       0.264417
        2.631579       1.150000       0.256017       0.256017
        2.697368       1.150000       0.248008       0.248008
        2.763158       1.150000       0.240390       0.240390
        2.828947       1.150000       0.233098       0.233098
        2.894737       1.150000       0.226104       0.226104
        2.960526       1.150000       0.219435       0.219435
        3.026316       1.150000       0.213016       0.213016
        3.092105       1.150000       0.206852       0.206852
        3.157895       1.150000       0.200931       0.200931
        3.223684       1.150000       0.195207       0.195207
        3.289474       1.150000       0.189698       0.189698
        3.355263       1.150000       0.184368       0.184368
        3.421053       1.150000       0.179201       0.179201
        3.486842       1.150000       0.174199       0.174199
        3.552631       1.150000       0.169375       0.169375
        3.618421       1.150000       0.164667       0.164667
        3.684211       1.150000       0.160092       0.160092
        3.750000       1.150000       0.155657       0.155657
        3.815789       1.150000       0.151361       0.151361
        3.881579       1.150000       0.147149       0.147149
        3.947368       1.150000       0.143024       0.143024
        4.013158       1.150000       0.138788       0.138788
        4.078948       1.150000       0.134536       0.134536
        4.144737       1.150000       0.130357       0.130357
        4.210526       1.150000       0.126752       0.126752
        4.276316       1.150000       0.123362       0.123362
        4.342105       1.150000       0.120145       0.120145
        4.407895       1.150000       0.116974       0.116974
        4.473684       1.150000       0.113925       0.113925
        4.539474       1.150000       0.111004       0.111004
        4.605263       1.150000       0.108117       0.108117
        4.671053       1.150000       0.105341       0.105341
        4.736842       1.150000       0.102604       0.102604
        4.802631       1.150000       0.099918       0.099918
        4.868421       1.150000       0.097329       0.097329
        4.934211       1.150000       0.094801       0.094801
        5.000000       1.150000       0.092357       0.092357
        5.065790       1.150000       0.089966       0.089966
        5.131579       1.150000       0.087603       0.087603
        5.197368       1.150000       0.085300       0.085300
        5.263158       1.150000       0.083042       0.083042
        5.328948       1.150000       0.080829       0.080829
        5.394737       1.150000       0.078667       0.078667
        5.460526       1.150000       0.076569       0.076569
        5.526316       1.150000       0.074489       0.074489
        5.592105       1.150000       0.072479       0.072479
        5.657895       1.150000       0.070533       0.070533
        5.723684       1.150000       0.068593       0.068593
        5.789474       1.150000       0.066659       0.066659
        5.855263       1.150000       0.064810       0.064810
        5.921053       1.150000       0.062949       0.062949
        5.986842       1.150000       0.061138       0.061138
        6.052631       1.150000       0.059366       0.059366
        6.118421       1.150000       0.057678       0.057678
        6.184211       1.150000       0.055972       0.055972
        6.250000       1.150000       0.054156       0.054156
        6.315790       1.150000       0.052325       0.052325
        6.381579       1.150000       0.050490       0.050490
        6.447368       1.150000       0.048585       0.048585
        6.513158       1.150000       0.046744       0.046744
        6.578948       1.150000       0.044859       0.044859
        6.644737       1.150000       0.042987       0.042987
        6.710526       1.150000       0.041168       0.041168
        6.776316       1.150000       0.039235       0.039235
        6.842105       1.150000       0.037366       0.037366
        6.907895       1.150000       0.035505       0.035505
        6.973684       1.150000       0.033644       0.033644
        7.039473       1.150000       0.031859       0.031859
        7.105263       1.150000       0.029998       0.029998
        7.171053       1.150000       0.028265       0.028265
        7.236842       1.150000       0.026481       0.026481
        7.302632       1.150000       0.024690       0.024690
        7.368421       1.150000       0.022998       0.022998
        7.434211       1.150000       0.021280       0.021280
        7.500000       1.150000       0.019526       0.019526
