 dentity  pressure  energy
   0.100000E-01   0.114995E-01   0.942448E+01
   0.200000E-01   0.332530E-01   0.188708E+02
   0.300000E-01   0.882920E-01   0.283336E+02
   0.400000E-01   0.198847E+00   0.378135E+02
   0.500000E-01   0.368429E+00   0.473098E+02
   0.600000E-01   0.580877E+00   0.568222E+02
   0.700000E-01   0.809527E+00   0.663493E+02
   0.800000E-01   0.102846E+01   0.758918E+02
   0.900000E-01   0.122044E+01   0.854466E+02
   0.100000E+00   0.138028E+01   0.950177E+02
   0.110000E+00   0.151397E+01   0.104603E+03
   0.120000E+00   0.163100E+01   0.114205E+03
   0.130000E+00   0.175463E+01   0.123829E+03
   0.140000E+00   0.191039E+01   0.133474E+03
   0.150000E+00   0.212466E+01   0.143147E+03
   0.160000E+00   0.242639E+01   0.152853E+03
   0.170000E+00   0.283889E+01   0.162596E+03
   0.180000E+00   0.338854E+01   0.172384E+03
   0.190000E+00   0.409529E+01   0.182222E+03
   0.200000E+00   0.498278E+01   0.192113E+03
   0.210000E+00   0.606976E+01   0.202070E+03
   0.220000E+00   0.737332E+01   0.212096E+03
   0.230000E+00   0.890865E+01   0.222199E+03
   0.240000E+00   0.106908E+02   0.232388E+03
   0.250000E+00   0.125829E+02   0.242663E+03
   0.260000E+00   0.136638E+02   0.253005E+03
   0.270000E+00   0.148190E+02   0.263396E+03
   0.280000E+00   0.161808E+02   0.273842E+03
   0.290000E+00   0.178058E+02   0.284340E+03
   0.300000E+00   0.197264E+02   0.294910E+03
   0.310000E+00   0.219715E+02   0.305549E+03
   0.320000E+00   0.245506E+02   0.316277E+03
   0.330000E+00   0.274888E+02   0.327094E+03
   0.340000E+00   0.307762E+02   0.338007E+03
   0.350000E+00   0.344322E+02   0.349024E+03
   0.360000E+00   0.380649E+02   0.360146E+03
   0.370000E+00   0.416332E+02   0.371385E+03
   0.380000E+00   0.453233E+02   0.382707E+03
   0.390000E+00   0.491581E+02   0.394145E+03
   0.400000E+00   0.531684E+02   0.405672E+03
   0.410000E+00   0.573081E+02   0.417308E+03
   0.420000E+00   0.616122E+02   0.429053E+03
   0.430000E+00   0.660728E+02   0.440891E+03
   0.440000E+00   0.706919E+02   0.452837E+03
   0.450000E+00   0.754467E+02   0.464894E+03
   0.460000E+00   0.803459E+02   0.477052E+03
   0.470000E+00   0.853869E+02   0.489324E+03
   0.480000E+00   0.905709E+02   0.501709E+03
   0.490000E+00   0.959145E+02   0.514186E+03
   0.500000E+00   0.101351E+03   0.526792E+03
   0.510000E+00   0.106938E+03   0.539487E+03
   0.520000E+00   0.112660E+03   0.552302E+03
   0.530000E+00   0.118497E+03   0.565227E+03
   0.540000E+00   0.124440E+03   0.578277E+03
   0.550000E+00   0.130548E+03   0.591408E+03
   0.560000E+00   0.136768E+03   0.604674E+03
   0.570000E+00   0.140921E+03   0.614813E+03
   0.580000E+00   0.143424E+03   0.622401E+03
   0.590000E+00   0.145940E+03   0.630029E+03
   0.600000E+00   0.148514E+03   0.637674E+03
   0.610000E+00   0.151051E+03   0.645349E+03
   0.620000E+00   0.153734E+03   0.653135E+03
   0.630000E+00   0.156440E+03   0.660942E+03
   0.640000E+00   0.159087E+03   0.668703E+03
   0.650000E+00   0.161872E+03   0.676689E+03
   0.660000E+00   0.164580E+03   0.684512E+03
   0.670000E+00   0.167435E+03   0.692529E+03
   0.680000E+00   0.170216E+03   0.700413E+03
   0.690000E+00   0.173125E+03   0.708480E+03
   0.700000E+00   0.176106E+03   0.716568E+03
   0.710000E+00   0.179059E+03   0.724708E+03
   0.720000E+00   0.182121E+03   0.732870E+03
   0.730000E+00   0.185186E+03   0.741042E+03
   0.740000E+00   0.188275E+03   0.749263E+03
   0.750000E+00   0.191457E+03   0.757511E+03
   0.760000E+00   0.194738E+03   0.765946E+03
   0.770000E+00   0.197967E+03   0.774279E+03
   0.780000E+00   0.201384E+03   0.782773E+03
   0.790000E+00   0.204694E+03   0.791141E+03
   0.800000E+00   0.208172E+03   0.799757E+03
   0.810000E+00   0.211682E+03   0.808329E+03
   0.820000E+00   0.215147E+03   0.816778E+03
   0.830000E+00   0.218704E+03   0.825430E+03
   0.840000E+00   0.222359E+03   0.834107E+03
   0.850000E+00   0.226038E+03   0.842884E+03
   0.860000E+00   0.229800E+03   0.851638E+03
   0.870000E+00   0.233549E+03   0.860398E+03
   0.880000E+00   0.237407E+03   0.869203E+03
   0.890000E+00   0.241219E+03   0.878061E+03
   0.900000E+00   0.245155E+03   0.886968E+03
   0.910000E+00   0.249038E+03   0.895844E+03
   0.920000E+00   0.253220E+03   0.904986E+03
   0.930000E+00   0.257232E+03   0.913945E+03
   0.940000E+00   0.261258E+03   0.922940E+03
   0.950000E+00   0.265346E+03   0.931994E+03
   0.960000E+00   0.269254E+03   0.940802E+03
   0.970000E+00   0.273157E+03   0.949736E+03
   0.980000E+00   0.276982E+03   0.958441E+03
   0.990000E+00   0.281023E+03   0.967441E+03
   0.100000E+01   0.285043E+03   0.976368E+03
   0.101000E+01   0.288965E+03   0.985229E+03
   0.102000E+01   0.292642E+03   0.993892E+03
   0.103000E+01   0.295848E+03   0.100194E+04
   0.104000E+01   0.299000E+03   0.101014E+04
   0.105000E+01   0.301983E+03   0.101801E+04
   0.106000E+01   0.304777E+03   0.102581E+04
   0.107000E+01   0.307735E+03   0.103359E+04
   0.108000E+01   0.310340E+03   0.104119E+04
   0.109000E+01   0.313337E+03   0.104904E+04
   0.110000E+01   0.315877E+03   0.105646E+04
   0.111000E+01   0.318725E+03   0.106419E+04
   0.112000E+01   0.321559E+03   0.107179E+04
   0.113000E+01   0.324338E+03   0.107953E+04
   0.114000E+01   0.327086E+03   0.108706E+04
   0.115000E+01   0.330003E+03   0.109474E+04
   0.116000E+01   0.332832E+03   0.110231E+04
   0.117000E+01   0.335837E+03   0.111010E+04
   0.118000E+01   0.338864E+03   0.111776E+04
   0.119000E+01   0.341780E+03   0.112535E+04
   0.120000E+01   0.344800E+03   0.113320E+04
   0.121000E+01   0.347894E+03   0.114101E+04
   0.122000E+01   0.350928E+03   0.114876E+04
   0.123000E+01   0.354071E+03   0.115686E+04
   0.124000E+01   0.357102E+03   0.116477E+04
   0.125000E+01   0.360359E+03   0.117279E+04
   0.126000E+01   0.363470E+03   0.118078E+04
   0.127000E+01   0.366653E+03   0.118894E+04
   0.128000E+01   0.369991E+03   0.119707E+04
   0.129000E+01   0.373259E+03   0.120530E+04
   0.130000E+01   0.376532E+03   0.121331E+04
   0.131000E+01   0.379886E+03   0.122150E+04
   0.132000E+01   0.383041E+03   0.122974E+04
   0.133000E+01   0.386690E+03   0.123810E+04
   0.134000E+01   0.389949E+03   0.124638E+04
